200	15
49.8	34.8	83.7	49.8	17.5	85.9	79.6	45.3	25.0	23.5	74.2	39.3	77.3	35.7	13.0
82.1	22.7	81.0	11.4	85.4	30.8	85.3	28.7	72.0	90.8	11.8	37.6	41.2	83.2	9.6
1.7	46.0	76.1	6.0	24.4	58.7	64.6	38.6	86.0	49.1	65.2	28.7	3.0	55.8	58.6
25.5	14.2	86.8	72.5	50.1	24.0	98.0	59.5	3.9	17.9	14.2	44.0	61.2	3.4	28.1
27.9	77.0	25.1	97.3	28.0	14.7	58.5	4.1	24.4	52.8	68.4	65.0	80.9	70.2	18.3
92.5	12.5	40.2	20.6	13.7	42.9	98.1	99.1	87.9	27.6	6.3	46.6	82.5	23.5	36.4
68.2	73.8	26.4	26.9	31.8	74.2	38.7	41.2	92.3	89.4	5.4	78.2	26.1	81.1	5.1
77.3	98.7	17.9	21.8	16.5	26.7	87.6	61.0	0.5	42.7	70.2	10.7	72.6	3.8	89.4
44.1	18.1	83.2	89.5	33.0	97.8	92.1	53.7	4.9	96.0	40.0	67.0	44.3	86.2	60.4
39.7	95.2	81.5	13.7	40.6	52.3	7.4	97.2	41.8	75.3	69.7	8.8	43.3	83.4	54.4
36.8	31.5	47.2	31.3	68.1	52.6	42.5	36.0	48.6	73.9	38.0	83.4	54.7	72.6	90.9
48.8	80.0	78.3	7.3	73.7	61.8	67.9	39.3	20.4	50.4	2.5	55.6	21.1	66.3	6.9
72.9	87.3	78.2	37.5	47.7	0.7	30.4	57.2	29.6	96.7	68.4	40.7	52.2	58.7	8.3
88.4	18.2	20.1	20.7	91.7	99.6	82.6	61.6	93.0	29.4	2.9	36.1	13.6	72.4	94.4
52.3	30.0	78.5	93.9	54.3	0.5	48.6	0.4	76.0	17.9	82.5	77.5	8.5	21.6	34.5
15.1	19.8	44.1	22.2	24.1	24.1	92.5	88.0	65.5	25.7	64.5	73.3	61.7	47.5	61.0
15.5	48.8	99.2	51.7	28.0	1.0	80.8	82.6	51.9	39.6	95.1	81.3	36.1	42.3	52.1
82.3	68.7	2.8	88.2	25.5	36.3	8.8	87.5	74.3	57.7	17.5	21.3	34.8	54.8	27.3
42.3	38.4	49.4	49.5	70.0	36.8	32.4	52.1	94.6	25.2	1.0	97.9	52.1	50.0	97.0
92.6	99.0	47.3	3.3	5.9	61.2	35.7	49.1	3.8	19.0	12.9	61.1	47.1	77.0	41.2
49.5	13.6	84.4	96.7	89.8	46.4	7.4	36.8	75.8	43.3	1.9	38.1	56.8	74.5	23.1
5.5	0.4	44.7	14.3	6.9	24.6	62.6	31.0	32.3	55.7	98.8	7.0	24.4	94.4	88.0
5.9	61.7	10.3	56.2	21.0	42.8	94.5	90.7	18.5	43.6	33.9	38.8	82.9	26.7	21.4
23.4	23.4	30.0	25.0	0.7	66.5	69.0	42.7	96.5	9.5	77.6	84.3	10.1	44.1	21.3
38.8	59.7	37.4	21.2	43.8	24.5	31.0	10.2	41.9	20.2	42.4	72.3	46.0	56.0	49.1
27.4	55.1	70.0	89.7	16.2	64.3	39.4	49.2	34.4	28.7	45.1	93.6	51.2	54.9	72.1
55.1	18.0	59.9	6.2	24.9	78.0	49.0	55.7	22.6	18.1	92.0	13.9	1.5	73.1	51.9
50.8	25.5	44.6	13.7	77.3	92.4	72.0	14.9	48.3	54.1	98.4	27.5	65.1	44.2	19.7
43.3	21.3	45.8	23.5	81.4	52.5	20.8	30.9	62.0	31.7	89.7	64.3	95.5	9.0	23.7
54.0	46.4	10.4	60.6	20.2	68.6	34.7	85.3	50.9	30.5	32.7	67.6	93.5	77.3	69.9
60.8	10.0	78.1	69.5	52.6	14.8	61.9	93.9	29.4	20.3	13.6	39.8	24.3	87.7	99.8
27.9	37.0	33.0	16.0	59.6	35.4	65.7	17.0	52.5	82.1	15.4	99.6	3.3	89.6	22.4
57.7	42.6	41.2	86.3	63.5	39.5	48.0	44.7	31.3	63.6	16.1	47.1	78.7	17.7	71.5
42.7	51.3	5.0	1.1	36.0	89.4	35.5	92.8	16.9	2.8	11.4	90.8	94.0	45.8	28.5
82.2	67.3	36.8	45.2	39.1	69.2	26.6	40.2	2.0	16.6	26.4	79.3	82.4	63.4	1.4
74.6	58.4	53.4	52.5	27.8	19.1	67.0	4.0	27.0	98.7	66.1	16.0	55.4	9.3	61.2
66.1	70.2	8.6	80.2	91.5	83.5	73.3	52.1	50.5	34.1	35.9	16.2	89.8	7.0	91.6
38.0	72.2	50.6	70.0	43.2	86.0	13.7	71.6	68.4	3.5	70.5	17.6	49.8	15.8	96.9
81.1	40.7	0.0	8.4	19.2	50.4	61.8	47.6	43.6	58.6	16.0	59.8	42.5	83.5	19.6
60.2	29.2	88.8	8.4	10.7	46.8	54.5	22.2	56.9	28.5	93.0	41.4	50.7	40.0	6.7
47.5	62.0	22.1	92.0	10.1	83.5	32.4	42.1	10.7	32.5	85.7	55.2	33.7	13.3	52.9
77.7	17.9	58.2	30.7	20.1	37.5	96.9	54.2	81.6	2.2	77.3	78.4	0.0	89.5	0.3
83.6	6.2	64.1	78.6	52.4	88.4	13.6	65.7	8.0	31.2	77.6	72.2	8.3	8.5	77.2
6.0	54.0	28.4	16.0	68.4	69.7	86.3	88.3	93.6	5.3	93.9	72.6	1.9	53.2	8.5
65.9	31.8	74.8	69.6	70.2	48.9	99.7	34.1	52.5	36.6	65.3	98.2	48.1	89.7	46.0
5.0	69.7	60.1	87.5	21.0	84.4	24.4	37.2	99.3	70.3	35.1	68.3	68.8	92.2	35.7
78.7	94.8	58.1	22.1	52.3	65.9	27.1	16.2	70.1	19.4	29.4	47.7	39.4	60.6	68.8
50.0	23.2	96.8	10.1	30.1	31.7	20.3	87.4	93.6	87.2	94.1	14.8	34.1	36.6	23.3
48.1	62.4	13.7	82.5	71.6	25.8	43.1	26.1	95.8	27.3	48.1	18.5	5.5	8.0	23.7
50.1	56.6	51.4	59.3	92.6	82.0	88.4	63.9	66.0	72.7	56.7	68.8	76.3	59.8	59.8
53.7	7.1	44.6	35.4	22.3	25.7	54.3	58.1	21.9	0.9	12.8	55.5	9.2	45.7	37.8
35.8	93.5	19.1	16.0	77.8	33.8	81.1	20.1	16.6	46.9	94.0	6.9	91.1	14.3	5.5
32.0	37.2	9.2	68.4	63.6	65.7	1.6	68.1	91.1	41.1	8.9	51.1	64.4	28.9	13.8
83.7	45.7	56.5	85.0	30.2	22.5	39.1	61.8	70.6	85.5	12.6	38.6	45.9	74.1	23.6
61.0	64.0	83.9	81.1	90.3	49.1	95.4	48.1	57.7	84.8	56.1	94.5	49.0	50.0	5.7
92.4	46.4	57.6	45.9	0.3	7.0	52.9	72.8	8.3	49.3	10.5	44.8	19.5	47.9	16.9
78.4	60.0	77.6	76.7	76.6	43.5	43.3	60.2	42.8	36.2	20.9	20.0	1.5	3.0	65.3
36.3	33.9	84.9	29.8	45.3	50.6	95.4	5.3	82.0	68.3	97.3	77.8	1.0	14.4	55.5
71.5	38.4	94.3	37.7	65.6	74.2	89.2	31.7	28.9	85.4	10.1	38.7	69.0	7.0	59.3
52.8	44.9	54.1	21.1	41.3	89.2	77.0	2.6	9.4	4.0	3.2	71.6	57.6	96.2	40.8
48.1	4.6	31.2	62.5	14.6	76.6	18.5	44.4	46.2	89.9	41.1	70.3	13.5	43.4	87.0
33.1	31.3	86.0	17.9	37.9	97.4	42.1	70.0	0.3	4.8	62.4	79.9	73.6	69.9	35.4
1.9	92.8	97.3	65.6	61.4	73.2	74.4	76.0	97.2	54.3	1.5	54.9	68.5	14.2	75.6
79.7	50.4	80.4	93.3	5.6	81.3	2.9	64.1	33.7	9.2	78.8	42.8	85.5	37.9	67.7
19.9	75.2	59.5	5.5	49.9	9.1	92.5	19.0	53.8	22.3	94.6	47.3	27.1	79.5	0.7
58.7	0.7	14.6	83.3	3.6	88.1	87.4	8.7	80.7	36.6	95.9	33.5	2.1	55.2	0.2
40.0	60.3	66.0	8.4	66.0	19.8	58.0	90.1	13.1	40.8	85.8	53.6	38.5	65.6	22.4
67.2	88.5	27.2	50.2	12.5	62.2	92.8	15.7	17.0	77.5	70.9	64.1	61.4	42.5	65.0
75.5	9.8	6.7	37.1	12.2	43.0	20.9	24.6	59.4	9.0	81.1	93.3	68.6	32.6	27.7
49.6	13.0	70.9	56.6	31.6	71.1	20.3	43.5	64.4	3.8	91.6	7.5	89.6	0.3	59.2
73.5	40.2	77.6	9.8	18.8	82.1	49.8	43.4	57.5	45.7	77.0	55.4	90.0	8.3	81.4
21.6	69.4	36.9	60.9	50.4	74.0	59.2	86.0	61.8	56.1	50.6	28.0	58.9	15.8	6.3
46.9	70.6	8.8	55.7	26.7	21.8	83.0	15.5	0.6	90.2	72.8	38.8	82.7	61.0	13.7
52.3	6.1	97.0	69.3	53.7	11.6	43.9	91.1	7.9	83.6	60.3	13.1	55.7	4.6	39.2
20.3	23.4	61.3	82.6	67.4	28.7	74.5	19.8	84.9	73.0	9.2	93.7	53.1	24.2	37.8
67.1	49.5	96.7	64.5	41.6	85.1	86.0	16.4	1.3	28.3	28.6	52.2	78.7	60.6	2.2
73.9	12.8	40.6	85.8	21.7	79.8	86.0	62.3	7.4	26.3	85.1	80.4	30.4	74.1	26.8
59.1	50.4	94.4	88.8	46.2	83.5	57.0	51.4	54.0	90.0	71.6	3.8	74.3	71.5	69.2
71.4	47.7	51.5	23.8	61.7	31.4	39.2	29.1	14.9	72.0	36.0	42.7	99.9	55.3	94.8
48.1	48.8	96.7	98.1	34.6	35.8	65.4	56.3	72.6	67.8	90.6	3.4	99.7	97.9	60.4
25.9	15.0	31.7	84.5	51.3	73.0	49.3	36.0	82.6	96.7	86.8	89.7	83.5	28.5	42.9
48.3	77.1	70.8	80.9	7.6	98.0	2.4	96.8	19.1	72.1	93.9	25.5	19.8	57.6	90.2
17.1	20.0	65.3	40.3	31.7	32.2	84.3	94.7	25.4	40.1	81.4	41.3	40.1	60.6	72.1
76.3	75.1	79.8	19.4	0.1	90.9	86.0	0.1	33.8	72.7	2.6	86.6	54.5	90.6	7.1
12.3	21.5	74.1	45.6	85.7	58.6	80.3	83.2	60.3	11.8	12.8	72.5	88.2	36.5	84.4
79.9	49.4	49.3	40.5	10.4	14.9	24.5	87.8	15.0	85.5	40.6	58.8	16.5	21.2	66.6
15.8	74.2	70.4	94.7	22.4	95.7	70.9	44.2	71.3	10.0	12.0	43.1	70.1	97.5	48.1
14.1	88.6	95.1	11.3	59.6	49.4	34.1	23.8	33.8	26.9	89.2	3.4	61.4	67.7	60.9
46.9	0.6	12.6	56.5	29.5	72.0	96.1	56.1	38.3	23.6	64.3	33.6	71.0	92.9	6.3
91.1	90.6	20.8	26.0	6.3	77.8	37.3	65.2	99.5	97.0	76.4	17.9	13.0	24.3	92.9
16.6	10.6	15.1	76.3	53.4	88.3	27.2	78.4	68.1	32.4	99.5	68.4	97.4	98.9	30.0
16.1	38.7	43.0	62.4	80.4	49.5	5.6	42.2	64.8	31.6	24.5	45.1	98.9	84.1	28.8
42.2	42.2	79.9	13.8	71.6	37.3	39.7	85.7	35.6	94.8	28.2	9.9	48.1	99.0	15.5
5.0	68.0	84.6	53.3	88.5	14.4	88.0	14.3	46.5	6.6	53.6	93.9	94.6	72.1	68.4
28.1	49.9	47.2	33.7	58.0	78.1	77.4	40.6	64.6	42.4	48.8	84.3	1.3	76.8	19.0
32.2	99.1	51.8	75.4	7.0	39.8	66.8	8.9	59.3	64.5	48.7	41.9	34.3	41.1	55.9
85.5	98.4	45.2	37.1	19.2	31.5	53.5	88.0	9.9	24.7	32.1	0.6	31.4	94.9	53.4
55.0	56.7	20.1	63.9	81.6	17.1	36.3	59.7	21.8	4.2	82.5	79.4	3.1	3.2	57.1
1.5	26.8	87.1	0.7	70.0	17.1	84.7	55.2	40.0	87.6	37.3	15.4	92.4	61.0	24.3
40.4	58.7	84.0	78.3	30.6	93.2	24.3	33.7	37.1	99.5	15.0	16.6	73.3	36.3	85.4
69.2	58.5	48.7	50.5	10.7	5.3	4.1	50.9	74.3	86.4	7.4	22.0	64.8	10.1	12.4
58.1	76.3	37.3	44.3	59.2	71.7	56.6	44.7	15.1	55.6	13.9	26.9	27.0	11.8	98.0
84.9	94.4	73.6	14.3	40.9	21.5	31.5	75.2	72.4	23.8	83.8	8.4	46.2	50.3	8.2
33.3	48.2	82.3	44.5	79.4	33.2	59.1	37.1	57.8	17.9	92.8	7.8	30.0	18.8	98.3
82.4	19.7	42.9	45.2	7.1	1.7	41.1	61.7	38.4	75.0	4.3	96.7	64.8	66.7	69.6
31.6	90.2	87.5	86.7	94.4	2.2	59.9	13.8	12.1	33.3	93.0	69.7	39.7	27.6	87.8
46.2	74.6	57.1	76.2	89.9	78.6	34.5	48.6	2.3	14.1	75.6	81.7	45.1	39.8	44.0
99.8	47.5	56.3	25.7	60.8	30.7	19.1	78.5	18.2	50.3	99.0	84.7	85.1	14.8	16.9
7.0	4.1	77.8	46.8	68.8	44.3	78.0	26.6	39.2	38.1	51.3	5.0	61.8	50.2	30.8
80.6	88.5	32.2	51.0	9.1	91.0	63.0	88.4	52.1	89.8	46.7	63.8	60.9	97.2	14.8
37.5	32.4	85.9	44.5	61.0	56.5	90.8	25.0	32.9	82.1	53.9	62.8	50.6	62.8	46.6
50.6	48.1	80.4	86.5	64.3	29.9	41.3	49.6	46.7	35.8	25.5	94.5	18.7	9.1	77.8
45.7	94.6	3.6	70.1	62.4	36.3	82.6	45.9	95.2	87.4	89.1	18.4	59.0	33.7	24.6
5.1	32.0	25.4	40.5	2.3	19.1	19.3	65.8	93.6	68.2	10.9	10.3	48.0	31.5	74.4
63.5	87.0	27.0	20.2	69.9	28.2	76.1	24.5	94.4	3.4	17.7	66.3	79.9	79.4	18.2
59.8	42.1	75.6	9.3	25.2	13.0	76.0	15.2	62.9	70.1	84.4	43.8	72.2	89.9	88.6
19.8	64.3	70.4	3.8	38.0	91.1	54.1	83.5	77.7	9.7	84.0	45.7	77.6	73.3	84.8
71.6	18.1	63.4	24.9	1.3	91.7	22.7	79.4	59.7	0.3	58.7	62.2	79.2	71.0	19.1
1.3	1.4	71.4	29.9	82.8	79.8	60.5	42.9	37.9	43.4	71.0	3.6	62.9	25.7	4.3
25.6	80.2	28.5	44.0	46.7	95.9	22.4	71.1	7.2	43.3	32.2	67.4	15.3	98.0	62.6
76.0	65.6	52.7	36.4	89.3	43.1	89.4	69.7	85.4	38.2	43.9	32.5	50.1	3.0	99.6
44.6	39.7	72.7	79.4	82.0	89.4	61.0	32.1	11.5	85.3	30.0	58.2	74.5	24.1	4.7
65.0	77.5	10.5	49.8	61.7	49.2	17.4	42.8	22.3	29.0	64.8	91.9	91.9	28.6	44.6
36.8	94.8	86.5	78.0	29.7	51.0	94.9	18.1	13.5	46.6	39.7	58.3	2.7	4.6	73.3
96.4	5.2	53.1	36.7	8.5	76.4	93.1	87.5	12.4	46.4	90.0	0.5	12.8	55.7	99.7
79.7	85.9	23.3	56.0	74.1	69.2	75.3	28.2	6.1	44.7	26.1	12.3	9.9	4.6	36.2
65.5	6.0	34.4	35.7	13.5	83.6	82.6	3.9	37.0	28.2	67.6	51.1	51.6	77.4	37.2
91.0	65.2	47.0	66.8	89.2	74.0	55.5	30.2	32.8	93.8	57.9	26.6	67.8	55.7	59.9
81.3	63.2	25.3	89.8	23.0	61.3	58.2	12.7	22.4	71.2	94.6	0.3	92.5	91.5	40.0
82.6	21.5	97.3	93.9	28.3	88.6	25.5	21.2	69.0	88.8	72.1	49.3	21.6	43.4	46.9
50.6	42.8	93.1	21.1	67.6	15.5	31.0	40.2	61.5	44.9	48.2	49.0	38.1	78.7	40.4
8.0	71.0	51.0	95.5	22.7	24.6	1.8	45.2	39.3	70.1	48.5	15.3	30.5	30.4	12.1
76.3	64.5	4.1	82.4	35.9	17.3	25.4	94.7	47.1	37.1	4.1	59.5	66.9	83.6	1.9
84.1	20.2	22.1	92.6	79.9	77.7	19.0	30.2	95.4	82.3	35.4	74.4	75.9	20.2	99.2
94.4	2.4	15.3	57.6	93.3	50.5	72.8	76.9	30.0	64.7	14.4	11.8	26.5	86.5	56.8
73.2	72.2	91.4	49.2	39.7	99.0	35.2	53.5	3.0	57.7	53.8	31.1	21.2	77.9	13.2
54.7	25.9	19.3	75.6	9.3	58.9	47.7	29.1	41.3	97.5	82.0	85.9	93.1	69.9	39.9
71.8	41.9	20.3	62.8	63.1	15.0	72.0	37.2	89.8	2.1	36.5	79.1	51.1	15.9	47.0
52.3	49.3	78.8	24.9	38.0	55.8	28.8	1.7	42.5	41.7	19.9	56.6	5.9	71.9	11.1
45.2	51.2	56.7	93.8	68.5	91.3	72.6	31.2	84.8	90.1	46.5	83.3	99.3	73.3	38.1
20.1	59.0	55.9	59.9	74.3	67.8	88.0	68.7	75.9	76.0	80.1	28.3	40.5	20.8	86.3
35.9	16.6	68.0	26.4	20.8	7.4	81.7	97.0	49.3	59.9	56.4	15.1	74.8	48.5	72.5
22.6	49.7	91.2	36.4	31.1	85.1	56.5	19.9	93.6	19.9	87.0	47.4	24.5	57.1	87.8
70.8	86.7	66.6	47.0	31.7	34.9	74.0	29.0	72.4	90.5	76.9	35.7	51.1	70.2	86.1
27.7	61.4	22.0	33.7	87.4	19.5	81.1	92.9	10.4	65.1	72.2	99.5	91.3	30.8	49.2
11.5	11.8	21.3	72.8	56.5	0.3	10.3	23.6	18.2	93.0	72.5	93.6	53.9	35.7	19.7
7.3	51.7	81.6	22.9	43.5	19.1	80.6	30.1	56.7	93.8	93.9	23.9	67.2	61.0	53.2
20.7	44.5	5.2	70.5	3.2	17.5	45.6	88.3	72.5	60.2	79.9	46.8	86.9	16.7	7.1
39.2	3.6	55.4	0.2	82.4	77.9	37.1	22.8	63.9	85.8	36.0	59.6	91.3	10.2	60.3
8.8	22.6	56.3	42.9	6.5	33.4	10.7	68.9	16.7	68.4	91.9	66.6	41.5	40.6	75.0
44.5	45.9	84.1	76.2	44.5	19.6	23.2	95.8	55.5	12.6	80.9	92.3	65.4	28.0	43.6
41.6	62.0	7.9	85.1	20.2	12.2	20.2	6.5	66.9	9.4	34.1	0.6	68.3	62.1	88.1
45.0	7.5	35.9	12.8	51.0	6.3	84.9	45.5	52.1	97.9	72.1	22.1	93.3	93.6	16.0
74.9	81.1	78.9	15.1	74.3	69.6	46.4	88.4	44.8	62.9	51.1	12.2	34.3	55.4	37.6
39.4	9.5	76.2	31.5	79.7	62.9	78.9	89.5	37.2	36.5	23.0	67.1	90.7	81.2	17.6
80.0	31.7	35.3	46.7	66.0	67.4	9.4	35.8	99.4	59.7	86.6	7.7	22.9	10.6	70.2
98.3	30.5	33.7	23.1	62.9	18.7	66.0	36.1	30.0	99.1	67.2	32.6	40.3	48.5	59.8
99.7	87.0	52.0	37.2	74.5	2.4	72.7	98.2	0.4	0.7	34.2	7.7	41.7	54.5	28.0
58.0	54.8	50.8	40.9	24.6	43.1	69.5	40.6	61.1	39.7	65.2	9.2	67.1	37.7	20.8
98.2	17.1	80.9	5.4	59.2	29.5	78.9	88.2	70.3	46.7	99.7	79.0	54.1	0.2	94.2
88.5	57.7	22.1	75.5	45.3	98.7	1.0	24.6	99.6	21.5	32.7	9.9	75.5	79.3	93.5
60.4	99.7	56.4	72.5	68.3	28.3	84.0	76.4	11.3	81.1	28.6	86.5	96.4	76.6	68.1
48.7	8.8	64.8	37.1	53.9	75.2	70.0	59.1	56.5	44.4	35.2	94.9	32.7	58.0	83.5
35.5	92.9	25.1	78.5	33.0	89.1	58.1	4.0	61.1	43.1	9.5	49.8	77.0	26.4	57.4
15.7	9.9	42.3	91.9	4.7	34.8	3.6	29.0	1.4	56.8	69.7	70.5	67.9	13.8	44.0
92.7	8.8	95.3	78.4	8.3	76.1	10.3	41.6	85.4	49.3	44.3	94.9	37.3	42.3	27.1
26.1	63.4	26.2	47.9	74.5	29.7	20.6	75.5	53.6	27.9	88.8	7.4	40.0	97.9	31.0
10.4	59.9	57.8	29.0	94.4	54.8	3.2	27.8	67.3	79.5	64.6	67.0	91.5	69.9	47.6
4.0	11.5	75.5	0.6	44.4	85.2	99.2	87.0	78.9	74.1	62.1	98.6	11.0	11.6	36.3
58.8	43.9	83.3	92.5	4.0	82.6	16.5	63.9	56.4	28.6	74.5	10.3	77.8	19.5	53.4
16.3	89.8	92.8	29.2	76.2	70.1	91.4	96.0	24.9	52.9	90.9	16.2	71.6	60.6	4.1
79.7	15.0	77.3	5.2	14.1	60.4	40.6	11.4	16.8	56.8	23.6	52.7	18.9	43.2	16.8
7.1	39.2	18.4	34.1	43.3	7.3	98.5	10.1	79.4	29.9	57.5	85.7	43.2	96.2	53.0
55.3	17.9	52.0	98.7	49.6	69.9	58.2	49.4	13.4	13.4	50.4	64.9	88.3	33.0	56.1
83.5	69.4	96.2	97.8	12.5	83.1	62.6	98.3	96.9	83.8	25.7	3.7	44.9	67.7	75.4
65.6	20.7	73.1	37.3	53.7	37.9	48.4	74.0	76.6	67.9	20.6	17.0	65.1	48.6	77.7
19.7	79.4	20.0	57.9	97.5	46.5	93.3	33.9	52.2	93.4	81.9	5.2	82.2	66.3	64.4
34.1	33.9	89.8	31.4	73.5	73.6	34.3	72.9	43.3	10.8	97.3	31.8	72.4	62.5	80.7
90.8	58.7	21.5	5.5	13.6	79.6	61.8	60.2	20.0	9.7	34.8	83.6	2.0	80.6	73.9
95.3	28.6	25.4	51.9	6.9	43.6	2.2	41.8	19.4	5.8	50.0	17.4	32.0	82.6	88.5
39.7	69.9	78.4	41.7	83.5	16.5	32.2	47.5	67.6	83.6	79.0	88.9	63.7	35.6	14.9
99.1	56.8	79.0	52.8	66.7	9.0	7.2	30.5	0.2	28.8	16.9	9.2	88.3	26.1	21.5
20.8	36.5	49.7	40.0	94.3	65.5	17.9	83.3	41.9	41.8	26.8	66.1	24.1	74.2	54.3
65.7	94.8	63.6	24.6	54.0	81.4	65.0	83.6	24.8	92.7	17.6	70.6	49.1	97.0	39.2
44.5	86.4	49.6	23.5	60.9	89.3	10.5	3.2	89.2	35.9	54.1	10.4	60.5	21.3	75.5
47.4	45.8	64.4	48.5	22.6	0.9	50.2	48.8	99.0	90.8	14.7	72.1	4.8	45.2	11.6
87.9	29.0	13.1	30.0	91.3	67.9	41.5	31.8	41.6	16.2	27.4	19.0	97.8	87.9	9.0
70.1	25.0	62.2	56.2	5.7	56.9	46.2	93.4	34.8	74.0	16.5	35.3	84.8	65.1	23.6
1.3	70.6	4.3	30.1	90.5	35.0	99.0	2.7	73.0	98.2	84.0	60.5	74.9	91.7	17.3
71.5	8.3	46.0	30.9	47.5	52.7	56.2	81.1	34.7	9.4	53.3	95.4	13.2	45.0	28.2
6.9	57.1	4.7	69.8	69.5	93.9	69.3	28.2	13.2	24.3	69.0	12.7	11.7	81.7	45.4
62.7	43.6	14.4	27.8	65.6	48.4	59.1	82.3	3.7	96.9	87.7	22.9	66.3	93.7	26.7
62.5	47.0	9.8	76.2	1.6	62.7	59.8	2.9	18.3	12.9	17.9	88.8	40.4	4.1	48.1
39.5	75.0	12.6	93.7	2.2	77.6	7.1	57.2	44.5	64.6	49.5	27.2	55.5	13.1	55.0
64.7	50.1	7.6	37.0	18.8	18.3	41.6	6.8	41.9	56.2	6.3	48.3	87.3	14.3	58.9
52.4	28.8	89.7	60.9	69.2	32.2	74.6	15.0	11.0	51.1	77.6	59.0	28.9	2.5	8.3
3.4	27.5	39.5	53.5	78.9	44.4	85.3	31.2	23.6	66.6	29.7	64.1	91.2	5.9	54.5
78.1	51.7	26.5	88.1	25.8	34.5	67.3	84.9	34.3	70.6	94.1	44.1	52.8	22.0	86.6
88.7	29.8	9.7	26.5	83.0	32.7	5.8	50.2	5.9	64.8	59.5	0.5	80.5	94.8	41.8
64.7	87.9	91.4	76.5	76.4	18.2	72.6	65.7	58.9	36.4	77.0	30.1	74.9	88.2	22.9
1	2	3	4	5	6	7	8	9	10	11	12	13	14	15
1	2	3	4	5	6	7	8	9	10	11	12	13	14	15
1	2	3	4	5	6	7	8	9	10	11	12	13	14	15
1	2	3	4	5	6	7	8	9	10	11	12	13	14	15
1	2	3	4	5	6	7	8	9	10	11	12	13	14	15
1	2	3	4	5	6	7	8	9	10	11	12	13	14	15
1	2	3	4	5	6	7	8	9	10	11	12	13	14	15
1	2	3	4	5	6	7	8	9	10	11	12	13	14	15
1	2	3	4	5	6	7	8	9	10	11	12	13	14	15
1	2	3	4	5	6	7	8	9	10	11	12	13	14	15
1	2	3	4	5	6	7	8	9	10	11	12	13	14	15
1	2	3	4	5	6	7	8	9	10	11	12	13	14	15
1	2	3	4	5	6	7	8	9	10	11	12	13	14	15
1	2	3	4	5	6	7	8	9	10	11	12	13	14	15
1	2	3	4	5	6	7	8	9	10	11	12	13	14	15
1	2	3	4	5	6	7	8	9	10	11	12	13	14	15
1	2	3	4	5	6	7	8	9	10	11	12	13	14	15
1	2	3	4	5	6	7	8	9	10	11	12	13	14	15
1	2	3	4	5	6	7	8	9	10	11	12	13	14	15
1	2	3	4	5	6	7	8	9	10	11	12	13	14	15
1	2	3	4	5	6	7	8	9	10	11	12	13	14	15
1	2	3	4	5	6	7	8	9	10	11	12	13	14	15
1	2	3	4	5	6	7	8	9	10	11	12	13	14	15
1	2	3	4	5	6	7	8	9	10	11	12	13	14	15
1	2	3	4	5	6	7	8	9	10	11	12	13	14	15
1	2	3	4	5	6	7	8	9	10	11	12	13	14	15
1	2	3	4	5	6	7	8	9	10	11	12	13	14	15
1	2	3	4	5	6	7	8	9	10	11	12	13	14	15
1	2	3	4	5	6	7	8	9	10	11	12	13	14	15
1	2	3	4	5	6	7	8	9	10	11	12	13	14	15
1	2	3	4	5	6	7	8	9	10	11	12	13	14	15
1	2	3	4	5	6	7	8	9	10	11	12	13	14	15
1	2	3	4	5	6	7	8	9	10	11	12	13	14	15
1	2	3	4	5	6	7	8	9	10	11	12	13	14	15
1	2	3	4	5	6	7	8	9	10	11	12	13	14	15
1	2	3	4	5	6	7	8	9	10	11	12	13	14	15
1	2	3	4	5	6	7	8	9	10	11	12	13	14	15
1	2	3	4	5	6	7	8	9	10	11	12	13	14	15
1	2	3	4	5	6	7	8	9	10	11	12	13	14	15
1	2	3	4	5	6	7	8	9	10	11	12	13	14	15
1	2	3	4	5	6	7	8	9	10	11	12	13	14	15
1	2	3	4	5	6	7	8	9	10	11	12	13	14	15
1	2	3	4	5	6	7	8	9	10	11	12	13	14	15
1	2	3	4	5	6	7	8	9	10	11	12	13	14	15
1	2	3	4	5	6	7	8	9	10	11	12	13	14	15
1	2	3	4	5	6	7	8	9	10	11	12	13	14	15
1	2	3	4	5	6	7	8	9	10	11	12	13	14	15
1	2	3	4	5	6	7	8	9	10	11	12	13	14	15
1	2	3	4	5	6	7	8	9	10	11	12	13	14	15
1	2	3	4	5	6	7	8	9	10	11	12	13	14	15
1	2	3	4	5	6	7	8	9	10	11	12	13	14	15
1	2	3	4	5	6	7	8	9	10	11	12	13	14	15
1	2	3	4	5	6	7	8	9	10	11	12	13	14	15
1	2	3	4	5	6	7	8	9	10	11	12	13	14	15
1	2	3	4	5	6	7	8	9	10	11	12	13	14	15
1	2	3	4	5	6	7	8	9	10	11	12	13	14	15
1	2	3	4	5	6	7	8	9	10	11	12	13	14	15
1	2	3	4	5	6	7	8	9	10	11	12	13	14	15
1	2	3	4	5	6	7	8	9	10	11	12	13	14	15
1	2	3	4	5	6	7	8	9	10	11	12	13	14	15
1	2	3	4	5	6	7	8	9	10	11	12	13	14	15
1	2	3	4	5	6	7	8	9	10	11	12	13	14	15
1	2	3	4	5	6	7	8	9	10	11	12	13	14	15
1	2	3	4	5	6	7	8	9	10	11	12	13	14	15
1	2	3	4	5	6	7	8	9	10	11	12	13	14	15
1	2	3	4	5	6	7	8	9	10	11	12	13	14	15
1	2	3	4	5	6	7	8	9	10	11	12	13	14	15
1	2	3	4	5	6	7	8	9	10	11	12	13	14	15
1	2	3	4	5	6	7	8	9	10	11	12	13	14	15
1	2	3	4	5	6	7	8	9	10	11	12	13	14	15
1	2	3	4	5	6	7	8	9	10	11	12	13	14	15
1	2	3	4	5	6	7	8	9	10	11	12	13	14	15
1	2	3	4	5	6	7	8	9	10	11	12	13	14	15
1	2	3	4	5	6	7	8	9	10	11	12	13	14	15
1	2	3	4	5	6	7	8	9	10	11	12	13	14	15
1	2	3	4	5	6	7	8	9	10	11	12	13	14	15
1	2	3	4	5	6	7	8	9	10	11	12	13	14	15
1	2	3	4	5	6	7	8	9	10	11	12	13	14	15
1	2	3	4	5	6	7	8	9	10	11	12	13	14	15
1	2	3	4	5	6	7	8	9	10	11	12	13	14	15
1	2	3	4	5	6	7	8	9	10	11	12	13	14	15
1	2	3	4	5	6	7	8	9	10	11	12	13	14	15
1	2	3	4	5	6	7	8	9	10	11	12	13	14	15
1	2	3	4	5	6	7	8	9	10	11	12	13	14	15
1	2	3	4	5	6	7	8	9	10	11	12	13	14	15
1	2	3	4	5	6	7	8	9	10	11	12	13	14	15
1	2	3	4	5	6	7	8	9	10	11	12	13	14	15
1	2	3	4	5	6	7	8	9	10	11	12	13	14	15
1	2	3	4	5	6	7	8	9	10	11	12	13	14	15
1	2	3	4	5	6	7	8	9	10	11	12	13	14	15
1	2	3	4	5	6	7	8	9	10	11	12	13	14	15
1	2	3	4	5	6	7	8	9	10	11	12	13	14	15
1	2	3	4	5	6	7	8	9	10	11	12	13	14	15
1	2	3	4	5	6	7	8	9	10	11	12	13	14	15
1	2	3	4	5	6	7	8	9	10	11	12	13	14	15
1	2	3	4	5	6	7	8	9	10	11	12	13	14	15
1	2	3	4	5	6	7	8	9	10	11	12	13	14	15
1	2	3	4	5	6	7	8	9	10	11	12	13	14	15
1	2	3	4	5	6	7	8	9	10	11	12	13	14	15
1	2	3	4	5	6	7	8	9	10	11	12	13	14	15
1	2	3	4	5	6	7	8	9	10	11	12	13	14	15
1	2	3	4	5	6	7	8	9	10	11	12	13	14	15
1	2	3	4	5	6	7	8	9	10	11	12	13	14	15
1	2	3	4	5	6	7	8	9	10	11	12	13	14	15
1	2	3	4	5	6	7	8	9	10	11	12	13	14	15
1	2	3	4	5	6	7	8	9	10	11	12	13	14	15
1	2	3	4	5	6	7	8	9	10	11	12	13	14	15
1	2	3	4	5	6	7	8	9	10	11	12	13	14	15
1	2	3	4	5	6	7	8	9	10	11	12	13	14	15
1	2	3	4	5	6	7	8	9	10	11	12	13	14	15
1	2	3	4	5	6	7	8	9	10	11	12	13	14	15
1	2	3	4	5	6	7	8	9	10	11	12	13	14	15
1	2	3	4	5	6	7	8	9	10	11	12	13	14	15
1	2	3	4	5	6	7	8	9	10	11	12	13	14	15
1	2	3	4	5	6	7	8	9	10	11	12	13	14	15
1	2	3	4	5	6	7	8	9	10	11	12	13	14	15
1	2	3	4	5	6	7	8	9	10	11	12	13	14	15
1	2	3	4	5	6	7	8	9	10	11	12	13	14	15
1	2	3	4	5	6	7	8	9	10	11	12	13	14	15
1	2	3	4	5	6	7	8	9	10	11	12	13	14	15
1	2	3	4	5	6	7	8	9	10	11	12	13	14	15
1	2	3	4	5	6	7	8	9	10	11	12	13	14	15
1	2	3	4	5	6	7	8	9	10	11	12	13	14	15
1	2	3	4	5	6	7	8	9	10	11	12	13	14	15
1	2	3	4	5	6	7	8	9	10	11	12	13	14	15
1	2	3	4	5	6	7	8	9	10	11	12	13	14	15
1	2	3	4	5	6	7	8	9	10	11	12	13	14	15
1	2	3	4	5	6	7	8	9	10	11	12	13	14	15
1	2	3	4	5	6	7	8	9	10	11	12	13	14	15
1	2	3	4	5	6	7	8	9	10	11	12	13	14	15
1	2	3	4	5	6	7	8	9	10	11	12	13	14	15
1	2	3	4	5	6	7	8	9	10	11	12	13	14	15
1	2	3	4	5	6	7	8	9	10	11	12	13	14	15
1	2	3	4	5	6	7	8	9	10	11	12	13	14	15
1	2	3	4	5	6	7	8	9	10	11	12	13	14	15
1	2	3	4	5	6	7	8	9	10	11	12	13	14	15
1	2	3	4	5	6	7	8	9	10	11	12	13	14	15
1	2	3	4	5	6	7	8	9	10	11	12	13	14	15
1	2	3	4	5	6	7	8	9	10	11	12	13	14	15
1	2	3	4	5	6	7	8	9	10	11	12	13	14	15
1	2	3	4	5	6	7	8	9	10	11	12	13	14	15
1	2	3	4	5	6	7	8	9	10	11	12	13	14	15
1	2	3	4	5	6	7	8	9	10	11	12	13	14	15
1	2	3	4	5	6	7	8	9	10	11	12	13	14	15
1	2	3	4	5	6	7	8	9	10	11	12	13	14	15
1	2	3	4	5	6	7	8	9	10	11	12	13	14	15
1	2	3	4	5	6	7	8	9	10	11	12	13	14	15
1	2	3	4	5	6	7	8	9	10	11	12	13	14	15
1	2	3	4	5	6	7	8	9	10	11	12	13	14	15
1	2	3	4	5	6	7	8	9	10	11	12	13	14	15
1	2	3	4	5	6	7	8	9	10	11	12	13	14	15
1	2	3	4	5	6	7	8	9	10	11	12	13	14	15
1	2	3	4	5	6	7	8	9	10	11	12	13	14	15
1	2	3	4	5	6	7	8	9	10	11	12	13	14	15
1	2	3	4	5	6	7	8	9	10	11	12	13	14	15
1	2	3	4	5	6	7	8	9	10	11	12	13	14	15
1	2	3	4	5	6	7	8	9	10	11	12	13	14	15
1	2	3	4	5	6	7	8	9	10	11	12	13	14	15
1	2	3	4	5	6	7	8	9	10	11	12	13	14	15
1	2	3	4	5	6	7	8	9	10	11	12	13	14	15
1	2	3	4	5	6	7	8	9	10	11	12	13	14	15
1	2	3	4	5	6	7	8	9	10	11	12	13	14	15
1	2	3	4	5	6	7	8	9	10	11	12	13	14	15
1	2	3	4	5	6	7	8	9	10	11	12	13	14	15
1	2	3	4	5	6	7	8	9	10	11	12	13	14	15
1	2	3	4	5	6	7	8	9	10	11	12	13	14	15
1	2	3	4	5	6	7	8	9	10	11	12	13	14	15
1	2	3	4	5	6	7	8	9	10	11	12	13	14	15
1	2	3	4	5	6	7	8	9	10	11	12	13	14	15
1	2	3	4	5	6	7	8	9	10	11	12	13	14	15
1	2	3	4	5	6	7	8	9	10	11	12	13	14	15
1	2	3	4	5	6	7	8	9	10	11	12	13	14	15
1	2	3	4	5	6	7	8	9	10	11	12	13	14	15
1	2	3	4	5	6	7	8	9	10	11	12	13	14	15
1	2	3	4	5	6	7	8	9	10	11	12	13	14	15
1	2	3	4	5	6	7	8	9	10	11	12	13	14	15
1	2	3	4	5	6	7	8	9	10	11	12	13	14	15
1	2	3	4	5	6	7	8	9	10	11	12	13	14	15
1	2	3	4	5	6	7	8	9	10	11	12	13	14	15
1	2	3	4	5	6	7	8	9	10	11	12	13	14	15
1	2	3	4	5	6	7	8	9	10	11	12	13	14	15
1	2	3	4	5	6	7	8	9	10	11	12	13	14	15
1	2	3	4	5	6	7	8	9	10	11	12	13	14	15
1	2	3	4	5	6	7	8	9	10	11	12	13	14	15
1	2	3	4	5	6	7	8	9	10	11	12	13	14	15
1	2	3	4	5	6	7	8	9	10	11	12	13	14	15
1	2	3	4	5	6	7	8	9	10	11	12	13	14	15
1	2	3	4	5	6	7	8	9	10	11	12	13	14	15
1	2	3	4	5	6	7	8	9	10	11	12	13	14	15
1	2	3	4	5	6	7	8	9	10	11	12	13	14	15
1	2	3	4	5	6	7	8	9	10	11	12	13	14	15
1	2	3	4	5	6	7	8	9	10	11	12	13	14	15
1	2	3	4	5	6	7	8	9	10	11	12	13	14	15
1	2	3	4	5	6	7	8	9	10	11	12	13	14	15
1	2	3	4	5	6	7	8	9	10	11	12	13	14	15
1	2	3	4	5	6	7	8	9	10	11	12	13	14	15
1	2	3	4	5	6	7	8	9	10	11	12	13	14	15
1	2	3	4	5	6	7	8	9	10	11	12	13	14	15
1	2	3	4	5	6	7	8	9	10	11	12	13	14	15
1	2	3	4	5	6	7	8	9	10	11	12	13	14	15
