200	15
25.0	79.7	56.2	38.9	50.8	40.7	1.2	91.9	66.9	87.4	63.8	69.6	86.9	91.4	55.6
91.7	30.1	34.3	76.2	7.2	1.0	56.6	16.0	56.9	27.6	49.9	82.3	97.1	68.4	48.8
28.1	40.3	47.1	88.2	64.5	13.9	31.6	39.9	82.9	32.0	67.8	6.9	3.7	29.7	46.2
43.9	90.1	69.0	74.9	15.1	56.0	29.5	0.3	2.9	12.6	6.3	35.3	60.7	30.8	85.0
45.3	32.9	44.4	44.4	73.8	27.0	53.6	68.0	29.0	4.9	13.1	73.6	78.0	48.3	3.4
28.1	15.1	46.6	23.0	20.3	70.6	34.4	29.1	20.6	89.1	82.9	28.8	47.6	2.7	48.5
10.8	65.9	60.5	15.0	60.5	55.4	18.6	13.5	5.0	20.9	40.3	12.3	88.8	90.2	7.3
64.7	66.5	86.4	78.9	50.8	17.0	86.6	89.9	82.2	37.7	66.3	70.7	96.3	31.9	65.9
71.2	36.9	39.1	8.3	44.8	24.1	9.9	33.7	62.0	13.1	86.5	93.6	16.1	72.4	95.7
18.3	34.2	61.9	95.6	14.5	55.1	89.1	0.1	78.4	83.4	89.4	89.0	65.9	40.4	11.4
15.7	76.2	28.1	55.4	84.9	99.0	8.2	91.6	52.9	17.1	7.8	68.8	69.7	12.9	85.7
90.6	93.6	60.8	23.1	28.9	83.9	93.0	41.7	84.2	0.8	20.1	56.2	29.7	11.7	39.0
43.9	2.9	34.8	30.7	79.5	50.0	26.8	14.4	12.8	66.3	45.0	78.8	28.2	35.7	46.7
10.4	50.3	2.1	47.4	80.4	53.5	88.3	52.3	0.3	24.9	59.0	77.1	69.7	58.8	59.0
43.0	53.2	93.2	27.1	81.1	18.8	57.6	2.1	48.1	72.1	52.9	49.3	26.7	45.0	36.1
88.6	92.7	41.9	99.4	83.9	39.0	29.3	76.6	21.9	98.1	44.2	25.9	0.8	31.4	55.1
57.7	58.0	34.8	57.3	26.0	29.5	66.3	23.2	65.2	81.6	97.0	24.6	40.2	14.5	20.4
44.4	90.8	64.7	26.7	40.0	71.2	83.1	88.3	33.6	29.1	74.0	16.1	69.0	0.7	45.7
83.6	34.7	83.8	16.3	84.7	65.6	54.9	31.2	32.6	17.9	2.3	58.8	84.6	24.6	79.5
75.2	71.9	28.2	80.8	50.1	83.7	38.4	1.0	52.0	59.3	85.7	75.7	6.9	99.5	59.6
13.1	51.1	86.6	57.0	43.4	1.7	90.1	30.8	49.8	90.7	99.8	48.4	31.4	50.1	65.2
0.2	27.3	53.7	90.6	48.2	60.8	70.3	97.1	81.0	51.5	73.9	64.4	91.3	34.4	92.0
72.9	29.6	26.8	87.7	51.7	95.5	32.7	90.2	79.8	8.2	70.2	99.9	7.3	62.0	61.8
79.8	94.4	1.1	21.0	92.8	26.2	58.7	28.3	6.5	54.2	92.5	99.2	87.4	97.2	86.9
16.1	48.9	4.3	70.8	33.3	46.3	22.3	19.2	28.8	1.0	21.5	86.1	1.2	60.2	21.7
68.7	80.3	51.7	76.4	31.3	29.3	61.7	46.7	46.0	3.9	90.0	4.7	18.2	61.5	61.2
79.4	70.1	75.6	28.6	48.0	75.6	11.2	83.7	32.1	53.4	29.9	55.2	51.5	24.1	35.0
77.2	12.6	72.4	10.6	29.2	0.3	84.4	97.6	10.2	69.2	72.7	99.0	11.1	56.0	60.7
37.4	3.8	74.1	76.0	4.5	93.4	52.0	29.1	66.9	47.2	40.8	9.7	34.5	13.5	68.7
81.0	35.9	20.3	41.1	60.9	99.8	86.8	80.0	50.7	94.0	89.1	90.8	16.3	37.4	31.0
92.4	45.9	92.4	26.7	88.3	73.4	0.5	21.2	52.1	53.0	13.8	10.2	39.0	85.1	64.6
46.7	3.0	80.7	87.1	44.8	79.3	97.4	85.1	84.6	64.4	53.7	26.7	89.7	65.5	8.8
5.4	69.6	85.2	30.5	81.6	54.5	87.9	85.4	91.9	10.0	59.0	84.4	13.0	44.7	36.1
35.6	37.4	2.0	69.2	31.4	27.0	95.7	69.2	62.2	88.2	60.3	34.4	71.0	34.8	50.7
28.5	5.6	6.0	82.6	87.6	74.1	27.8	72.6	60.7	32.8	39.4	34.5	76.0	85.0	31.5
43.4	83.5	47.4	89.2	76.2	21.9	47.4	19.1	29.9	31.1	9.7	10.9	14.8	88.6	99.4
20.2	6.0	62.6	80.0	41.9	67.2	29.4	38.7	21.0	22.3	61.6	51.4	1.5	7.1	33.1
20.3	55.6	25.3	97.9	1.8	23.2	89.4	34.1	71.8	71.4	10.6	70.5	23.0	69.1	10.7
2.0	68.5	97.8	75.3	40.4	96.8	96.1	71.8	77.7	52.5	48.9	8.4	98.0	75.0	18.1
21.6	88.1	97.9	5.8	89.8	74.0	84.3	27.3	28.0	0.8	77.9	14.9	91.4	47.9	82.3
89.0	25.6	54.8	40.2	51.4	42.7	36.1	94.9	38.7	80.6	3.3	44.5	60.7	36.7	22.0
61.7	76.2	99.4	40.1	89.9	86.8	73.9	3.4	23.4	93.4	80.5	21.7	93.9	54.3	50.4
20.5	49.2	10.3	83.6	93.2	17.6	47.5	70.9	20.0	67.2	89.6	3.4	98.0	15.8	66.4
29.8	57.8	89.3	66.9	40.7	15.0	36.4	32.3	17.8	20.9	85.5	42.4	93.6	74.6	81.5
77.8	94.8	67.6	87.4	56.4	38.7	51.1	81.6	21.7	53.5	22.1	90.8	89.6	77.8	83.6
31.9	23.8	96.1	80.7	96.4	85.4	83.1	16.1	29.6	21.5	27.1	79.0	66.8	24.5	4.5
20.7	8.2	18.3	28.5	34.1	86.2	32.9	50.9	82.5	11.2	10.6	6.6	23.2	15.4	26.8
18.8	27.7	50.1	1.8	39.7	64.7	28.6	92.7	53.3	87.8	97.9	24.7	90.7	62.7	28.0
77.7	12.6	87.6	87.5	82.9	3.3	60.2	61.3	8.3	3.9	86.0	4.1	21.7	3.3	21.3
26.0	94.5	83.7	3.0	12.1	30.8	63.7	92.1	83.2	54.6	92.7	98.5	66.5	63.1	0.5
76.8	15.1	90.6	76.0	65.0	12.0	36.7	14.8	57.0	18.3	62.6	54.0	84.7	2.3	93.6
13.5	40.6	61.4	8.3	27.2	78.3	83.6	98.2	55.1	50.5	13.4	69.2	16.2	92.7	30.2
18.3	50.2	89.6	77.3	18.1	96.6	7.1	10.3	82.7	27.0	2.2	69.4	90.0	75.0	5.5
92.3	5.8	78.2	32.5	12.0	91.4	65.9	39.0	43.8	46.3	97.3	97.1	32.3	77.8	67.2
83.8	81.3	84.8	25.4	58.5	5.5	44.7	11.8	73.9	30.8	84.6	68.1	43.0	84.6	47.0
11.1	26.6	67.7	22.4	13.4	12.2	36.7	51.2	33.8	13.3	92.6	11.8	78.9	33.3	2.3
36.4	33.1	33.8	17.2	81.6	55.8	2.0	47.2	58.0	94.8	22.5	9.1	97.5	33.0	35.8
55.8	92.3	33.4	98.4	58.2	39.5	73.7	97.9	90.6	75.7	77.1	38.1	35.9	16.9	66.5
48.9	80.6	3.1	58.7	18.8	43.0	26.5	5.6	56.0	47.8	92.1	41.2	99.2	55.4	90.8
20.9	92.4	85.9	43.8	56.6	94.9	50.0	81.0	65.7	9.6	95.4	84.3	64.5	73.1	60.1
94.2	76.4	14.1	32.6	68.5	57.8	97.9	78.6	6.9	86.4	88.7	54.5	62.2	67.2	72.4
9.6	83.6	88.7	50.2	57.3	30.9	21.7	42.6	46.4	22.5	31.7	1.4	28.6	90.1	84.8
67.3	56.6	61.9	88.1	41.6	9.7	46.8	58.6	42.9	45.5	42.3	25.2	36.4	66.3	73.2
18.4	91.4	85.2	2.2	24.3	70.8	83.7	89.6	68.8	85.5	54.3	86.2	36.4	84.4	71.0
86.0	54.9	0.9	18.2	24.5	19.0	11.9	51.8	84.5	28.0	50.7	34.9	46.5	83.1	31.9
31.0	32.0	78.4	84.6	94.3	47.9	65.9	34.8	81.9	35.2	77.0	81.4	88.1	48.2	78.1
11.0	38.3	13.3	96.5	39.0	74.0	32.8	54.8	86.2	62.6	19.6	62.1	27.8	43.2	69.7
54.9	62.2	8.6	98.4	10.3	20.3	99.4	2.4	25.3	82.7	36.6	43.2	91.0	76.9	30.6
41.7	24.9	17.3	83.1	61.7	4.1	26.4	6.2	47.4	20.2	71.8	43.7	79.9	1.2	51.8
19.8	34.3	11.2	58.0	24.5	5.4	81.9	88.1	85.1	97.0	78.3	63.4	75.7	24.3	47.7
19.4	89.4	47.9	80.3	0.6	33.8	2.2	81.5	47.2	66.0	79.7	35.7	59.5	59.1	85.7
4.0	66.1	36.9	69.6	53.0	18.6	21.2	50.2	17.7	38.7	6.6	11.8	92.4	40.1	92.4
53.5	11.9	51.9	42.4	13.1	88.4	44.2	83.4	78.0	95.6	3.9	78.4	73.1	27.4	65.9
98.3	77.9	93.6	73.3	15.3	17.4	35.1	6.9	42.7	91.4	63.8	62.7	16.5	54.7	34.0
43.9	1.3	61.8	48.1	14.7	14.4	60.0	27.7	77.9	48.1	89.5	22.3	52.9	35.9	47.5
36.4	38.3	23.4	93.2	7.2	67.8	60.6	32.6	50.6	5.1	27.0	21.0	34.6	87.1	85.4
88.7	41.4	44.9	66.5	83.2	53.6	49.8	39.6	1.7	31.3	83.1	72.4	87.1	89.4	18.6
94.1	5.2	28.5	57.0	67.2	79.0	74.7	67.6	34.3	96.8	16.6	68.9	30.2	25.0	11.4
3.3	72.9	89.3	29.6	13.2	60.7	23.9	59.6	21.9	69.4	45.7	5.3	63.5	37.6	65.2
2.6	68.8	10.0	33.5	76.0	65.4	6.3	7.0	50.4	62.5	29.1	43.7	53.3	55.7	70.4
26.6	93.8	2.0	86.3	45.5	40.2	35.7	28.6	76.4	61.7	92.0	92.8	4.9	2.0	52.3
59.0	53.7	51.5	97.4	50.7	15.7	29.8	0.3	3.3	46.8	25.1	59.8	67.8	36.1	27.9
55.1	96.7	1.3	78.1	93.5	85.7	61.2	85.0	17.7	78.9	38.2	17.5	91.7	75.7	45.8
9.2	19.6	33.0	53.9	77.8	25.7	38.0	89.1	16.5	39.7	60.3	34.0	18.7	98.3	36.6
98.3	54.6	83.9	56.0	30.7	40.2	75.6	85.8	46.5	30.3	19.2	42.0	33.4	85.2	66.8
52.0	56.5	99.1	72.5	92.6	44.8	99.3	81.1	50.6	61.6	78.6	29.2	26.1	76.6	54.2
66.4	58.3	36.7	11.8	90.8	57.8	83.5	68.5	86.3	35.7	27.2	90.0	97.1	17.5	40.5
17.6	51.0	71.0	41.9	36.9	35.8	99.8	48.6	75.4	84.7	78.8	85.6	48.6	2.8	86.4
41.5	56.5	69.5	92.2	22.6	38.6	2.6	48.4	94.7	35.6	54.5	19.6	95.5	9.9	85.2
68.9	62.8	69.7	71.7	95.2	49.3	34.0	33.5	59.0	48.8	75.8	58.5	83.6	53.3	31.3
64.6	26.5	68.2	77.6	65.9	39.6	49.6	23.8	96.0	52.9	49.3	3.9	30.0	60.5	18.1
10.2	84.0	92.4	57.9	99.3	98.9	69.0	64.7	41.7	93.1	40.6	37.5	84.2	20.0	68.3
42.6	42.2	55.6	59.3	58.2	42.8	67.1	80.8	33.7	33.0	5.0	62.9	23.8	27.9	95.7
48.8	90.2	26.5	43.4	13.7	9.2	37.8	41.5	44.1	34.4	47.3	1.3	88.4	48.5	21.2
55.4	0.0	13.4	16.9	55.4	27.3	16.9	43.1	55.2	4.6	66.4	93.3	28.3	34.4	7.0
17.4	33.6	0.0	45.5	1.9	13.0	69.2	62.9	68.6	90.7	99.1	14.6	34.9	65.2	0.9
24.5	34.0	76.9	71.2	89.5	67.6	35.6	57.0	26.7	88.2	88.2	35.1	90.9	83.9	26.5
14.4	29.1	48.6	24.5	78.4	33.4	67.4	37.5	53.8	19.3	89.9	9.1	77.0	93.2	64.6
55.1	97.8	63.9	24.7	58.6	26.1	66.8	21.1	18.8	3.5	97.9	82.0	32.5	78.9	67.3
16.0	7.7	20.0	28.5	57.7	55.9	86.2	7.7	76.1	40.1	33.0	65.6	36.7	93.8	73.0
35.5	5.8	87.6	36.2	35.8	95.4	0.6	45.5	42.9	82.9	64.7	31.0	32.8	27.8	31.4
25.8	74.4	96.7	99.4	91.1	0.4	69.5	49.3	75.3	89.2	16.4	76.4	31.2	63.0	66.4
39.5	0.5	49.4	72.7	29.2	31.8	49.7	69.1	19.3	90.8	62.6	65.4	33.9	0.4	23.3
15.3	5.0	98.2	41.0	76.5	46.6	2.4	49.1	92.9	29.3	79.1	41.8	77.3	69.4	87.1
38.7	12.3	9.7	23.3	93.4	34.1	80.1	44.6	72.4	64.9	39.9	96.6	51.8	88.7	0.8
22.9	99.6	8.5	13.0	25.7	48.9	62.8	19.5	28.4	19.1	27.0	28.1	57.7	66.1	6.9
70.3	25.6	79.2	83.6	76.9	22.1	43.8	54.8	36.2	53.7	54.4	85.4	80.1	61.8	90.2
79.2	13.4	4.1	20.5	29.0	39.1	76.2	69.6	1.7	5.7	31.9	34.4	84.7	43.5	44.1
10.9	95.6	51.2	27.4	12.9	76.8	72.6	63.8	47.6	26.9	64.7	96.4	77.4	69.3	5.5
20.1	91.0	0.5	98.4	83.6	93.5	58.6	26.1	51.3	37.2	16.6	6.4	56.4	74.4	23.6
97.7	33.9	45.5	8.4	88.3	95.5	8.8	28.7	97.4	96.6	31.4	70.2	32.9	63.7	99.1
79.1	85.4	89.7	85.4	79.8	72.1	63.3	38.9	13.1	96.8	95.5	70.7	70.5	84.1	15.6
25.5	33.4	27.9	37.5	43.4	32.0	21.0	32.0	8.2	8.4	67.0	96.9	58.5	38.5	76.7
0.3	76.7	97.7	95.5	25.6	54.4	1.9	87.1	96.3	39.1	51.2	72.8	58.0	61.2	21.1
77.4	23.9	85.2	52.6	56.8	49.2	20.2	83.7	48.7	62.2	28.1	76.8	85.2	58.0	43.2
4.9	23.3	61.8	31.9	66.7	53.8	63.3	76.1	62.5	96.0	54.0	17.1	15.8	71.9	0.8
59.8	21.4	94.2	27.7	88.7	98.8	86.8	43.4	15.8	75.2	70.3	47.5	57.3	45.4	85.9
47.6	9.9	46.9	99.0	72.3	24.1	96.6	88.1	49.6	21.8	44.0	37.0	71.8	20.8	73.3
81.0	35.9	64.8	33.1	93.7	50.6	61.1	13.0	15.5	20.8	90.7	22.5	72.5	14.0	36.5
43.7	71.0	33.5	98.9	83.7	48.6	42.4	54.7	7.5	59.1	2.3	88.2	68.7	79.3	79.4
97.4	5.1	61.9	69.3	62.4	52.6	13.5	50.9	17.9	6.2	65.7	10.6	14.0	11.5	24.3
82.0	22.2	55.0	46.3	9.6	48.8	41.7	0.5	64.8	36.1	44.6	19.1	5.1	29.6	80.9
8.2	40.1	17.8	70.8	33.9	99.5	98.4	88.0	38.1	46.3	89.6	45.8	15.0	92.9	83.8
93.1	55.0	66.2	38.8	11.2	91.6	50.5	72.0	52.0	80.3	97.6	15.8	39.3	69.3	90.1
42.3	13.1	17.1	76.2	23.7	50.2	64.3	47.4	18.7	7.7	14.9	31.5	92.9	88.7	27.5
65.6	28.9	30.5	74.8	19.7	71.6	50.4	94.0	47.5	12.8	82.9	92.5	85.3	20.7	5.5
13.5	55.5	72.8	69.0	72.7	0.4	93.9	47.9	18.9	51.4	63.4	72.2	17.9	28.8	3.0
42.3	25.2	47.6	28.5	4.9	42.6	7.7	68.2	4.6	33.4	71.9	72.9	5.7	89.1	10.0
96.9	98.0	86.3	49.5	8.6	10.8	64.7	81.8	48.3	8.2	10.9	42.3	65.5	70.3	69.6
94.1	58.7	92.9	91.9	9.8	48.3	93.8	32.2	47.7	60.7	78.4	27.3	98.9	47.2	24.9
1.0	40.3	34.5	21.5	25.5	92.5	11.2	2.7	89.8	22.6	7.3	21.4	52.6	69.0	54.0
7.5	35.4	67.5	97.2	22.5	76.0	65.1	99.8	73.4	72.7	62.6	68.8	66.2	77.5	1.8
36.8	18.3	85.6	18.4	47.4	95.5	70.7	97.3	65.0	7.2	95.7	28.3	37.2	27.1	94.5
55.9	4.3	25.1	8.5	81.8	24.9	49.0	26.0	57.7	14.9	10.1	95.3	13.3	1.6	13.9
82.4	92.3	16.6	33.4	40.2	77.9	19.4	69.1	47.2	15.0	96.0	78.4	57.3	79.8	44.8
26.9	65.9	90.8	56.8	43.4	86.2	54.2	50.9	96.7	26.7	44.2	13.8	0.3	97.2	33.3
1.2	44.2	15.0	92.0	85.3	10.0	92.9	57.5	27.4	9.8	42.8	32.6	64.9	49.8	77.6
28.7	34.3	5.6	0.5	10.1	6.6	32.4	14.1	36.0	73.3	94.5	34.0	64.5	88.2	53.2
66.9	27.9	14.8	29.4	65.9	19.0	70.1	37.6	28.1	26.1	94.3	32.2	10.5	84.5	47.2
61.3	94.8	68.3	44.8	48.7	86.0	41.3	72.1	7.2	84.1	82.6	6.0	35.8	26.6	16.9
88.4	75.8	23.0	41.3	80.4	8.8	87.1	74.2	68.7	59.9	73.9	99.4	40.2	22.0	83.5
73.1	85.6	24.0	71.8	10.0	53.2	30.4	8.5	43.6	65.3	35.0	5.9	33.6	71.7	92.1
84.3	90.4	93.0	24.3	70.2	55.1	0.8	90.9	48.4	22.9	98.0	57.2	69.1	76.2	98.3
97.9	9.5	97.2	2.8	18.5	60.9	89.9	58.1	38.5	12.0	79.1	21.5	80.5	39.8	28.6
94.8	55.4	68.1	34.8	59.4	33.1	80.3	60.4	87.2	93.1	71.8	69.4	72.7	97.4	97.4
61.1	37.6	63.8	73.1	69.5	39.9	57.2	36.6	44.8	5.8	81.4	78.7	67.6	84.8	78.9
54.1	31.5	92.9	2.5	45.9	21.1	29.7	24.0	100.0	34.6	16.0	50.4	52.2	75.8	77.3
72.2	94.7	78.8	9.2	22.4	32.9	52.2	85.0	65.2	74.1	51.4	24.1	49.6	42.8	59.5
98.9	55.6	94.5	13.1	95.9	50.9	90.2	63.2	87.8	35.3	86.9	72.0	49.8	41.8	83.0
78.9	82.8	27.4	40.6	19.0	43.6	4.0	69.3	29.4	47.1	4.0	37.9	17.3	23.1	70.5
76.2	63.9	25.1	33.1	43.5	25.9	90.7	64.5	49.4	25.5	4.7	81.1	4.6	20.7	99.4
76.0	73.2	89.7	29.5	88.9	15.0	6.7	33.7	6.3	8.0	54.5	84.2	92.8	87.4	50.8
64.4	44.0	27.8	95.1	30.6	46.8	48.2	82.8	35.1	0.4	20.3	6.8	35.5	90.3	22.5
68.2	44.0	45.6	81.8	10.8	33.3	13.5	17.4	20.3	46.1	75.8	14.2	53.0	9.9	11.0
49.5	53.2	89.9	52.0	22.2	88.9	73.6	30.6	6.1	92.0	86.4	52.9	25.0	29.7	63.2
0.2	1.8	47.6	61.3	29.2	35.1	89.9	78.7	63.6	0.2	21.6	27.7	38.2	72.1	17.6
85.9	69.8	12.5	41.5	46.2	46.9	48.8	4.4	13.0	63.9	6.1	47.3	21.4	81.6	82.8
69.0	61.9	9.5	60.2	52.4	75.4	79.8	12.5	64.8	52.2	81.2	10.3	3.9	37.1	14.6
99.0	26.1	52.8	5.0	27.3	28.4	15.2	84.6	44.3	12.6	55.4	69.3	19.8	95.3	6.7
52.8	98.9	48.5	99.7	87.5	1.0	72.4	97.6	23.5	4.3	61.3	84.4	77.7	49.5	36.9
14.2	98.1	1.8	50.7	12.7	25.9	39.8	36.0	43.5	27.0	51.8	57.0	10.7	45.5	74.6
41.7	46.5	80.1	83.4	77.9	60.6	28.7	80.7	72.0	95.3	75.9	47.3	96.9	27.7	62.3
0.8	5.4	56.0	77.1	0.9	50.3	84.6	94.2	6.6	59.7	4.7	96.8	96.7	72.6	24.9
58.2	54.2	19.2	24.2	4.2	26.3	67.0	20.4	10.0	10.9	29.1	46.7	30.9	26.6	95.3
97.0	49.5	58.7	67.9	74.4	82.2	52.4	46.5	28.6	18.4	37.5	42.0	80.3	83.9	81.5
25.9	28.7	78.5	82.0	44.0	70.8	35.1	80.9	12.7	77.8	39.2	1.4	16.7	15.1	28.1
71.4	95.8	77.2	19.2	6.1	58.6	12.6	26.7	62.9	16.1	78.4	54.7	59.1	38.9	8.2
56.6	97.6	48.6	42.6	29.4	90.5	60.7	78.3	72.0	61.4	5.1	29.1	55.2	49.5	8.4
73.2	92.9	36.1	15.0	69.6	82.0	88.0	68.4	41.0	9.6	97.2	40.5	96.8	10.7	51.1
20.9	85.4	70.4	40.9	74.0	26.1	80.8	3.6	5.9	13.9	40.3	72.6	31.3	97.0	60.1
42.9	3.9	59.2	22.5	65.3	45.6	94.5	4.1	95.2	96.9	69.5	55.8	84.0	98.8	59.7
23.8	53.6	92.7	53.0	29.5	53.2	62.0	31.6	38.9	44.6	68.4	54.5	20.0	24.1	54.8
44.0	67.7	53.7	48.9	41.0	6.2	91.6	41.5	48.2	8.6	52.8	67.2	51.2	98.7	83.0
56.5	37.6	47.1	49.3	47.9	97.5	94.7	34.8	68.9	56.3	38.1	73.0	28.1	47.3	98.4
75.6	42.3	94.0	79.7	56.8	85.0	7.4	87.1	5.3	53.6	88.6	93.6	24.6	78.0	51.8
95.6	27.3	47.0	52.9	52.2	82.0	43.5	86.3	93.5	59.6	46.8	71.5	9.1	96.6	55.2
39.1	33.4	81.1	27.2	37.6	54.5	91.9	92.9	5.4	1.1	42.2	30.6	21.3	99.1	45.0
69.5	14.6	3.4	83.3	72.6	40.5	49.9	89.0	39.7	88.8	89.0	90.9	51.0	32.2	49.8
86.2	53.1	68.0	93.3	48.2	65.6	22.7	36.4	27.9	90.9	32.9	0.7	6.3	75.3	85.3
23.9	92.1	41.6	45.6	84.8	54.7	80.8	73.2	29.7	21.3	65.2	54.0	82.2	80.3	33.9
53.5	62.6	71.3	31.7	39.2	57.2	77.7	95.6	86.3	34.4	20.1	32.0	80.8	0.0	24.9
67.6	29.5	91.0	70.6	91.2	16.7	14.3	27.4	6.0	89.8	51.5	1.6	26.9	83.6	99.1
62.4	90.8	70.9	59.5	61.7	6.1	62.9	92.4	54.0	34.9	34.5	18.7	89.6	83.5	8.9
45.0	43.2	43.2	71.3	37.8	5.2	50.3	54.1	47.4	10.1	53.6	66.9	17.4	13.3	63.9
43.4	18.8	25.6	18.5	49.5	1.5	57.2	59.4	74.5	16.9	40.4	59.8	20.9	83.2	53.4
75.0	50.6	40.3	31.6	38.6	93.9	15.5	4.1	57.3	65.3	1.6	65.3	65.4	40.1	44.1
81.3	5.5	1.6	92.9	80.8	21.2	71.7	0.4	62.8	27.8	94.0	50.3	99.9	41.7	57.4
10.7	50.7	67.9	40.7	17.1	73.5	68.9	10.5	6.9	93.4	45.7	66.3	83.9	12.4	52.7
84.3	68.5	34.6	86.8	5.2	40.2	41.9	60.7	30.9	86.8	57.9	86.0	21.8	38.9	66.8
58.8	38.6	19.0	31.8	39.1	85.9	64.5	94.7	49.6	90.3	87.6	16.8	30.9	25.8	29.9
33.1	5.8	62.1	51.3	33.9	35.9	59.8	66.4	81.5	57.5	65.5	45.1	90.4	65.0	14.1
26.0	25.0	27.6	96.6	91.3	45.3	35.6	84.6	36.5	39.9	34.2	15.6	34.8	9.9	12.4
42.9	89.2	15.4	67.9	26.8	40.1	64.6	44.6	44.4	49.6	18.7	6.2	10.2	16.9	23.8
89.6	41.7	48.5	84.4	24.3	26.0	2.1	14.5	31.2	76.3	59.4	14.7	41.1	74.6	75.0
76.1	31.9	39.5	96.5	49.1	80.1	19.0	35.0	53.9	9.0	47.3	22.9	16.4	91.4	19.1
99.7	76.5	42.7	60.3	88.6	27.1	27.7	24.0	85.7	69.3	39.5	8.8	37.6	23.2	45.3
26.0	26.8	83.5	17.6	49.4	29.8	14.8	36.1	42.1	17.1	23.1	64.5	44.0	44.2	15.1
22.6	54.9	60.4	4.0	58.1	66.5	19.1	56.7	79.7	14.3	1.6	44.3	31.2	53.9	9.9
76.0	83.3	41.1	80.5	92.5	41.7	91.5	48.0	50.3	43.0	46.3	38.1	21.7	73.7	2.1
81.2	67.6	62.6	52.6	80.2	88.0	18.9	75.7	93.2	20.7	95.3	87.9	70.4	7.8	64.7
1	2	3	4	5	6	7	8	9	10	11	12	13	14	15
1	2	3	4	5	6	7	8	9	10	11	12	13	14	15
1	2	3	4	5	6	7	8	9	10	11	12	13	14	15
1	2	3	4	5	6	7	8	9	10	11	12	13	14	15
1	2	3	4	5	6	7	8	9	10	11	12	13	14	15
1	2	3	4	5	6	7	8	9	10	11	12	13	14	15
1	2	3	4	5	6	7	8	9	10	11	12	13	14	15
1	2	3	4	5	6	7	8	9	10	11	12	13	14	15
1	2	3	4	5	6	7	8	9	10	11	12	13	14	15
1	2	3	4	5	6	7	8	9	10	11	12	13	14	15
1	2	3	4	5	6	7	8	9	10	11	12	13	14	15
1	2	3	4	5	6	7	8	9	10	11	12	13	14	15
1	2	3	4	5	6	7	8	9	10	11	12	13	14	15
1	2	3	4	5	6	7	8	9	10	11	12	13	14	15
1	2	3	4	5	6	7	8	9	10	11	12	13	14	15
1	2	3	4	5	6	7	8	9	10	11	12	13	14	15
1	2	3	4	5	6	7	8	9	10	11	12	13	14	15
1	2	3	4	5	6	7	8	9	10	11	12	13	14	15
1	2	3	4	5	6	7	8	9	10	11	12	13	14	15
1	2	3	4	5	6	7	8	9	10	11	12	13	14	15
1	2	3	4	5	6	7	8	9	10	11	12	13	14	15
1	2	3	4	5	6	7	8	9	10	11	12	13	14	15
1	2	3	4	5	6	7	8	9	10	11	12	13	14	15
1	2	3	4	5	6	7	8	9	10	11	12	13	14	15
1	2	3	4	5	6	7	8	9	10	11	12	13	14	15
1	2	3	4	5	6	7	8	9	10	11	12	13	14	15
1	2	3	4	5	6	7	8	9	10	11	12	13	14	15
1	2	3	4	5	6	7	8	9	10	11	12	13	14	15
1	2	3	4	5	6	7	8	9	10	11	12	13	14	15
1	2	3	4	5	6	7	8	9	10	11	12	13	14	15
1	2	3	4	5	6	7	8	9	10	11	12	13	14	15
1	2	3	4	5	6	7	8	9	10	11	12	13	14	15
1	2	3	4	5	6	7	8	9	10	11	12	13	14	15
1	2	3	4	5	6	7	8	9	10	11	12	13	14	15
1	2	3	4	5	6	7	8	9	10	11	12	13	14	15
1	2	3	4	5	6	7	8	9	10	11	12	13	14	15
1	2	3	4	5	6	7	8	9	10	11	12	13	14	15
1	2	3	4	5	6	7	8	9	10	11	12	13	14	15
1	2	3	4	5	6	7	8	9	10	11	12	13	14	15
1	2	3	4	5	6	7	8	9	10	11	12	13	14	15
1	2	3	4	5	6	7	8	9	10	11	12	13	14	15
1	2	3	4	5	6	7	8	9	10	11	12	13	14	15
1	2	3	4	5	6	7	8	9	10	11	12	13	14	15
1	2	3	4	5	6	7	8	9	10	11	12	13	14	15
1	2	3	4	5	6	7	8	9	10	11	12	13	14	15
1	2	3	4	5	6	7	8	9	10	11	12	13	14	15
1	2	3	4	5	6	7	8	9	10	11	12	13	14	15
1	2	3	4	5	6	7	8	9	10	11	12	13	14	15
1	2	3	4	5	6	7	8	9	10	11	12	13	14	15
1	2	3	4	5	6	7	8	9	10	11	12	13	14	15
1	2	3	4	5	6	7	8	9	10	11	12	13	14	15
1	2	3	4	5	6	7	8	9	10	11	12	13	14	15
1	2	3	4	5	6	7	8	9	10	11	12	13	14	15
1	2	3	4	5	6	7	8	9	10	11	12	13	14	15
1	2	3	4	5	6	7	8	9	10	11	12	13	14	15
1	2	3	4	5	6	7	8	9	10	11	12	13	14	15
1	2	3	4	5	6	7	8	9	10	11	12	13	14	15
1	2	3	4	5	6	7	8	9	10	11	12	13	14	15
1	2	3	4	5	6	7	8	9	10	11	12	13	14	15
1	2	3	4	5	6	7	8	9	10	11	12	13	14	15
1	2	3	4	5	6	7	8	9	10	11	12	13	14	15
1	2	3	4	5	6	7	8	9	10	11	12	13	14	15
1	2	3	4	5	6	7	8	9	10	11	12	13	14	15
1	2	3	4	5	6	7	8	9	10	11	12	13	14	15
1	2	3	4	5	6	7	8	9	10	11	12	13	14	15
1	2	3	4	5	6	7	8	9	10	11	12	13	14	15
1	2	3	4	5	6	7	8	9	10	11	12	13	14	15
1	2	3	4	5	6	7	8	9	10	11	12	13	14	15
1	2	3	4	5	6	7	8	9	10	11	12	13	14	15
1	2	3	4	5	6	7	8	9	10	11	12	13	14	15
1	2	3	4	5	6	7	8	9	10	11	12	13	14	15
1	2	3	4	5	6	7	8	9	10	11	12	13	14	15
1	2	3	4	5	6	7	8	9	10	11	12	13	14	15
1	2	3	4	5	6	7	8	9	10	11	12	13	14	15
1	2	3	4	5	6	7	8	9	10	11	12	13	14	15
1	2	3	4	5	6	7	8	9	10	11	12	13	14	15
1	2	3	4	5	6	7	8	9	10	11	12	13	14	15
1	2	3	4	5	6	7	8	9	10	11	12	13	14	15
1	2	3	4	5	6	7	8	9	10	11	12	13	14	15
1	2	3	4	5	6	7	8	9	10	11	12	13	14	15
1	2	3	4	5	6	7	8	9	10	11	12	13	14	15
1	2	3	4	5	6	7	8	9	10	11	12	13	14	15
1	2	3	4	5	6	7	8	9	10	11	12	13	14	15
1	2	3	4	5	6	7	8	9	10	11	12	13	14	15
1	2	3	4	5	6	7	8	9	10	11	12	13	14	15
1	2	3	4	5	6	7	8	9	10	11	12	13	14	15
1	2	3	4	5	6	7	8	9	10	11	12	13	14	15
1	2	3	4	5	6	7	8	9	10	11	12	13	14	15
1	2	3	4	5	6	7	8	9	10	11	12	13	14	15
1	2	3	4	5	6	7	8	9	10	11	12	13	14	15
1	2	3	4	5	6	7	8	9	10	11	12	13	14	15
1	2	3	4	5	6	7	8	9	10	11	12	13	14	15
1	2	3	4	5	6	7	8	9	10	11	12	13	14	15
1	2	3	4	5	6	7	8	9	10	11	12	13	14	15
1	2	3	4	5	6	7	8	9	10	11	12	13	14	15
1	2	3	4	5	6	7	8	9	10	11	12	13	14	15
1	2	3	4	5	6	7	8	9	10	11	12	13	14	15
1	2	3	4	5	6	7	8	9	10	11	12	13	14	15
1	2	3	4	5	6	7	8	9	10	11	12	13	14	15
1	2	3	4	5	6	7	8	9	10	11	12	13	14	15
1	2	3	4	5	6	7	8	9	10	11	12	13	14	15
1	2	3	4	5	6	7	8	9	10	11	12	13	14	15
1	2	3	4	5	6	7	8	9	10	11	12	13	14	15
1	2	3	4	5	6	7	8	9	10	11	12	13	14	15
1	2	3	4	5	6	7	8	9	10	11	12	13	14	15
1	2	3	4	5	6	7	8	9	10	11	12	13	14	15
1	2	3	4	5	6	7	8	9	10	11	12	13	14	15
1	2	3	4	5	6	7	8	9	10	11	12	13	14	15
1	2	3	4	5	6	7	8	9	10	11	12	13	14	15
1	2	3	4	5	6	7	8	9	10	11	12	13	14	15
1	2	3	4	5	6	7	8	9	10	11	12	13	14	15
1	2	3	4	5	6	7	8	9	10	11	12	13	14	15
1	2	3	4	5	6	7	8	9	10	11	12	13	14	15
1	2	3	4	5	6	7	8	9	10	11	12	13	14	15
1	2	3	4	5	6	7	8	9	10	11	12	13	14	15
1	2	3	4	5	6	7	8	9	10	11	12	13	14	15
1	2	3	4	5	6	7	8	9	10	11	12	13	14	15
1	2	3	4	5	6	7	8	9	10	11	12	13	14	15
1	2	3	4	5	6	7	8	9	10	11	12	13	14	15
1	2	3	4	5	6	7	8	9	10	11	12	13	14	15
1	2	3	4	5	6	7	8	9	10	11	12	13	14	15
1	2	3	4	5	6	7	8	9	10	11	12	13	14	15
1	2	3	4	5	6	7	8	9	10	11	12	13	14	15
1	2	3	4	5	6	7	8	9	10	11	12	13	14	15
1	2	3	4	5	6	7	8	9	10	11	12	13	14	15
1	2	3	4	5	6	7	8	9	10	11	12	13	14	15
1	2	3	4	5	6	7	8	9	10	11	12	13	14	15
1	2	3	4	5	6	7	8	9	10	11	12	13	14	15
1	2	3	4	5	6	7	8	9	10	11	12	13	14	15
1	2	3	4	5	6	7	8	9	10	11	12	13	14	15
1	2	3	4	5	6	7	8	9	10	11	12	13	14	15
1	2	3	4	5	6	7	8	9	10	11	12	13	14	15
1	2	3	4	5	6	7	8	9	10	11	12	13	14	15
1	2	3	4	5	6	7	8	9	10	11	12	13	14	15
1	2	3	4	5	6	7	8	9	10	11	12	13	14	15
1	2	3	4	5	6	7	8	9	10	11	12	13	14	15
1	2	3	4	5	6	7	8	9	10	11	12	13	14	15
1	2	3	4	5	6	7	8	9	10	11	12	13	14	15
1	2	3	4	5	6	7	8	9	10	11	12	13	14	15
1	2	3	4	5	6	7	8	9	10	11	12	13	14	15
1	2	3	4	5	6	7	8	9	10	11	12	13	14	15
1	2	3	4	5	6	7	8	9	10	11	12	13	14	15
1	2	3	4	5	6	7	8	9	10	11	12	13	14	15
1	2	3	4	5	6	7	8	9	10	11	12	13	14	15
1	2	3	4	5	6	7	8	9	10	11	12	13	14	15
1	2	3	4	5	6	7	8	9	10	11	12	13	14	15
1	2	3	4	5	6	7	8	9	10	11	12	13	14	15
1	2	3	4	5	6	7	8	9	10	11	12	13	14	15
1	2	3	4	5	6	7	8	9	10	11	12	13	14	15
1	2	3	4	5	6	7	8	9	10	11	12	13	14	15
1	2	3	4	5	6	7	8	9	10	11	12	13	14	15
1	2	3	4	5	6	7	8	9	10	11	12	13	14	15
1	2	3	4	5	6	7	8	9	10	11	12	13	14	15
1	2	3	4	5	6	7	8	9	10	11	12	13	14	15
1	2	3	4	5	6	7	8	9	10	11	12	13	14	15
1	2	3	4	5	6	7	8	9	10	11	12	13	14	15
1	2	3	4	5	6	7	8	9	10	11	12	13	14	15
1	2	3	4	5	6	7	8	9	10	11	12	13	14	15
1	2	3	4	5	6	7	8	9	10	11	12	13	14	15
1	2	3	4	5	6	7	8	9	10	11	12	13	14	15
1	2	3	4	5	6	7	8	9	10	11	12	13	14	15
1	2	3	4	5	6	7	8	9	10	11	12	13	14	15
1	2	3	4	5	6	7	8	9	10	11	12	13	14	15
1	2	3	4	5	6	7	8	9	10	11	12	13	14	15
1	2	3	4	5	6	7	8	9	10	11	12	13	14	15
1	2	3	4	5	6	7	8	9	10	11	12	13	14	15
1	2	3	4	5	6	7	8	9	10	11	12	13	14	15
1	2	3	4	5	6	7	8	9	10	11	12	13	14	15
1	2	3	4	5	6	7	8	9	10	11	12	13	14	15
1	2	3	4	5	6	7	8	9	10	11	12	13	14	15
1	2	3	4	5	6	7	8	9	10	11	12	13	14	15
1	2	3	4	5	6	7	8	9	10	11	12	13	14	15
1	2	3	4	5	6	7	8	9	10	11	12	13	14	15
1	2	3	4	5	6	7	8	9	10	11	12	13	14	15
1	2	3	4	5	6	7	8	9	10	11	12	13	14	15
1	2	3	4	5	6	7	8	9	10	11	12	13	14	15
1	2	3	4	5	6	7	8	9	10	11	12	13	14	15
1	2	3	4	5	6	7	8	9	10	11	12	13	14	15
1	2	3	4	5	6	7	8	9	10	11	12	13	14	15
1	2	3	4	5	6	7	8	9	10	11	12	13	14	15
1	2	3	4	5	6	7	8	9	10	11	12	13	14	15
1	2	3	4	5	6	7	8	9	10	11	12	13	14	15
1	2	3	4	5	6	7	8	9	10	11	12	13	14	15
1	2	3	4	5	6	7	8	9	10	11	12	13	14	15
1	2	3	4	5	6	7	8	9	10	11	12	13	14	15
1	2	3	4	5	6	7	8	9	10	11	12	13	14	15
1	2	3	4	5	6	7	8	9	10	11	12	13	14	15
1	2	3	4	5	6	7	8	9	10	11	12	13	14	15
1	2	3	4	5	6	7	8	9	10	11	12	13	14	15
1	2	3	4	5	6	7	8	9	10	11	12	13	14	15
1	2	3	4	5	6	7	8	9	10	11	12	13	14	15
1	2	3	4	5	6	7	8	9	10	11	12	13	14	15
1	2	3	4	5	6	7	8	9	10	11	12	13	14	15
1	2	3	4	5	6	7	8	9	10	11	12	13	14	15
1	2	3	4	5	6	7	8	9	10	11	12	13	14	15
1	2	3	4	5	6	7	8	9	10	11	12	13	14	15
1	2	3	4	5	6	7	8	9	10	11	12	13	14	15
1	2	3	4	5	6	7	8	9	10	11	12	13	14	15
1	2	3	4	5	6	7	8	9	10	11	12	13	14	15
1	2	3	4	5	6	7	8	9	10	11	12	13	14	15
