200	15
74.3	46.6	95.9	81.4	87.7	5.8	35.7	86.4	74.2	52.9	11.7	71.5	9.2	30.3	58.5
11.0	15.0	74.4	40.1	29.2	70.6	88.0	87.0	84.8	75.0	50.3	26.3	61.0	62.1	39.1
75.0	15.6	74.3	68.9	22.1	10.9	62.2	34.7	9.3	60.9	49.8	25.7	21.9	75.5	3.2
67.1	75.1	50.3	63.6	93.9	98.4	74.2	73.2	50.2	64.0	0.2	22.1	33.8	33.6	36.1
39.6	69.1	0.3	14.7	19.6	77.1	60.8	23.7	30.2	73.2	29.1	15.3	96.6	96.6	70.2
5.4	55.3	12.4	82.7	25.5	21.5	22.5	66.2	73.2	32.7	42.0	92.2	64.2	27.3	83.7
59.3	23.5	64.2	89.8	71.6	59.3	97.4	12.6	9.5	22.0	7.9	88.3	4.9	40.2	75.7
34.8	97.9	67.5	19.2	49.3	67.0	100.0	41.7	52.5	5.2	10.0	85.7	57.0	46.7	5.0
18.7	28.3	43.9	61.2	14.7	27.8	20.5	7.7	67.7	97.7	20.3	45.9	21.0	53.4	77.9
75.2	13.4	22.8	39.4	16.5	6.3	54.0	65.4	69.9	41.5	44.3	37.8	10.6	95.3	63.0
73.6	88.8	0.1	28.6	18.3	78.5	63.3	59.0	68.2	40.0	66.9	29.6	97.9	59.3	26.1
4.2	72.4	13.5	97.6	40.5	50.1	28.3	58.9	55.6	58.4	6.7	75.5	44.8	90.0	33.9
69.6	56.3	69.0	60.2	41.3	79.9	64.3	53.8	80.9	34.1	98.9	84.9	88.0	6.1	96.6
36.2	81.5	6.6	14.6	86.6	15.0	59.8	2.4	54.0	89.9	9.6	57.1	0.9	34.0	61.1
36.3	31.6	21.8	76.2	85.7	15.4	31.6	29.2	78.7	17.0	53.1	70.4	49.3	90.2	42.5
52.2	15.7	64.8	53.2	17.3	83.6	19.3	75.3	74.0	86.0	7.0	46.8	12.9	22.6	53.7
85.4	81.6	69.5	59.4	63.3	96.7	86.0	43.6	85.7	35.1	9.0	46.7	49.9	44.2	73.8
84.5	74.6	10.6	6.1	66.9	99.3	70.2	68.7	34.8	53.8	99.5	79.1	19.8	96.2	65.3
42.0	40.4	12.3	62.3	43.6	9.8	72.4	68.3	77.5	59.2	19.0	94.1	64.9	21.1	32.3
64.0	33.8	76.2	24.0	44.7	38.3	27.1	8.3	87.3	45.9	81.1	72.1	0.3	69.8	78.8
50.3	99.5	39.9	88.2	56.5	53.4	91.5	10.0	56.2	38.7	68.6	96.0	13.4	43.0	76.8
13.9	98.4	97.9	72.2	6.8	49.1	53.9	48.8	79.7	52.1	11.1	67.6	11.4	3.6	48.9
58.4	20.1	9.3	6.0	52.7	36.6	89.8	6.6	67.1	71.4	60.3	65.3	99.2	14.7	76.1
54.8	90.3	36.7	86.7	66.3	58.4	94.5	66.6	5.4	43.8	25.1	75.9	56.5	43.5	71.0
58.0	27.9	9.9	27.1	97.9	17.4	54.0	23.3	8.5	95.1	86.1	9.5	5.0	0.5	81.0
59.9	59.2	21.6	86.7	97.7	45.4	78.0	38.4	1.0	72.9	30.1	49.2	64.8	53.4	81.9
67.8	20.9	76.7	86.0	32.2	0.2	72.6	43.2	88.6	66.2	19.6	93.4	27.5	30.1	25.1
57.3	50.2	85.9	44.7	33.9	89.6	66.0	95.9	49.5	27.1	8.2	22.8	85.3	75.1	23.4
46.2	9.5	7.0	30.6	65.4	73.1	93.5	9.7	52.7	45.8	2.9	87.6	45.0	70.6	52.3
43.1	12.4	98.0	55.8	4.5	80.2	82.3	84.2	71.3	46.0	31.3	67.4	37.1	72.9	78.9
55.3	37.7	58.6	64.8	13.3	29.7	84.7	26.1	74.7	33.2	26.3	45.8	7.6	8.5	32.7
64.9	12.9	24.5	51.5	72.3	53.4	62.2	58.2	9.1	11.5	75.2	59.2	22.5	45.7	64.5
32.5	55.9	65.0	50.5	20.5	77.0	40.4	25.5	33.3	97.9	76.7	41.2	69.7	85.2	1.8
20.8	20.5	79.4	89.2	79.0	80.8	61.2	51.1	50.7	36.2	55.8	55.3	24.0	7.1	10.9
64.6	63.7	46.7	90.1	72.8	39.3	3.5	84.8	10.3	68.8	24.8	31.3	16.6	29.9	99.8
87.0	18.2	94.9	2.2	31.4	67.8	54.9	85.0	18.0	52.7	95.9	39.3	87.1	93.1	6.0
72.7	84.5	58.5	45.0	82.7	74.4	34.3	39.9	65.7	39.5	37.7	57.5	96.3	70.5	20.1
67.9	38.2	1.9	38.8	56.5	70.3	84.7	95.8	62.8	51.3	38.8	62.8	14.4	89.3	56.5
64.9	81.7	16.5	5.9	71.7	41.9	93.0	71.6	5.4	77.4	7.1	50.5	25.3	44.3	42.7
92.5	68.7	100.0	80.3	2.4	96.1	29.3	51.6	6.6	19.4	36.4	87.8	98.0	11.5	35.8
42.0	82.1	35.8	81.9	32.9	37.6	51.6	70.8	50.3	19.5	9.5	49.7	3.7	22.3	12.1
51.6	11.2	54.9	68.6	54.0	83.1	47.8	75.8	89.1	15.2	24.2	23.9	61.9	96.1	32.7
72.7	21.0	55.0	76.4	10.9	82.8	21.6	25.1	6.2	47.8	73.6	88.5	96.4	96.7	80.5
1.0	68.4	28.1	98.9	18.1	43.4	90.5	9.2	0.0	12.6	80.9	38.3	18.1	53.3	34.5
73.8	65.3	23.9	47.9	30.8	20.6	12.8	35.5	58.4	3.0	29.6	70.6	80.8	70.4	64.0
99.9	29.0	55.9	72.6	77.5	86.5	5.3	86.6	59.3	74.4	78.3	73.6	83.7	47.7	5.1
31.4	79.1	77.4	28.4	40.5	80.1	54.6	82.2	14.0	26.7	12.2	14.3	85.1	65.2	59.2
49.3	75.3	54.5	41.5	85.0	64.1	59.6	24.4	59.5	93.4	99.4	72.0	88.8	12.8	54.0
17.2	61.4	95.9	53.4	31.0	73.4	22.6	69.7	1.8	72.6	60.2	79.4	7.5	32.6	32.5
7.2	30.1	42.2	84.3	60.8	56.5	22.3	45.7	83.4	48.0	23.0	61.9	68.0	20.0	13.2
60.0	32.8	62.0	39.8	54.3	72.6	21.8	22.4	46.6	2.7	29.1	96.5	1.8	85.4	95.1
84.9	0.2	63.1	56.4	94.2	54.0	69.4	48.8	93.2	90.4	32.5	10.4	6.6	71.9	18.9
41.9	41.2	14.0	14.2	83.4	15.9	37.6	68.3	9.0	74.7	97.9	12.6	25.7	32.5	30.2
4.7	28.7	46.4	65.8	78.9	33.6	4.3	40.4	32.7	72.7	28.0	14.4	10.2	13.0	67.9
61.5	13.3	78.5	12.6	47.0	66.0	97.1	74.6	63.0	86.8	5.0	52.4	4.4	81.1	45.4
88.4	1.5	46.2	31.1	69.9	89.5	25.9	99.8	62.4	5.9	0.1	62.6	69.2	20.9	26.8
69.8	83.6	67.2	58.7	10.9	80.9	73.8	73.8	59.5	89.5	34.7	72.5	32.9	98.4	14.2
53.4	36.4	60.4	56.1	81.1	30.6	31.7	31.4	83.2	58.6	23.1	69.6	51.3	42.3	33.3
35.0	57.7	64.1	59.1	15.9	50.3	65.2	39.9	54.8	90.6	84.7	42.9	3.8	5.5	27.0
19.9	29.9	92.2	86.3	46.8	23.6	75.2	31.5	60.3	53.1	0.7	53.4	95.2	73.5	36.1
70.7	22.8	9.0	83.1	92.3	98.3	54.8	35.5	73.9	61.3	62.0	12.8	49.0	57.5	43.9
26.4	78.9	37.5	63.1	37.9	57.7	69.1	51.2	26.8	71.9	54.9	39.9	31.7	56.8	98.1
8.7	77.3	87.1	77.0	2.4	63.9	39.2	35.2	33.7	56.5	42.4	98.0	35.1	83.4	32.4
19.5	19.3	57.7	33.1	58.6	57.5	13.4	34.2	74.2	60.4	90.9	55.1	89.0	22.9	75.1
1.6	30.0	99.3	91.8	3.8	40.7	13.6	26.6	61.7	42.7	65.8	41.3	44.9	76.2	99.4
13.6	77.9	94.7	99.2	13.5	27.1	42.7	96.2	98.8	4.5	34.3	69.9	19.7	56.1	60.4
57.3	67.7	70.4	82.1	74.1	36.7	84.3	1.4	14.1	47.7	8.5	54.9	72.3	10.4	81.8
28.7	17.1	60.9	87.3	96.4	14.6	58.5	69.7	74.1	61.8	87.4	77.3	25.9	65.7	57.8
57.2	63.3	97.2	85.6	17.7	10.9	64.3	46.5	91.3	46.1	87.5	55.9	74.7	94.7	88.6
92.4	66.7	67.4	68.4	7.7	29.9	12.5	84.9	96.1	16.7	0.6	18.3	32.1	94.3	31.4
13.8	85.6	20.1	87.4	23.7	84.8	10.1	19.7	35.7	90.6	17.3	29.8	81.2	92.5	12.6
70.0	55.4	80.7	36.4	56.3	3.9	77.9	78.5	36.1	19.6	67.8	80.3	1.4	21.8	34.4
77.8	75.2	6.3	46.9	83.0	63.4	16.8	93.2	6.6	47.5	89.1	36.3	34.3	90.3	97.0
31.8	22.6	66.3	82.9	99.1	16.6	10.4	49.1	20.4	10.9	48.7	88.8	32.0	35.5	46.8
98.3	52.2	93.6	43.0	11.2	0.4	96.2	55.7	43.8	9.4	11.7	33.0	91.6	5.1	24.8
3.3	84.0	82.8	75.1	72.4	84.6	86.4	8.4	74.0	85.5	55.0	30.8	23.0	85.1	54.3
40.3	17.5	6.3	58.6	33.6	28.2	67.8	68.8	62.4	43.2	66.9	85.4	93.5	13.2	52.6
47.5	25.1	0.5	10.7	61.9	12.2	5.1	48.8	81.2	7.8	1.0	26.2	44.8	85.1	95.9
58.5	7.3	2.6	87.2	59.5	90.2	5.3	40.3	60.9	40.6	37.0	46.8	78.8	63.2	48.5
27.8	66.3	19.4	3.1	2.5	25.5	65.5	98.1	33.6	25.9	82.9	29.8	20.9	52.2	60.3
26.2	90.0	19.2	28.1	20.5	51.4	72.7	78.3	97.7	27.6	19.6	59.5	40.3	42.1	76.0
51.0	25.2	9.6	58.4	94.5	5.2	74.0	6.4	33.9	81.1	30.8	51.3	60.1	33.0	87.0
71.2	92.9	53.4	23.7	93.4	3.1	57.7	48.5	34.6	4.1	23.4	92.9	27.2	54.5	99.1
68.9	6.5	65.9	71.0	47.4	3.7	67.1	5.5	48.4	59.4	1.9	46.9	91.3	87.6	82.3
79.1	39.6	17.8	17.3	40.0	40.1	7.4	4.0	3.1	85.9	41.7	62.1	18.0	34.1	66.3
59.1	40.8	15.8	27.0	23.1	58.6	87.0	89.8	3.3	96.2	18.3	88.6	64.9	92.9	77.6
13.2	55.0	19.8	69.0	23.1	94.3	56.7	21.5	2.2	20.8	33.0	1.2	56.6	99.4	11.9
1.1	16.7	17.1	99.1	75.8	62.1	97.1	23.6	92.6	95.8	88.2	17.5	3.8	7.6	34.2
61.5	29.1	2.7	13.1	23.4	42.9	4.0	94.7	78.0	36.7	71.5	73.8	72.3	24.3	62.4
9.3	53.2	77.4	54.6	91.5	53.3	17.8	96.9	47.9	34.5	73.9	77.2	27.6	45.0	88.2
72.5	82.3	38.7	86.7	44.0	10.1	13.2	63.3	58.9	96.8	30.5	39.3	10.8	28.5	87.3
1.6	6.3	27.3	2.8	83.0	79.6	49.5	66.0	26.0	81.3	66.8	32.8	26.3	45.2	59.1
58.8	53.7	85.9	86.7	3.2	38.4	22.8	78.5	54.6	21.2	36.8	89.8	29.1	40.3	39.4
57.7	1.1	92.9	72.0	18.6	96.7	4.4	30.1	25.6	39.6	31.7	52.1	91.1	11.2	26.5
83.6	85.3	56.5	12.0	39.1	88.3	14.3	89.0	37.4	42.1	87.5	39.7	10.9	57.1	63.6
90.1	71.3	73.6	33.1	40.4	91.1	93.1	15.1	37.4	45.6	58.7	44.9	46.8	87.2	80.6
65.2	28.2	70.0	46.1	14.0	40.4	5.2	91.5	40.5	21.8	74.8	67.0	27.7	94.1	48.2
60.4	97.7	16.5	67.3	13.5	2.5	7.6	79.5	27.2	52.8	27.0	38.8	36.9	32.7	82.9
17.9	20.2	93.8	75.4	85.1	66.4	33.5	51.5	36.8	38.3	82.3	91.7	24.5	89.3	31.1
88.4	99.5	85.5	16.2	50.1	36.6	45.2	49.8	34.4	33.3	11.3	55.4	46.6	29.5	8.6
42.1	63.6	93.5	51.8	1.7	52.7	70.5	87.6	68.7	82.1	9.1	57.5	87.4	26.7	26.6
48.5	96.6	62.4	75.7	58.2	73.6	80.0	45.9	24.1	34.3	22.3	14.4	18.1	50.5	32.0
93.0	91.1	10.3	7.8	88.1	29.9	88.6	29.0	83.3	50.8	77.2	52.7	96.7	10.3	54.8
5.2	73.1	91.0	49.2	94.4	56.4	62.0	42.4	19.2	24.5	69.4	90.1	86.6	93.0	95.1
29.1	32.6	34.6	87.3	36.7	23.9	78.0	11.9	21.4	39.0	57.1	50.6	41.2	82.4	49.2
22.7	78.0	26.4	42.7	89.9	22.0	24.0	69.1	68.6	67.9	86.8	9.6	46.9	44.9	58.1
49.5	27.5	84.5	94.5	71.3	87.2	13.5	41.9	89.9	55.2	53.2	19.0	84.4	64.5	56.4
35.8	74.8	71.0	31.2	71.2	98.4	50.0	81.9	23.2	95.4	10.2	97.7	62.7	5.4	22.4
15.5	46.7	63.6	2.4	78.4	99.8	18.7	15.9	44.2	74.7	25.6	55.4	62.8	86.8	4.2
13.5	60.7	99.4	76.8	26.4	48.1	94.2	32.9	90.0	50.3	15.8	45.2	28.2	95.4	19.4
4.4	36.1	6.4	25.1	66.0	63.1	99.3	42.4	44.7	91.7	43.8	5.8	11.7	2.2	3.2
39.7	65.1	51.9	13.7	19.1	58.0	15.4	47.1	33.2	96.3	95.5	65.4	88.1	62.4	6.1
45.1	6.0	58.4	45.5	38.8	97.8	72.5	93.2	15.0	16.5	56.5	67.4	72.9	22.3	78.3
98.8	22.6	66.6	28.2	53.9	94.6	7.5	58.8	98.5	99.5	26.1	25.3	35.3	82.2	73.5
42.4	72.8	79.5	59.4	38.9	9.8	87.5	7.2	64.2	66.2	11.7	30.9	93.7	40.7	87.3
54.4	96.7	34.1	38.0	39.8	34.9	77.7	71.7	10.3	85.2	96.5	29.8	13.4	39.8	94.9
15.1	67.1	81.9	61.7	78.0	39.5	84.0	22.8	8.8	84.2	80.5	46.9	72.0	73.1	54.9
98.3	83.2	18.6	63.1	40.8	88.0	83.2	58.4	75.8	35.6	15.2	4.6	18.6	2.4	94.6
96.5	4.7	66.2	93.1	59.2	39.5	67.1	34.7	95.1	25.2	15.0	92.2	90.9	85.7	29.1
40.7	46.8	72.1	49.6	3.0	37.0	95.0	38.0	44.8	66.5	0.2	17.3	67.2	38.6	70.5
96.1	67.8	90.4	65.5	77.0	99.6	56.7	6.9	80.1	63.5	38.4	91.5	47.0	94.3	58.2
95.0	47.1	83.1	65.9	82.3	44.1	70.9	48.9	24.0	69.6	0.3	97.4	48.5	40.5	25.1
10.5	33.2	84.9	92.2	87.0	89.9	24.4	50.2	28.6	95.7	96.5	75.8	92.3	87.4	88.6
83.5	37.4	71.8	72.6	89.7	66.3	8.4	81.9	74.5	75.6	10.4	66.6	83.1	54.8	18.0
19.5	20.3	18.0	4.5	91.3	94.4	28.4	1.4	90.2	67.2	9.0	95.9	62.8	50.6	40.2
81.6	74.1	62.2	47.6	63.3	89.1	95.6	96.1	7.5	37.9	78.1	82.5	36.2	91.3	8.1
27.2	62.5	15.6	81.5	0.4	29.0	68.1	25.0	6.0	47.3	1.8	8.9	72.4	22.0	9.3
55.8	12.8	73.1	17.8	98.2	93.2	19.6	48.4	61.6	83.3	45.8	92.5	74.9	42.4	51.0
84.7	37.3	8.0	63.3	9.5	35.0	44.7	81.9	98.4	28.2	19.1	21.8	64.4	30.3	80.8
50.8	6.7	8.2	85.7	88.6	77.0	80.7	21.2	57.4	67.4	99.3	70.8	7.8	1.2	48.7
68.2	8.3	50.0	22.7	75.2	92.6	6.8	80.8	70.6	46.0	60.2	55.5	17.3	63.4	64.0
82.5	41.2	94.1	83.8	76.2	56.9	73.3	37.7	82.8	67.5	98.2	39.3	58.2	16.7	33.4
91.5	41.2	52.2	39.2	95.3	22.1	29.3	93.0	11.4	45.8	71.3	66.8	84.5	67.1	50.1
73.6	27.5	64.8	43.3	29.3	22.9	89.7	96.2	62.0	10.5	38.1	19.1	78.2	94.0	74.9
67.1	36.5	6.9	45.9	97.8	25.2	33.0	87.9	29.4	4.0	64.1	76.6	79.9	25.5	13.8
38.4	95.9	6.3	58.8	56.7	51.4	87.9	67.6	9.4	30.0	13.1	24.7	86.0	38.9	65.4
55.7	12.0	72.0	96.2	12.7	11.8	65.2	0.8	11.0	10.9	1.1	42.9	12.2	46.7	61.3
93.8	13.3	80.9	85.5	68.9	71.3	74.6	51.8	51.5	18.1	26.8	45.6	34.4	33.2	63.5
70.9	18.5	5.6	95.9	71.1	67.6	74.5	49.1	82.7	59.6	23.7	1.6	52.7	57.3	29.5
94.7	39.9	77.7	69.1	57.6	9.2	82.7	89.2	17.8	94.1	17.9	89.7	66.2	20.3	20.0
65.7	4.2	81.6	81.8	43.4	63.8	33.3	76.6	84.4	95.6	83.7	59.2	85.9	47.4	95.2
98.6	1.0	49.9	78.6	78.2	28.7	37.6	27.9	21.5	49.4	11.0	10.8	19.9	14.2	21.1
9.2	79.3	42.3	9.2	36.0	27.0	25.7	97.8	5.1	92.6	30.9	40.4	19.3	40.9	95.9
94.7	96.5	38.4	99.3	68.9	5.5	48.9	86.0	45.1	19.6	97.8	36.6	77.8	7.0	58.0
3.2	26.0	96.8	79.6	95.3	31.9	67.3	99.5	50.7	24.3	45.8	44.2	98.2	63.6	22.4
54.3	29.4	35.1	95.8	61.6	4.9	57.7	6.1	18.5	46.4	60.9	98.1	83.4	71.2	45.0
65.7	71.2	47.2	20.8	42.8	15.6	80.3	70.8	25.1	56.2	66.1	10.8	93.9	61.5	68.5
4.4	91.4	15.5	0.3	70.7	17.1	38.8	65.5	63.0	30.5	36.0	56.5	23.7	56.8	32.1
27.1	90.6	97.5	21.3	95.5	3.6	52.2	98.4	51.1	63.2	72.3	62.3	7.3	4.2	90.1
8.3	92.4	96.0	5.6	2.5	54.4	71.0	95.6	22.3	41.6	16.8	40.9	33.0	23.0	74.9
0.3	70.8	7.4	1.4	92.6	28.4	84.4	73.1	62.5	49.8	77.7	67.6	37.5	12.6	0.4
14.7	2.8	14.7	82.9	25.8	29.7	45.0	99.9	37.6	14.9	61.6	43.6	88.3	33.9	36.9
42.7	38.3	67.3	20.6	20.6	36.3	65.4	91.6	56.0	34.9	75.2	89.6	15.3	24.3	29.0
94.6	80.0	0.1	70.7	42.4	4.2	14.3	53.2	80.1	13.2	74.3	38.9	10.1	27.9	64.5
53.9	8.7	40.2	7.9	43.2	46.2	0.3	77.8	32.6	16.6	2.6	69.9	80.2	19.1	32.7
67.9	90.3	18.2	29.9	68.9	97.3	46.1	33.5	5.1	3.0	49.5	58.3	57.4	30.9	18.1
78.8	15.1	51.1	80.1	12.2	74.9	83.0	39.9	60.3	30.2	34.4	54.5	6.7	73.0	33.2
30.7	45.4	1.9	89.9	90.7	29.7	54.0	22.6	33.0	81.2	68.5	81.0	62.0	21.3	7.9
41.3	44.3	29.4	87.5	100.0	62.2	93.5	27.7	75.4	55.4	53.6	86.7	80.9	67.6	63.3
42.8	50.7	54.7	45.0	95.8	55.2	18.2	4.6	58.6	25.6	51.3	46.6	87.4	36.5	32.6
6.6	64.5	98.6	89.2	67.1	86.5	63.8	43.5	20.4	10.5	80.2	21.7	76.8	47.1	7.0
47.5	30.4	19.1	66.3	11.1	63.2	27.9	43.3	72.6	78.7	96.7	88.1	23.2	41.5	60.8
6.5	78.3	42.1	62.9	65.0	16.6	73.5	41.1	55.3	49.0	14.5	91.5	94.8	29.5	78.2
41.4	15.4	57.6	2.1	0.5	73.1	61.4	11.7	9.6	74.7	62.6	38.2	45.8	39.9	41.4
33.9	35.1	20.1	93.6	54.1	85.0	0.3	69.9	0.2	68.1	63.0	91.4	32.1	70.5	2.8
31.8	75.6	22.4	43.6	58.5	0.2	35.4	95.0	98.9	18.7	78.8	77.6	43.8	71.3	67.0
91.1	63.7	37.6	92.2	5.9	69.2	80.6	62.1	69.9	36.9	86.4	45.7	59.3	43.6	90.5
34.6	49.2	7.4	50.7	85.5	89.4	46.1	9.4	12.2	53.1	46.3	11.7	58.6	79.9	77.5
68.1	88.9	46.3	75.9	52.2	60.3	69.5	75.0	84.7	90.5	62.9	23.8	6.1	22.7	8.9
68.7	89.8	94.8	87.1	75.3	25.4	78.9	17.7	45.8	8.0	34.0	41.4	31.8	63.0	56.8
82.7	41.0	27.6	51.8	52.0	84.3	90.9	94.0	52.2	2.5	9.7	83.2	45.0	66.6	77.6
56.1	37.7	19.7	45.7	77.6	28.7	63.6	37.2	49.6	8.8	19.0	16.0	99.4	18.3	79.6
56.0	27.0	23.0	42.5	50.3	22.2	78.8	86.3	40.7	23.6	92.1	76.4	53.5	67.6	76.4
88.8	58.3	70.4	71.8	96.4	56.7	70.6	3.1	16.9	78.1	46.7	1.6	11.8	14.4	77.8
38.5	1.5	73.7	61.7	53.6	82.6	12.4	81.2	33.9	76.1	1.1	12.2	37.4	24.9	77.9
33.0	7.1	61.4	6.3	97.9	24.4	53.6	79.8	46.6	22.7	96.9	29.6	95.5	91.9	30.2
62.7	6.4	25.9	44.9	60.8	7.3	38.4	41.1	0.3	30.3	14.7	7.5	62.2	84.7	60.4
42.2	2.0	13.1	95.2	76.3	25.9	4.2	98.9	99.8	97.6	34.2	35.1	14.4	85.0	55.3
96.2	55.8	61.8	64.8	88.8	50.1	27.1	64.3	55.0	70.6	89.1	27.3	27.4	66.8	19.9
25.6	13.7	53.2	69.8	20.2	36.2	98.8	54.0	34.7	1.7	93.0	40.8	4.8	40.4	53.1
98.9	91.2	75.8	65.6	58.8	59.6	36.0	34.8	53.0	65.8	2.8	1.6	30.0	66.4	89.7
36.6	75.9	1.1	95.5	38.8	91.6	67.2	78.9	61.3	12.4	18.6	67.1	94.5	87.5	19.4
78.9	31.3	10.8	95.7	73.9	10.7	5.8	88.9	60.8	98.3	88.8	93.4	51.8	35.4	40.2
55.5	30.2	34.1	70.8	2.0	10.5	50.8	21.9	51.2	47.1	25.5	54.9	45.4	17.1	17.8
61.5	44.5	97.1	57.5	21.8	96.3	90.0	24.4	73.6	75.8	7.6	82.6	86.5	30.8	11.1
27.8	1.2	88.2	29.8	45.4	95.8	81.2	49.7	8.3	50.4	96.1	16.6	56.8	63.3	92.0
16.1	95.8	92.6	45.1	99.0	97.5	15.8	44.6	90.7	57.8	57.2	50.0	85.0	79.1	30.3
1.4	93.7	53.4	33.9	91.3	18.7	4.4	45.4	18.4	11.6	81.2	88.5	48.1	14.1	7.8
9.5	50.5	19.1	29.3	28.8	70.7	97.1	56.9	26.5	7.7	33.1	70.9	13.7	75.8	87.1
79.2	56.0	47.6	12.5	51.9	55.9	54.4	82.4	4.5	96.2	87.5	59.3	54.1	64.3	23.8
61.4	24.0	26.0	16.9	2.0	76.1	28.1	97.9	85.3	29.8	18.5	77.9	35.2	13.8	10.8
92.6	83.6	59.2	30.2	92.4	80.0	94.6	75.0	72.8	47.7	7.8	41.3	43.4	30.8	26.8
54.9	83.6	14.2	22.8	5.1	42.4	91.5	6.5	50.7	70.5	96.5	45.2	50.2	41.4	21.0
93.1	99.0	49.6	29.5	20.8	22.2	32.9	99.4	17.6	41.8	0.1	76.3	5.4	79.6	3.1
32.5	1.3	84.0	75.5	69.4	70.0	24.0	35.2	68.1	11.0	54.2	67.1	54.4	99.1	65.9
34.2	74.3	47.9	32.2	65.4	34.2	22.6	19.5	19.9	0.2	90.7	76.3	51.0	36.6	91.7
23.6	38.9	91.1	54.7	22.2	94.7	25.7	30.7	98.3	95.7	26.1	95.0	43.5	0.4	11.6
64.4	40.1	49.3	17.9	43.8	92.8	94.5	16.7	18.7	14.7	76.9	74.4	4.4	15.3	58.1
9.6	44.4	42.8	45.5	28.0	19.2	67.1	25.0	94.2	29.1	0.7	16.5	52.2	40.7	83.7
82.4	0.5	47.5	26.0	34.1	66.5	1.2	71.2	3.8	92.1	78.1	15.3	75.2	92.9	77.7
1	2	3	4	5	6	7	8	9	10	11	12	13	14	15
1	2	3	4	5	6	7	8	9	10	11	12	13	14	15
1	2	3	4	5	6	7	8	9	10	11	12	13	14	15
1	2	3	4	5	6	7	8	9	10	11	12	13	14	15
1	2	3	4	5	6	7	8	9	10	11	12	13	14	15
1	2	3	4	5	6	7	8	9	10	11	12	13	14	15
1	2	3	4	5	6	7	8	9	10	11	12	13	14	15
1	2	3	4	5	6	7	8	9	10	11	12	13	14	15
1	2	3	4	5	6	7	8	9	10	11	12	13	14	15
1	2	3	4	5	6	7	8	9	10	11	12	13	14	15
1	2	3	4	5	6	7	8	9	10	11	12	13	14	15
1	2	3	4	5	6	7	8	9	10	11	12	13	14	15
1	2	3	4	5	6	7	8	9	10	11	12	13	14	15
1	2	3	4	5	6	7	8	9	10	11	12	13	14	15
1	2	3	4	5	6	7	8	9	10	11	12	13	14	15
1	2	3	4	5	6	7	8	9	10	11	12	13	14	15
1	2	3	4	5	6	7	8	9	10	11	12	13	14	15
1	2	3	4	5	6	7	8	9	10	11	12	13	14	15
1	2	3	4	5	6	7	8	9	10	11	12	13	14	15
1	2	3	4	5	6	7	8	9	10	11	12	13	14	15
1	2	3	4	5	6	7	8	9	10	11	12	13	14	15
1	2	3	4	5	6	7	8	9	10	11	12	13	14	15
1	2	3	4	5	6	7	8	9	10	11	12	13	14	15
1	2	3	4	5	6	7	8	9	10	11	12	13	14	15
1	2	3	4	5	6	7	8	9	10	11	12	13	14	15
1	2	3	4	5	6	7	8	9	10	11	12	13	14	15
1	2	3	4	5	6	7	8	9	10	11	12	13	14	15
1	2	3	4	5	6	7	8	9	10	11	12	13	14	15
1	2	3	4	5	6	7	8	9	10	11	12	13	14	15
1	2	3	4	5	6	7	8	9	10	11	12	13	14	15
1	2	3	4	5	6	7	8	9	10	11	12	13	14	15
1	2	3	4	5	6	7	8	9	10	11	12	13	14	15
1	2	3	4	5	6	7	8	9	10	11	12	13	14	15
1	2	3	4	5	6	7	8	9	10	11	12	13	14	15
1	2	3	4	5	6	7	8	9	10	11	12	13	14	15
1	2	3	4	5	6	7	8	9	10	11	12	13	14	15
1	2	3	4	5	6	7	8	9	10	11	12	13	14	15
1	2	3	4	5	6	7	8	9	10	11	12	13	14	15
1	2	3	4	5	6	7	8	9	10	11	12	13	14	15
1	2	3	4	5	6	7	8	9	10	11	12	13	14	15
1	2	3	4	5	6	7	8	9	10	11	12	13	14	15
1	2	3	4	5	6	7	8	9	10	11	12	13	14	15
1	2	3	4	5	6	7	8	9	10	11	12	13	14	15
1	2	3	4	5	6	7	8	9	10	11	12	13	14	15
1	2	3	4	5	6	7	8	9	10	11	12	13	14	15
1	2	3	4	5	6	7	8	9	10	11	12	13	14	15
1	2	3	4	5	6	7	8	9	10	11	12	13	14	15
1	2	3	4	5	6	7	8	9	10	11	12	13	14	15
1	2	3	4	5	6	7	8	9	10	11	12	13	14	15
1	2	3	4	5	6	7	8	9	10	11	12	13	14	15
1	2	3	4	5	6	7	8	9	10	11	12	13	14	15
1	2	3	4	5	6	7	8	9	10	11	12	13	14	15
1	2	3	4	5	6	7	8	9	10	11	12	13	14	15
1	2	3	4	5	6	7	8	9	10	11	12	13	14	15
1	2	3	4	5	6	7	8	9	10	11	12	13	14	15
1	2	3	4	5	6	7	8	9	10	11	12	13	14	15
1	2	3	4	5	6	7	8	9	10	11	12	13	14	15
1	2	3	4	5	6	7	8	9	10	11	12	13	14	15
1	2	3	4	5	6	7	8	9	10	11	12	13	14	15
1	2	3	4	5	6	7	8	9	10	11	12	13	14	15
1	2	3	4	5	6	7	8	9	10	11	12	13	14	15
1	2	3	4	5	6	7	8	9	10	11	12	13	14	15
1	2	3	4	5	6	7	8	9	10	11	12	13	14	15
1	2	3	4	5	6	7	8	9	10	11	12	13	14	15
1	2	3	4	5	6	7	8	9	10	11	12	13	14	15
1	2	3	4	5	6	7	8	9	10	11	12	13	14	15
1	2	3	4	5	6	7	8	9	10	11	12	13	14	15
1	2	3	4	5	6	7	8	9	10	11	12	13	14	15
1	2	3	4	5	6	7	8	9	10	11	12	13	14	15
1	2	3	4	5	6	7	8	9	10	11	12	13	14	15
1	2	3	4	5	6	7	8	9	10	11	12	13	14	15
1	2	3	4	5	6	7	8	9	10	11	12	13	14	15
1	2	3	4	5	6	7	8	9	10	11	12	13	14	15
1	2	3	4	5	6	7	8	9	10	11	12	13	14	15
1	2	3	4	5	6	7	8	9	10	11	12	13	14	15
1	2	3	4	5	6	7	8	9	10	11	12	13	14	15
1	2	3	4	5	6	7	8	9	10	11	12	13	14	15
1	2	3	4	5	6	7	8	9	10	11	12	13	14	15
1	2	3	4	5	6	7	8	9	10	11	12	13	14	15
1	2	3	4	5	6	7	8	9	10	11	12	13	14	15
1	2	3	4	5	6	7	8	9	10	11	12	13	14	15
1	2	3	4	5	6	7	8	9	10	11	12	13	14	15
1	2	3	4	5	6	7	8	9	10	11	12	13	14	15
1	2	3	4	5	6	7	8	9	10	11	12	13	14	15
1	2	3	4	5	6	7	8	9	10	11	12	13	14	15
1	2	3	4	5	6	7	8	9	10	11	12	13	14	15
1	2	3	4	5	6	7	8	9	10	11	12	13	14	15
1	2	3	4	5	6	7	8	9	10	11	12	13	14	15
1	2	3	4	5	6	7	8	9	10	11	12	13	14	15
1	2	3	4	5	6	7	8	9	10	11	12	13	14	15
1	2	3	4	5	6	7	8	9	10	11	12	13	14	15
1	2	3	4	5	6	7	8	9	10	11	12	13	14	15
1	2	3	4	5	6	7	8	9	10	11	12	13	14	15
1	2	3	4	5	6	7	8	9	10	11	12	13	14	15
1	2	3	4	5	6	7	8	9	10	11	12	13	14	15
1	2	3	4	5	6	7	8	9	10	11	12	13	14	15
1	2	3	4	5	6	7	8	9	10	11	12	13	14	15
1	2	3	4	5	6	7	8	9	10	11	12	13	14	15
1	2	3	4	5	6	7	8	9	10	11	12	13	14	15
1	2	3	4	5	6	7	8	9	10	11	12	13	14	15
1	2	3	4	5	6	7	8	9	10	11	12	13	14	15
1	2	3	4	5	6	7	8	9	10	11	12	13	14	15
1	2	3	4	5	6	7	8	9	10	11	12	13	14	15
1	2	3	4	5	6	7	8	9	10	11	12	13	14	15
1	2	3	4	5	6	7	8	9	10	11	12	13	14	15
1	2	3	4	5	6	7	8	9	10	11	12	13	14	15
1	2	3	4	5	6	7	8	9	10	11	12	13	14	15
1	2	3	4	5	6	7	8	9	10	11	12	13	14	15
1	2	3	4	5	6	7	8	9	10	11	12	13	14	15
1	2	3	4	5	6	7	8	9	10	11	12	13	14	15
1	2	3	4	5	6	7	8	9	10	11	12	13	14	15
1	2	3	4	5	6	7	8	9	10	11	12	13	14	15
1	2	3	4	5	6	7	8	9	10	11	12	13	14	15
1	2	3	4	5	6	7	8	9	10	11	12	13	14	15
1	2	3	4	5	6	7	8	9	10	11	12	13	14	15
1	2	3	4	5	6	7	8	9	10	11	12	13	14	15
1	2	3	4	5	6	7	8	9	10	11	12	13	14	15
1	2	3	4	5	6	7	8	9	10	11	12	13	14	15
1	2	3	4	5	6	7	8	9	10	11	12	13	14	15
1	2	3	4	5	6	7	8	9	10	11	12	13	14	15
1	2	3	4	5	6	7	8	9	10	11	12	13	14	15
1	2	3	4	5	6	7	8	9	10	11	12	13	14	15
1	2	3	4	5	6	7	8	9	10	11	12	13	14	15
1	2	3	4	5	6	7	8	9	10	11	12	13	14	15
1	2	3	4	5	6	7	8	9	10	11	12	13	14	15
1	2	3	4	5	6	7	8	9	10	11	12	13	14	15
1	2	3	4	5	6	7	8	9	10	11	12	13	14	15
1	2	3	4	5	6	7	8	9	10	11	12	13	14	15
1	2	3	4	5	6	7	8	9	10	11	12	13	14	15
1	2	3	4	5	6	7	8	9	10	11	12	13	14	15
1	2	3	4	5	6	7	8	9	10	11	12	13	14	15
1	2	3	4	5	6	7	8	9	10	11	12	13	14	15
1	2	3	4	5	6	7	8	9	10	11	12	13	14	15
1	2	3	4	5	6	7	8	9	10	11	12	13	14	15
1	2	3	4	5	6	7	8	9	10	11	12	13	14	15
1	2	3	4	5	6	7	8	9	10	11	12	13	14	15
1	2	3	4	5	6	7	8	9	10	11	12	13	14	15
1	2	3	4	5	6	7	8	9	10	11	12	13	14	15
1	2	3	4	5	6	7	8	9	10	11	12	13	14	15
1	2	3	4	5	6	7	8	9	10	11	12	13	14	15
1	2	3	4	5	6	7	8	9	10	11	12	13	14	15
1	2	3	4	5	6	7	8	9	10	11	12	13	14	15
1	2	3	4	5	6	7	8	9	10	11	12	13	14	15
1	2	3	4	5	6	7	8	9	10	11	12	13	14	15
1	2	3	4	5	6	7	8	9	10	11	12	13	14	15
1	2	3	4	5	6	7	8	9	10	11	12	13	14	15
1	2	3	4	5	6	7	8	9	10	11	12	13	14	15
1	2	3	4	5	6	7	8	9	10	11	12	13	14	15
1	2	3	4	5	6	7	8	9	10	11	12	13	14	15
1	2	3	4	5	6	7	8	9	10	11	12	13	14	15
1	2	3	4	5	6	7	8	9	10	11	12	13	14	15
1	2	3	4	5	6	7	8	9	10	11	12	13	14	15
1	2	3	4	5	6	7	8	9	10	11	12	13	14	15
1	2	3	4	5	6	7	8	9	10	11	12	13	14	15
1	2	3	4	5	6	7	8	9	10	11	12	13	14	15
1	2	3	4	5	6	7	8	9	10	11	12	13	14	15
1	2	3	4	5	6	7	8	9	10	11	12	13	14	15
1	2	3	4	5	6	7	8	9	10	11	12	13	14	15
1	2	3	4	5	6	7	8	9	10	11	12	13	14	15
1	2	3	4	5	6	7	8	9	10	11	12	13	14	15
1	2	3	4	5	6	7	8	9	10	11	12	13	14	15
1	2	3	4	5	6	7	8	9	10	11	12	13	14	15
1	2	3	4	5	6	7	8	9	10	11	12	13	14	15
1	2	3	4	5	6	7	8	9	10	11	12	13	14	15
1	2	3	4	5	6	7	8	9	10	11	12	13	14	15
1	2	3	4	5	6	7	8	9	10	11	12	13	14	15
1	2	3	4	5	6	7	8	9	10	11	12	13	14	15
1	2	3	4	5	6	7	8	9	10	11	12	13	14	15
1	2	3	4	5	6	7	8	9	10	11	12	13	14	15
1	2	3	4	5	6	7	8	9	10	11	12	13	14	15
1	2	3	4	5	6	7	8	9	10	11	12	13	14	15
1	2	3	4	5	6	7	8	9	10	11	12	13	14	15
1	2	3	4	5	6	7	8	9	10	11	12	13	14	15
1	2	3	4	5	6	7	8	9	10	11	12	13	14	15
1	2	3	4	5	6	7	8	9	10	11	12	13	14	15
1	2	3	4	5	6	7	8	9	10	11	12	13	14	15
1	2	3	4	5	6	7	8	9	10	11	12	13	14	15
1	2	3	4	5	6	7	8	9	10	11	12	13	14	15
1	2	3	4	5	6	7	8	9	10	11	12	13	14	15
1	2	3	4	5	6	7	8	9	10	11	12	13	14	15
1	2	3	4	5	6	7	8	9	10	11	12	13	14	15
1	2	3	4	5	6	7	8	9	10	11	12	13	14	15
1	2	3	4	5	6	7	8	9	10	11	12	13	14	15
1	2	3	4	5	6	7	8	9	10	11	12	13	14	15
1	2	3	4	5	6	7	8	9	10	11	12	13	14	15
1	2	3	4	5	6	7	8	9	10	11	12	13	14	15
1	2	3	4	5	6	7	8	9	10	11	12	13	14	15
1	2	3	4	5	6	7	8	9	10	11	12	13	14	15
1	2	3	4	5	6	7	8	9	10	11	12	13	14	15
1	2	3	4	5	6	7	8	9	10	11	12	13	14	15
1	2	3	4	5	6	7	8	9	10	11	12	13	14	15
1	2	3	4	5	6	7	8	9	10	11	12	13	14	15
1	2	3	4	5	6	7	8	9	10	11	12	13	14	15
1	2	3	4	5	6	7	8	9	10	11	12	13	14	15
1	2	3	4	5	6	7	8	9	10	11	12	13	14	15
1	2	3	4	5	6	7	8	9	10	11	12	13	14	15
1	2	3	4	5	6	7	8	9	10	11	12	13	14	15
1	2	3	4	5	6	7	8	9	10	11	12	13	14	15
1	2	3	4	5	6	7	8	9	10	11	12	13	14	15
1	2	3	4	5	6	7	8	9	10	11	12	13	14	15
