200	15
91.6	51.6	49.4	59.4	29.3	31.4	71.6	69.6	14.7	11.4	93.3	95.2	5.7	4.8	24.2
74.8	2.1	18.1	78.2	34.1	11.4	99.0	12.6	58.9	34.0	30.5	50.7	37.5	12.4	43.2
27.7	42.1	24.5	9.9	49.2	20.1	76.7	8.6	3.5	43.5	68.6	95.3	43.4	80.7	23.1
87.6	44.5	17.2	83.5	99.5	3.7	64.0	13.9	18.2	19.8	32.8	67.9	56.5	82.6	94.7
37.2	19.1	14.4	66.6	73.6	23.4	27.2	91.0	30.3	8.4	17.3	16.8	93.1	33.8	43.7
81.6	91.9	3.4	20.0	7.9	57.2	88.9	73.2	45.5	0.4	54.4	20.4	88.6	57.2	51.6
76.4	26.7	38.4	35.2	11.6	71.1	33.2	22.7	38.6	7.5	85.4	81.2	76.9	30.2	33.0
47.9	13.8	76.7	54.4	82.7	54.3	76.7	84.8	76.3	1.9	15.8	16.9	78.7	18.7	42.2
50.7	88.1	66.1	28.0	42.7	4.5	19.5	32.1	73.8	25.5	2.5	98.8	70.6	9.7	8.8
23.6	87.9	39.1	86.4	24.6	72.8	55.8	96.4	11.6	85.3	73.7	35.8	84.7	96.1	44.7
15.5	6.9	44.1	39.8	22.7	17.4	42.4	10.4	51.9	78.7	52.6	68.6	20.5	65.9	35.1
56.0	75.6	61.1	59.8	6.7	1.9	46.1	1.8	87.2	73.2	72.8	55.6	31.5	91.0	93.4
2.0	79.6	81.2	24.6	28.2	93.9	71.5	56.0	78.9	46.7	79.8	58.7	7.5	76.6	92.8
86.9	53.6	87.5	34.7	55.7	62.4	11.2	72.9	92.4	38.7	4.1	71.6	3.8	20.6	27.9
30.1	10.4	40.7	78.4	67.0	39.6	32.4	68.1	49.2	29.9	80.2	19.0	92.6	99.1	97.1
19.6	53.0	62.0	77.2	11.5	35.6	94.7	6.0	61.2	84.6	64.7	48.0	64.7	49.0	92.5
55.2	31.0	44.6	65.1	96.4	0.2	2.4	97.2	50.0	80.8	36.1	44.5	64.0	74.6	4.8
83.8	76.5	45.5	58.2	52.1	37.5	64.5	40.5	25.5	42.5	58.9	55.8	28.3	20.5	53.2
20.8	86.2	40.1	66.4	25.1	25.7	57.6	65.2	10.6	50.1	94.7	95.4	97.7	30.0	7.7
7.5	30.0	46.4	70.6	99.0	63.5	49.7	9.1	80.9	65.7	2.6	94.9	29.1	33.8	65.9
14.3	59.0	0.5	32.9	38.3	64.4	26.7	18.1	15.4	34.1	71.4	12.4	11.3	78.5	2.4
71.5	52.0	82.6	51.9	13.0	67.7	86.2	7.3	5.6	4.6	97.6	50.3	32.6	20.2	35.2
67.5	45.9	95.1	85.7	64.7	63.7	87.9	78.5	17.0	30.9	30.6	81.1	88.3	92.7	95.7
40.1	69.7	85.2	44.4	25.6	67.1	91.5	67.5	43.3	61.5	42.4	46.5	37.9	88.1	81.2
79.8	92.3	17.4	33.2	69.7	95.3	20.1	51.6	72.5	5.0	51.3	58.3	40.9	67.7	58.5
55.1	15.8	18.6	26.6	36.7	90.2	48.0	47.4	86.7	13.2	10.3	88.3	18.4	54.3	56.2
13.7	9.9	35.7	60.0	48.9	67.9	48.4	95.8	32.7	31.1	62.1	6.2	93.8	68.6	44.3
20.4	68.9	45.6	39.3	66.0	44.4	22.2	70.5	10.5	44.2	90.2	16.9	81.7	27.7	70.6
22.5	59.3	69.2	49.8	63.5	83.0	85.7	58.6	1.4	31.3	56.6	83.6	5.7	20.0	66.6
40.4	42.8	97.3	56.5	17.9	96.2	55.0	83.0	79.3	39.7	7.6	44.4	73.2	82.7	20.3
8.3	86.0	17.1	91.3	24.7	37.0	35.0	38.9	27.8	62.2	85.8	20.9	71.0	67.6	1.8
49.6	23.0	45.7	2.8	60.8	10.1	58.7	65.1	19.0	96.7	3.0	41.8	68.9	30.4	42.6
95.5	30.4	13.2	99.1	43.2	35.1	64.4	17.9	73.2	26.2	8.6	8.2	72.3	86.3	18.7
15.4	75.1	56.5	62.2	1.2	78.3	40.5	17.5	19.7	7.9	76.0	15.9	78.7	20.4	65.9
68.5	89.0	48.3	40.4	50.9	52.2	43.6	7.7	93.1	62.1	75.1	11.5	66.6	49.0	48.3
41.3	90.0	47.9	10.9	83.7	85.6	61.6	25.1	24.1	16.5	72.8	88.1	67.2	98.7	63.9
57.5	86.0	26.6	75.3	35.6	46.0	6.3	15.8	80.7	86.4	3.0	28.4	28.1	33.2	7.7
95.9	11.5	62.6	52.8	66.9	95.2	68.5	20.4	18.8	96.1	29.5	17.7	1.9	41.6	4.5
7.6	21.3	50.3	64.3	1.0	60.4	5.4	89.3	75.4	62.3	33.3	43.6	38.5	44.7	27.0
33.1	32.5	94.8	38.5	49.7	29.0	22.4	31.5	10.3	61.3	46.7	71.4	94.8	2.3	7.7
96.6	77.3	6.1	44.8	10.2	53.5	11.0	66.8	5.8	71.7	78.9	79.0	87.1	47.2	72.8
15.5	67.9	73.1	63.3	68.2	36.2	84.1	10.1	3.6	21.4	9.7	93.8	75.0	63.7	86.6
7.2	15.6	86.3	91.2	51.1	26.9	83.0	29.1	65.6	85.7	51.9	34.1	12.1	1.9	19.1
32.1	9.6	8.0	50.6	52.0	58.1	97.1	78.4	13.8	48.9	7.2	1.8	46.5	4.8	62.8
39.1	75.3	0.7	86.9	65.9	71.7	41.6	6.7	75.6	43.0	66.9	13.4	57.0	27.0	39.0
12.4	48.6	98.6	41.9	47.5	44.6	85.0	62.8	7.6	85.0	61.3	8.6	26.9	40.6	4.2
28.2	20.0	51.5	80.7	45.5	32.7	51.0	23.0	59.8	78.1	54.4	10.2	49.4	46.2	31.2
1.0	11.2	52.4	2.4	55.6	88.9	12.5	23.8	13.7	39.2	46.6	96.5	69.9	91.4	41.0
25.8	93.4	32.6	92.6	44.0	30.2	17.2	45.9	38.8	75.6	4.9	62.0	2.5	80.7	92.2
81.6	89.2	54.2	88.5	14.7	27.5	44.7	94.1	30.8	40.2	54.3	15.7	86.6	71.4	45.9
31.6	23.3	32.8	29.4	91.6	42.9	86.4	19.9	84.7	42.9	12.6	40.2	46.3	22.0	21.5
58.0	6.6	59.3	47.8	52.9	32.7	63.9	8.2	23.2	64.3	93.3	62.9	38.9	32.1	60.7
92.1	83.7	17.4	12.7	13.4	38.9	58.0	91.1	1.3	94.1	70.2	59.5	77.5	60.8	30.6
40.2	88.3	66.1	67.8	48.7	69.2	95.2	73.8	16.2	61.7	59.2	65.2	34.2	96.9	92.1
36.9	40.0	95.3	3.9	97.2	49.2	68.7	48.3	81.1	4.2	5.5	75.4	14.2	96.0	30.7
12.8	65.7	91.7	50.1	92.8	99.0	88.4	24.1	8.2	12.6	93.5	10.3	55.8	86.4	90.7
26.6	71.5	79.9	85.5	40.2	86.8	73.3	45.2	97.2	11.0	89.9	40.8	91.8	55.0	77.2
90.7	49.3	29.6	55.3	12.9	10.0	99.7	1.2	26.1	83.5	35.3	75.4	90.2	97.8	97.3
44.0	28.0	12.3	88.2	61.5	84.5	24.7	25.4	60.3	21.8	13.3	82.3	98.7	22.0	19.9
41.0	37.5	84.4	97.0	86.7	19.8	29.7	67.5	15.4	82.5	26.0	29.3	38.9	41.7	72.0
29.0	0.5	22.5	75.7	12.9	66.5	39.0	51.9	4.2	95.5	31.4	22.4	70.2	2.7	94.4
49.4	83.9	31.3	28.5	79.7	52.4	84.0	98.0	4.0	57.6	81.1	2.0	21.8	97.0	92.3
27.7	20.7	71.9	3.5	27.8	58.3	97.6	37.2	98.6	31.9	85.3	94.5	99.9	24.8	15.1
57.0	13.1	38.1	39.4	54.9	58.8	39.7	34.2	73.6	61.2	85.5	75.0	8.3	94.8	35.0
83.0	6.5	90.9	41.6	92.1	15.3	21.7	20.2	58.3	4.6	86.3	3.9	99.5	6.4	54.2
4.3	86.7	28.3	52.1	75.3	71.4	82.0	22.1	35.3	44.6	72.9	99.3	7.5	4.0	48.8
49.3	84.9	88.9	53.3	18.3	79.6	4.2	17.1	27.8	4.0	78.9	62.6	65.8	46.0	13.6
53.7	65.1	28.9	33.4	86.0	37.9	15.4	58.6	82.7	99.2	59.7	74.0	79.4	13.0	91.5
38.7	74.6	1.5	39.7	68.6	64.7	62.9	8.0	16.9	51.1	16.0	46.7	44.7	69.9	25.6
92.3	11.2	89.0	72.4	24.2	50.4	29.8	18.9	38.6	50.1	14.2	43.8	94.1	5.1	45.1
56.5	97.7	4.7	92.5	34.5	36.7	23.9	18.4	39.4	89.4	65.8	34.3	23.5	43.7	49.1
78.8	21.5	62.5	96.9	86.3	98.2	93.8	54.9	24.0	53.2	57.4	22.8	29.9	15.0	22.3
55.2	19.9	99.5	32.0	66.9	21.1	26.6	93.3	32.8	29.0	84.3	18.9	62.9	20.4	0.4
50.0	16.3	66.6	30.5	11.9	64.4	20.4	34.6	95.1	83.7	38.7	31.7	71.0	3.4	92.7
3.9	43.4	45.2	87.3	76.2	6.2	4.3	60.1	60.1	86.8	24.8	86.0	35.9	58.5	11.7
50.4	43.1	67.9	34.9	22.4	79.0	18.8	51.9	70.9	69.1	76.1	29.5	87.7	20.4	16.8
78.6	60.5	43.5	2.6	71.1	31.1	92.7	87.3	38.4	13.6	64.6	27.4	50.4	96.7	14.1
93.2	19.5	11.0	84.3	6.1	42.3	90.1	73.1	52.7	98.6	91.5	85.5	0.6	27.5	55.4
24.8	7.4	61.9	17.1	63.9	13.1	47.3	94.5	86.0	74.2	43.5	85.6	61.0	87.0	95.6
3.7	91.2	23.9	30.6	68.5	88.9	99.9	2.4	58.7	47.2	61.3	30.6	36.9	51.7	91.7
8.0	35.0	48.0	85.8	1.5	57.4	46.2	46.6	75.8	83.7	62.5	90.8	87.1	79.0	91.1
74.6	98.5	87.9	36.2	26.3	12.1	58.5	78.9	65.2	57.6	81.0	11.0	18.2	24.5	66.5
86.1	22.4	67.1	27.5	55.3	53.1	89.0	12.0	45.1	98.7	5.8	64.6	89.1	20.0	27.2
77.9	14.1	50.6	45.8	98.6	50.1	78.6	74.6	57.3	28.8	6.5	72.8	64.8	67.9	30.4
70.8	19.2	99.8	55.0	76.2	24.0	99.8	65.6	68.8	41.1	17.8	79.3	4.2	91.7	21.7
30.6	69.8	71.8	53.0	55.0	46.6	54.8	3.8	57.4	92.4	5.3	50.9	33.7	19.0	7.0
3.9	85.4	46.2	17.6	45.2	87.3	25.4	27.5	31.2	32.6	54.6	27.6	59.3	73.6	92.3
25.4	46.2	62.4	38.8	71.5	46.9	57.3	87.3	45.5	17.4	35.2	17.7	20.9	52.9	15.4
54.1	4.5	13.1	29.3	23.9	52.1	32.9	60.8	96.0	28.5	23.1	44.8	61.5	13.7	50.9
37.2	94.7	58.2	33.6	61.2	45.2	77.5	97.3	92.0	38.5	14.7	99.6	45.1	50.6	82.3
47.0	48.7	37.6	50.4	37.5	43.3	35.6	26.9	23.9	98.8	59.3	57.0	59.9	18.4	91.5
38.4	45.7	89.2	45.7	51.9	30.3	89.3	36.4	14.3	38.8	15.9	41.7	95.5	62.8	57.6
25.7	33.9	26.8	38.0	16.5	4.2	24.0	50.1	48.8	42.2	38.4	81.1	65.4	17.0	20.4
22.9	40.9	96.5	42.5	19.1	74.2	88.5	22.2	86.6	0.0	37.6	16.6	51.4	27.3	5.1
50.6	97.6	8.2	28.1	75.5	82.4	76.3	69.5	77.3	9.1	11.1	81.4	11.2	26.8	55.6
15.5	65.0	38.1	64.1	67.9	30.5	58.5	5.3	72.8	33.8	29.5	1.1	83.2	74.2	79.6
97.1	25.5	58.9	5.0	4.7	14.8	51.4	27.7	38.7	87.3	18.2	26.3	87.2	71.1	93.0
51.7	61.4	75.4	43.5	67.8	23.6	71.9	55.4	51.9	81.1	18.8	51.0	57.6	67.6	28.4
72.1	44.5	87.5	96.6	58.3	61.4	22.3	62.8	82.4	60.1	58.4	17.8	75.7	3.0	96.8
81.7	27.8	30.1	5.8	15.2	4.3	97.9	98.8	69.3	84.8	59.1	75.1	33.9	45.8	61.0
25.3	97.8	64.6	3.0	32.3	10.8	8.9	20.0	35.5	86.9	48.9	0.6	95.6	40.1	3.9
0.1	24.1	23.5	62.7	84.0	40.2	55.4	25.5	46.6	7.3	20.0	96.5	42.9	24.9	80.8
42.7	27.8	34.8	97.8	18.9	51.6	17.2	77.7	1.0	32.5	38.8	88.9	70.0	17.1	58.1
18.0	26.0	21.4	64.3	92.4	15.9	45.2	58.7	34.6	77.5	23.4	87.6	16.6	26.4	27.4
33.1	9.4	46.8	24.7	58.3	44.1	18.5	22.2	19.3	0.6	93.1	74.7	15.2	66.3	88.1
59.1	21.3	53.3	57.8	32.3	67.8	48.3	11.6	42.6	27.2	51.5	96.4	60.0	55.3	43.2
29.0	16.0	44.4	65.2	76.2	19.6	52.9	12.3	55.2	42.5	99.2	59.4	63.8	35.7	23.1
21.4	67.9	21.1	91.2	16.0	77.4	49.2	74.4	6.4	3.4	46.8	92.4	95.5	15.7	61.7
27.8	96.0	10.0	25.5	36.0	76.5	12.6	45.2	77.1	53.8	56.6	55.4	5.3	28.1	61.8
20.0	38.7	99.9	97.1	68.6	48.6	23.8	94.2	31.3	30.5	42.1	86.6	4.0	5.3	49.2
70.9	37.8	90.2	34.8	0.5	20.0	74.1	41.1	48.6	79.0	34.7	68.2	6.4	63.4	80.9
9.3	83.3	12.8	38.7	80.0	43.5	76.0	28.1	91.3	48.2	60.3	85.1	86.2	60.9	24.0
88.3	87.9	24.2	98.2	27.1	2.5	53.0	51.1	37.8	38.1	80.3	13.2	68.6	4.5	43.7
7.0	54.7	43.6	39.5	77.4	51.9	5.9	86.7	21.8	60.7	65.1	17.2	86.1	50.5	85.0
15.5	74.2	92.3	59.2	25.1	57.7	12.6	72.6	64.2	70.4	91.0	0.9	54.8	58.3	50.7
24.8	94.5	1.4	52.8	99.6	80.3	92.5	7.7	28.3	16.4	82.2	52.8	45.7	12.6	6.8
79.8	38.7	44.8	36.7	39.0	7.0	54.7	13.8	53.8	50.8	19.3	98.5	25.4	44.7	91.3
86.6	84.8	69.1	16.1	35.1	22.8	4.8	97.0	28.9	21.1	2.2	57.6	47.1	38.0	18.1
52.4	63.8	54.8	91.2	31.8	10.6	71.5	95.6	14.7	61.2	46.6	80.3	10.8	19.2	72.2
19.4	89.9	24.2	4.1	81.8	11.5	36.8	28.0	63.5	37.0	91.7	15.1	21.4	40.0	21.5
31.7	8.7	18.4	59.2	88.3	83.7	48.8	17.5	99.8	97.9	33.4	48.8	0.4	32.3	47.9
76.1	75.8	85.9	98.3	57.3	23.5	32.0	76.7	47.7	48.2	57.2	95.9	57.5	42.8	32.6
46.3	13.9	59.6	43.6	94.1	81.8	91.5	12.7	42.1	34.4	95.3	80.9	8.3	21.5	85.5
8.6	59.7	51.7	61.1	57.3	97.2	36.8	97.8	83.4	88.8	59.6	43.5	9.4	87.3	56.1
99.1	0.9	15.4	92.8	72.0	82.3	22.1	55.7	61.6	78.1	77.5	10.0	35.8	94.9	91.1
89.2	75.6	99.3	52.2	80.2	73.9	78.8	11.9	73.8	29.9	46.1	15.1	8.6	19.4	73.5
83.9	53.1	64.3	5.8	33.6	5.1	52.6	72.8	18.3	66.0	58.8	49.4	64.9	3.1	95.3
15.7	95.7	71.8	46.9	20.3	78.5	40.4	40.9	82.4	38.9	60.6	6.3	60.4	20.4	82.5
80.1	16.4	35.1	9.5	85.1	10.0	36.8	66.8	22.4	0.9	19.8	67.7	32.1	54.1	31.4
99.1	95.9	91.6	95.7	49.5	12.9	69.2	98.1	4.5	30.2	51.3	34.0	16.4	90.0	19.0
59.7	11.3	47.0	29.7	81.9	84.6	30.8	54.7	64.7	34.0	93.5	55.4	25.3	29.6	35.8
55.4	71.9	13.5	80.5	5.3	33.3	19.2	66.5	47.1	82.4	96.8	12.8	82.7	42.0	36.5
72.7	42.9	53.5	66.7	47.6	86.1	65.6	12.1	99.9	27.0	24.9	96.8	81.1	30.2	17.7
42.8	16.8	43.0	87.9	20.7	41.4	91.6	49.0	9.8	79.5	14.8	71.7	84.8	40.8	17.8
52.0	75.6	24.0	84.7	76.8	68.3	91.3	46.1	73.3	41.7	68.8	53.3	71.7	55.2	59.8
23.6	70.9	70.4	4.2	63.6	95.1	18.2	87.6	90.8	95.0	20.2	56.0	60.4	88.2	83.4
59.6	62.8	32.2	2.9	55.7	76.8	11.2	85.5	28.9	29.2	51.2	85.3	49.4	40.3	92.1
13.5	0.5	10.1	69.8	77.0	93.4	97.4	34.0	65.5	45.6	23.0	77.6	64.2	64.4	94.1
14.9	1.2	75.8	52.9	81.7	72.7	44.1	19.2	76.7	31.8	29.9	10.8	76.4	91.0	78.9
76.6	43.9	61.6	3.4	36.1	92.5	80.7	8.0	40.0	75.5	27.7	9.5	87.1	87.9	43.2
43.8	52.2	6.4	49.0	90.7	99.8	26.9	44.6	18.8	47.2	32.9	78.9	84.1	40.9	3.5
46.3	10.6	99.3	86.7	58.5	98.4	28.8	45.3	3.2	60.1	14.8	50.4	92.0	76.2	60.4
3.2	20.7	27.0	63.8	33.8	6.7	48.7	38.0	96.7	60.4	29.3	34.5	7.7	58.7	98.5
77.5	70.1	15.7	35.9	4.8	22.7	24.8	48.0	21.5	34.8	70.2	68.0	11.1	21.2	31.7
98.2	73.5	85.8	63.8	37.4	62.7	96.9	16.9	54.9	15.0	53.6	27.9	68.4	41.9	14.8
67.8	29.9	83.8	77.6	35.0	20.3	66.0	36.8	73.3	23.7	15.1	48.0	99.3	71.6	89.6
40.1	51.4	2.4	75.1	56.3	44.3	35.9	87.4	57.2	86.3	32.3	27.0	28.2	20.1	93.9
6.8	26.0	90.9	48.0	87.4	32.5	81.5	77.0	26.8	50.9	59.4	65.7	7.6	90.2	28.1
57.8	86.2	51.7	10.1	4.6	11.8	10.5	37.3	38.1	38.9	10.5	13.9	96.1	45.1	19.0
53.0	36.4	63.3	93.3	71.0	4.8	10.7	89.5	65.7	33.9	20.8	97.0	74.5	91.8	70.4
59.0	72.9	97.5	61.6	62.8	86.1	91.9	94.6	34.0	64.1	26.6	71.8	17.9	70.5	32.6
31.4	37.7	50.4	29.2	4.7	3.2	50.7	16.1	75.3	99.0	28.0	25.6	15.8	50.2	62.4
8.1	53.5	40.4	83.0	74.1	14.7	0.9	94.8	69.5	76.3	71.8	44.3	86.1	58.9	99.4
53.8	92.9	74.7	19.9	89.6	64.2	34.5	13.0	58.1	4.7	63.8	56.5	57.7	36.4	19.4
21.0	94.9	60.8	71.7	76.2	45.2	65.9	82.9	27.6	12.1	12.3	72.3	25.9	77.5	42.3
59.4	62.1	92.3	9.0	63.6	5.6	48.8	49.2	51.4	45.5	21.0	13.5	39.7	53.5	52.3
81.5	23.3	96.9	73.6	90.9	53.5	33.8	88.3	7.5	41.6	89.2	89.3	37.1	25.5	29.5
28.0	2.2	14.8	11.5	20.3	21.1	49.6	75.4	43.6	87.1	54.5	50.8	10.6	25.0	90.8
19.1	97.1	18.2	10.9	67.7	61.9	25.1	24.0	23.3	92.7	91.4	19.1	6.5	10.2	34.1
87.7	75.8	17.6	35.6	21.3	41.6	77.7	96.7	42.5	12.9	21.7	42.2	46.2	49.4	63.0
20.5	76.9	37.1	19.2	77.0	64.8	14.6	2.8	3.8	63.4	90.1	14.9	91.2	16.5	87.5
2.8	36.3	81.9	34.0	58.7	52.1	78.3	74.1	25.8	17.5	43.3	27.7	17.7	90.4	54.2
30.8	62.8	58.7	45.5	52.6	7.3	95.5	51.4	93.3	96.9	60.9	23.8	30.4	60.6	14.5
87.4	86.5	24.6	87.8	79.8	67.1	99.5	44.3	37.3	80.5	54.1	5.9	35.9	82.9	2.8
1.4	9.9	95.1	39.3	94.6	99.8	54.6	48.7	45.5	96.7	9.7	9.8	56.1	13.7	84.0
6.0	26.3	31.4	36.2	8.9	26.8	93.3	22.8	7.6	58.4	51.5	47.3	2.5	8.3	59.1
76.9	24.3	1.1	11.1	76.2	46.3	33.0	74.4	1.2	84.3	92.3	65.7	98.0	6.8	97.2
95.3	53.0	16.3	27.0	47.7	81.1	19.7	52.0	78.4	36.7	44.3	71.4	56.8	81.6	91.9
16.8	29.8	78.8	25.4	24.0	23.1	76.7	57.3	77.7	0.2	91.3	38.3	12.8	7.8	60.4
72.9	69.2	75.1	59.4	57.0	86.8	45.3	60.8	2.1	92.0	41.2	92.6	52.4	54.4	14.1
70.7	36.2	33.7	17.9	19.9	19.4	57.8	56.9	11.2	44.4	20.1	0.4	10.6	7.7	65.5
41.3	47.3	85.3	33.8	12.6	57.6	33.9	3.9	47.6	15.9	72.4	50.7	16.4	62.9	64.6
4.1	6.1	28.9	75.4	4.5	25.7	93.0	35.8	71.5	19.3	14.1	48.7	79.0	31.0	65.7
14.1	28.1	43.4	65.5	51.7	77.9	84.6	73.4	69.3	68.0	42.3	22.6	82.4	3.4	32.8
12.3	18.0	48.3	12.9	18.0	93.7	32.6	7.9	4.0	64.7	67.2	52.9	58.1	75.0	5.8
68.4	10.6	52.5	91.1	2.5	15.1	17.4	85.0	29.7	89.0	17.3	10.3	89.7	47.0	78.8
2.1	34.9	67.7	97.6	99.6	9.9	92.0	90.2	7.3	10.4	44.2	19.8	21.6	38.1	87.8
25.4	65.2	72.2	39.2	66.7	86.1	17.7	50.0	97.8	19.1	99.9	58.8	24.6	23.1	16.8
79.6	18.7	16.8	29.6	48.9	9.9	0.8	11.1	43.2	36.0	71.0	36.6	14.8	6.8	36.0
69.6	22.8	12.6	81.2	45.9	94.5	14.6	53.3	7.6	65.2	6.6	19.1	39.1	33.6	42.6
70.8	21.3	42.4	35.6	3.0	15.2	10.8	94.7	43.2	72.3	65.9	28.8	37.7	60.2	37.8
96.1	30.4	82.7	79.2	68.4	32.9	94.7	0.1	75.5	53.3	3.5	90.0	16.0	16.4	79.4
52.2	20.1	24.8	33.5	43.8	30.8	44.4	18.1	79.2	72.6	83.5	30.3	42.3	46.6	38.1
72.7	38.0	69.1	25.1	95.4	0.7	43.6	3.8	72.4	1.9	3.1	74.6	91.2	69.1	79.1
78.2	28.5	84.1	43.8	2.9	79.9	46.8	61.9	98.6	1.4	75.0	17.1	38.4	29.1	55.0
40.1	65.1	60.3	64.0	93.0	71.5	28.7	91.8	87.6	39.3	79.4	39.5	71.5	86.2	88.5
35.0	34.8	33.8	59.4	77.0	3.6	45.9	2.8	83.7	27.3	82.4	40.8	98.5	30.0	67.1
86.9	47.2	57.9	23.7	35.5	81.2	10.3	73.4	92.0	66.7	54.6	23.2	45.1	71.9	98.6
45.3	45.4	47.4	9.8	65.9	53.6	65.6	4.9	44.5	47.7	66.3	78.0	50.6	85.5	28.4
5.1	8.2	12.6	58.0	80.8	59.3	33.8	31.7	44.8	87.4	37.5	22.3	88.2	96.1	55.5
20.3	66.7	5.9	50.7	83.4	83.6	47.7	83.9	74.8	27.6	26.9	20.2	90.3	88.7	93.9
65.5	63.0	6.0	19.5	46.3	80.7	88.9	90.9	72.0	55.7	55.0	13.3	30.5	85.8	85.3
70.1	14.3	58.1	47.7	69.5	89.5	90.0	66.0	53.4	48.4	15.4	37.0	64.1	73.4	69.9
1.3	54.7	12.0	36.2	23.3	64.1	8.7	8.9	11.9	79.1	86.9	17.1	1.7	87.5	36.8
31.7	87.3	62.5	56.9	74.9	76.6	63.7	63.0	96.4	87.3	84.0	86.2	34.6	25.5	27.3
17.0	12.8	43.7	36.4	11.6	16.7	85.2	50.5	38.4	6.4	71.0	59.9	89.4	70.0	72.7
84.7	58.8	48.7	0.7	56.5	47.3	24.5	16.8	12.5	19.1	21.0	81.4	20.9	5.2	74.5
34.9	67.9	78.8	23.2	25.2	31.3	74.8	83.9	7.3	82.0	64.2	50.6	41.6	25.9	10.9
68.7	25.9	37.9	15.5	59.6	26.9	1.2	46.7	83.3	83.7	1.9	39.2	30.8	74.9	7.8
58.1	32.3	6.7	22.3	80.0	27.1	95.5	16.6	67.6	30.5	97.9	21.2	99.4	41.9	12.0
1	2	3	4	5	6	7	8	9	10	11	12	13	14	15
1	2	3	4	5	6	7	8	9	10	11	12	13	14	15
1	2	3	4	5	6	7	8	9	10	11	12	13	14	15
1	2	3	4	5	6	7	8	9	10	11	12	13	14	15
1	2	3	4	5	6	7	8	9	10	11	12	13	14	15
1	2	3	4	5	6	7	8	9	10	11	12	13	14	15
1	2	3	4	5	6	7	8	9	10	11	12	13	14	15
1	2	3	4	5	6	7	8	9	10	11	12	13	14	15
1	2	3	4	5	6	7	8	9	10	11	12	13	14	15
1	2	3	4	5	6	7	8	9	10	11	12	13	14	15
1	2	3	4	5	6	7	8	9	10	11	12	13	14	15
1	2	3	4	5	6	7	8	9	10	11	12	13	14	15
1	2	3	4	5	6	7	8	9	10	11	12	13	14	15
1	2	3	4	5	6	7	8	9	10	11	12	13	14	15
1	2	3	4	5	6	7	8	9	10	11	12	13	14	15
1	2	3	4	5	6	7	8	9	10	11	12	13	14	15
1	2	3	4	5	6	7	8	9	10	11	12	13	14	15
1	2	3	4	5	6	7	8	9	10	11	12	13	14	15
1	2	3	4	5	6	7	8	9	10	11	12	13	14	15
1	2	3	4	5	6	7	8	9	10	11	12	13	14	15
1	2	3	4	5	6	7	8	9	10	11	12	13	14	15
1	2	3	4	5	6	7	8	9	10	11	12	13	14	15
1	2	3	4	5	6	7	8	9	10	11	12	13	14	15
1	2	3	4	5	6	7	8	9	10	11	12	13	14	15
1	2	3	4	5	6	7	8	9	10	11	12	13	14	15
1	2	3	4	5	6	7	8	9	10	11	12	13	14	15
1	2	3	4	5	6	7	8	9	10	11	12	13	14	15
1	2	3	4	5	6	7	8	9	10	11	12	13	14	15
1	2	3	4	5	6	7	8	9	10	11	12	13	14	15
1	2	3	4	5	6	7	8	9	10	11	12	13	14	15
1	2	3	4	5	6	7	8	9	10	11	12	13	14	15
1	2	3	4	5	6	7	8	9	10	11	12	13	14	15
1	2	3	4	5	6	7	8	9	10	11	12	13	14	15
1	2	3	4	5	6	7	8	9	10	11	12	13	14	15
1	2	3	4	5	6	7	8	9	10	11	12	13	14	15
1	2	3	4	5	6	7	8	9	10	11	12	13	14	15
1	2	3	4	5	6	7	8	9	10	11	12	13	14	15
1	2	3	4	5	6	7	8	9	10	11	12	13	14	15
1	2	3	4	5	6	7	8	9	10	11	12	13	14	15
1	2	3	4	5	6	7	8	9	10	11	12	13	14	15
1	2	3	4	5	6	7	8	9	10	11	12	13	14	15
1	2	3	4	5	6	7	8	9	10	11	12	13	14	15
1	2	3	4	5	6	7	8	9	10	11	12	13	14	15
1	2	3	4	5	6	7	8	9	10	11	12	13	14	15
1	2	3	4	5	6	7	8	9	10	11	12	13	14	15
1	2	3	4	5	6	7	8	9	10	11	12	13	14	15
1	2	3	4	5	6	7	8	9	10	11	12	13	14	15
1	2	3	4	5	6	7	8	9	10	11	12	13	14	15
1	2	3	4	5	6	7	8	9	10	11	12	13	14	15
1	2	3	4	5	6	7	8	9	10	11	12	13	14	15
1	2	3	4	5	6	7	8	9	10	11	12	13	14	15
1	2	3	4	5	6	7	8	9	10	11	12	13	14	15
1	2	3	4	5	6	7	8	9	10	11	12	13	14	15
1	2	3	4	5	6	7	8	9	10	11	12	13	14	15
1	2	3	4	5	6	7	8	9	10	11	12	13	14	15
1	2	3	4	5	6	7	8	9	10	11	12	13	14	15
1	2	3	4	5	6	7	8	9	10	11	12	13	14	15
1	2	3	4	5	6	7	8	9	10	11	12	13	14	15
1	2	3	4	5	6	7	8	9	10	11	12	13	14	15
1	2	3	4	5	6	7	8	9	10	11	12	13	14	15
1	2	3	4	5	6	7	8	9	10	11	12	13	14	15
1	2	3	4	5	6	7	8	9	10	11	12	13	14	15
1	2	3	4	5	6	7	8	9	10	11	12	13	14	15
1	2	3	4	5	6	7	8	9	10	11	12	13	14	15
1	2	3	4	5	6	7	8	9	10	11	12	13	14	15
1	2	3	4	5	6	7	8	9	10	11	12	13	14	15
1	2	3	4	5	6	7	8	9	10	11	12	13	14	15
1	2	3	4	5	6	7	8	9	10	11	12	13	14	15
1	2	3	4	5	6	7	8	9	10	11	12	13	14	15
1	2	3	4	5	6	7	8	9	10	11	12	13	14	15
1	2	3	4	5	6	7	8	9	10	11	12	13	14	15
1	2	3	4	5	6	7	8	9	10	11	12	13	14	15
1	2	3	4	5	6	7	8	9	10	11	12	13	14	15
1	2	3	4	5	6	7	8	9	10	11	12	13	14	15
1	2	3	4	5	6	7	8	9	10	11	12	13	14	15
1	2	3	4	5	6	7	8	9	10	11	12	13	14	15
1	2	3	4	5	6	7	8	9	10	11	12	13	14	15
1	2	3	4	5	6	7	8	9	10	11	12	13	14	15
1	2	3	4	5	6	7	8	9	10	11	12	13	14	15
1	2	3	4	5	6	7	8	9	10	11	12	13	14	15
1	2	3	4	5	6	7	8	9	10	11	12	13	14	15
1	2	3	4	5	6	7	8	9	10	11	12	13	14	15
1	2	3	4	5	6	7	8	9	10	11	12	13	14	15
1	2	3	4	5	6	7	8	9	10	11	12	13	14	15
1	2	3	4	5	6	7	8	9	10	11	12	13	14	15
1	2	3	4	5	6	7	8	9	10	11	12	13	14	15
1	2	3	4	5	6	7	8	9	10	11	12	13	14	15
1	2	3	4	5	6	7	8	9	10	11	12	13	14	15
1	2	3	4	5	6	7	8	9	10	11	12	13	14	15
1	2	3	4	5	6	7	8	9	10	11	12	13	14	15
1	2	3	4	5	6	7	8	9	10	11	12	13	14	15
1	2	3	4	5	6	7	8	9	10	11	12	13	14	15
1	2	3	4	5	6	7	8	9	10	11	12	13	14	15
1	2	3	4	5	6	7	8	9	10	11	12	13	14	15
1	2	3	4	5	6	7	8	9	10	11	12	13	14	15
1	2	3	4	5	6	7	8	9	10	11	12	13	14	15
1	2	3	4	5	6	7	8	9	10	11	12	13	14	15
1	2	3	4	5	6	7	8	9	10	11	12	13	14	15
1	2	3	4	5	6	7	8	9	10	11	12	13	14	15
1	2	3	4	5	6	7	8	9	10	11	12	13	14	15
1	2	3	4	5	6	7	8	9	10	11	12	13	14	15
1	2	3	4	5	6	7	8	9	10	11	12	13	14	15
1	2	3	4	5	6	7	8	9	10	11	12	13	14	15
1	2	3	4	5	6	7	8	9	10	11	12	13	14	15
1	2	3	4	5	6	7	8	9	10	11	12	13	14	15
1	2	3	4	5	6	7	8	9	10	11	12	13	14	15
1	2	3	4	5	6	7	8	9	10	11	12	13	14	15
1	2	3	4	5	6	7	8	9	10	11	12	13	14	15
1	2	3	4	5	6	7	8	9	10	11	12	13	14	15
1	2	3	4	5	6	7	8	9	10	11	12	13	14	15
1	2	3	4	5	6	7	8	9	10	11	12	13	14	15
1	2	3	4	5	6	7	8	9	10	11	12	13	14	15
1	2	3	4	5	6	7	8	9	10	11	12	13	14	15
1	2	3	4	5	6	7	8	9	10	11	12	13	14	15
1	2	3	4	5	6	7	8	9	10	11	12	13	14	15
1	2	3	4	5	6	7	8	9	10	11	12	13	14	15
1	2	3	4	5	6	7	8	9	10	11	12	13	14	15
1	2	3	4	5	6	7	8	9	10	11	12	13	14	15
1	2	3	4	5	6	7	8	9	10	11	12	13	14	15
1	2	3	4	5	6	7	8	9	10	11	12	13	14	15
1	2	3	4	5	6	7	8	9	10	11	12	13	14	15
1	2	3	4	5	6	7	8	9	10	11	12	13	14	15
1	2	3	4	5	6	7	8	9	10	11	12	13	14	15
1	2	3	4	5	6	7	8	9	10	11	12	13	14	15
1	2	3	4	5	6	7	8	9	10	11	12	13	14	15
1	2	3	4	5	6	7	8	9	10	11	12	13	14	15
1	2	3	4	5	6	7	8	9	10	11	12	13	14	15
1	2	3	4	5	6	7	8	9	10	11	12	13	14	15
1	2	3	4	5	6	7	8	9	10	11	12	13	14	15
1	2	3	4	5	6	7	8	9	10	11	12	13	14	15
1	2	3	4	5	6	7	8	9	10	11	12	13	14	15
1	2	3	4	5	6	7	8	9	10	11	12	13	14	15
1	2	3	4	5	6	7	8	9	10	11	12	13	14	15
1	2	3	4	5	6	7	8	9	10	11	12	13	14	15
1	2	3	4	5	6	7	8	9	10	11	12	13	14	15
1	2	3	4	5	6	7	8	9	10	11	12	13	14	15
1	2	3	4	5	6	7	8	9	10	11	12	13	14	15
1	2	3	4	5	6	7	8	9	10	11	12	13	14	15
1	2	3	4	5	6	7	8	9	10	11	12	13	14	15
1	2	3	4	5	6	7	8	9	10	11	12	13	14	15
1	2	3	4	5	6	7	8	9	10	11	12	13	14	15
1	2	3	4	5	6	7	8	9	10	11	12	13	14	15
1	2	3	4	5	6	7	8	9	10	11	12	13	14	15
1	2	3	4	5	6	7	8	9	10	11	12	13	14	15
1	2	3	4	5	6	7	8	9	10	11	12	13	14	15
1	2	3	4	5	6	7	8	9	10	11	12	13	14	15
1	2	3	4	5	6	7	8	9	10	11	12	13	14	15
1	2	3	4	5	6	7	8	9	10	11	12	13	14	15
1	2	3	4	5	6	7	8	9	10	11	12	13	14	15
1	2	3	4	5	6	7	8	9	10	11	12	13	14	15
1	2	3	4	5	6	7	8	9	10	11	12	13	14	15
1	2	3	4	5	6	7	8	9	10	11	12	13	14	15
1	2	3	4	5	6	7	8	9	10	11	12	13	14	15
1	2	3	4	5	6	7	8	9	10	11	12	13	14	15
1	2	3	4	5	6	7	8	9	10	11	12	13	14	15
1	2	3	4	5	6	7	8	9	10	11	12	13	14	15
1	2	3	4	5	6	7	8	9	10	11	12	13	14	15
1	2	3	4	5	6	7	8	9	10	11	12	13	14	15
1	2	3	4	5	6	7	8	9	10	11	12	13	14	15
1	2	3	4	5	6	7	8	9	10	11	12	13	14	15
1	2	3	4	5	6	7	8	9	10	11	12	13	14	15
1	2	3	4	5	6	7	8	9	10	11	12	13	14	15
1	2	3	4	5	6	7	8	9	10	11	12	13	14	15
1	2	3	4	5	6	7	8	9	10	11	12	13	14	15
1	2	3	4	5	6	7	8	9	10	11	12	13	14	15
1	2	3	4	5	6	7	8	9	10	11	12	13	14	15
1	2	3	4	5	6	7	8	9	10	11	12	13	14	15
1	2	3	4	5	6	7	8	9	10	11	12	13	14	15
1	2	3	4	5	6	7	8	9	10	11	12	13	14	15
1	2	3	4	5	6	7	8	9	10	11	12	13	14	15
1	2	3	4	5	6	7	8	9	10	11	12	13	14	15
1	2	3	4	5	6	7	8	9	10	11	12	13	14	15
1	2	3	4	5	6	7	8	9	10	11	12	13	14	15
1	2	3	4	5	6	7	8	9	10	11	12	13	14	15
1	2	3	4	5	6	7	8	9	10	11	12	13	14	15
1	2	3	4	5	6	7	8	9	10	11	12	13	14	15
1	2	3	4	5	6	7	8	9	10	11	12	13	14	15
1	2	3	4	5	6	7	8	9	10	11	12	13	14	15
1	2	3	4	5	6	7	8	9	10	11	12	13	14	15
1	2	3	4	5	6	7	8	9	10	11	12	13	14	15
1	2	3	4	5	6	7	8	9	10	11	12	13	14	15
1	2	3	4	5	6	7	8	9	10	11	12	13	14	15
1	2	3	4	5	6	7	8	9	10	11	12	13	14	15
1	2	3	4	5	6	7	8	9	10	11	12	13	14	15
1	2	3	4	5	6	7	8	9	10	11	12	13	14	15
1	2	3	4	5	6	7	8	9	10	11	12	13	14	15
1	2	3	4	5	6	7	8	9	10	11	12	13	14	15
1	2	3	4	5	6	7	8	9	10	11	12	13	14	15
1	2	3	4	5	6	7	8	9	10	11	12	13	14	15
1	2	3	4	5	6	7	8	9	10	11	12	13	14	15
1	2	3	4	5	6	7	8	9	10	11	12	13	14	15
1	2	3	4	5	6	7	8	9	10	11	12	13	14	15
1	2	3	4	5	6	7	8	9	10	11	12	13	14	15
1	2	3	4	5	6	7	8	9	10	11	12	13	14	15
1	2	3	4	5	6	7	8	9	10	11	12	13	14	15
1	2	3	4	5	6	7	8	9	10	11	12	13	14	15
1	2	3	4	5	6	7	8	9	10	11	12	13	14	15
1	2	3	4	5	6	7	8	9	10	11	12	13	14	15
1	2	3	4	5	6	7	8	9	10	11	12	13	14	15
1	2	3	4	5	6	7	8	9	10	11	12	13	14	15
