200	10
86.7	34.1	62.4	52.8	60.5	33.1	1.0	30.6	81.9	80.8
35.8	68.6	38.3	41.0	7.8	58.1	74.5	33.5	69.5	64.7
73.8	15.1	74.3	58.7	18.1	84.6	41.8	17.6	90.2	67.9
96.7	69.0	90.7	62.3	99.4	18.4	92.4	14.9	31.4	81.0
4.1	23.6	27.6	42.8	24.6	71.8	1.4	7.4	29.3	29.3
60.9	56.1	4.1	30.4	30.9	96.6	15.2	37.2	27.8	42.4
46.2	28.3	29.1	78.3	56.0	52.0	41.8	56.1	21.7	26.7
87.2	73.8	70.4	38.9	69.5	94.4	17.9	40.5	11.2	11.4
99.8	84.2	15.1	12.7	42.0	54.1	81.1	57.5	27.7	22.0
91.8	80.1	71.3	1.6	8.1	84.8	73.5	79.9	69.4	62.3
90.9	25.4	52.0	81.7	95.4	33.5	77.2	76.0	81.2	25.7
27.8	12.4	97.9	0.7	90.7	93.3	39.5	91.1	53.7	43.7
55.8	54.4	76.8	85.2	0.6	56.4	5.1	9.4	77.6	90.6
89.0	21.7	28.9	99.5	21.1	77.0	35.6	17.8	43.9	65.1
94.6	59.4	35.4	76.8	62.6	27.5	3.1	89.2	34.4	49.8
34.4	95.5	46.2	19.0	19.2	55.9	19.4	51.1	47.2	44.5
94.0	18.4	50.3	51.3	22.3	9.2	3.3	22.7	93.9	58.9
31.6	12.4	54.3	80.4	82.2	80.6	84.0	65.2	52.1	4.0
3.1	12.5	43.1	11.9	57.1	59.5	32.2	61.8	65.8	31.4
44.1	32.4	48.2	32.0	90.5	59.5	72.9	6.5	16.3	28.5
3.5	18.4	83.0	37.9	98.1	22.9	35.8	64.6	8.3	17.7
8.3	23.3	39.8	9.4	73.0	49.9	72.3	77.3	94.9	9.1
19.0	47.2	16.2	51.9	63.2	25.9	11.0	17.2	40.4	70.6
23.5	55.4	64.5	99.7	45.8	79.5	86.0	13.6	36.2	49.8
78.6	53.1	19.0	61.2	52.0	21.8	35.5	83.5	44.8	39.4
52.7	49.9	47.4	50.4	41.8	33.7	5.1	33.8	30.4	73.5
1.7	23.1	27.6	7.3	53.4	61.4	65.4	38.5	57.6	38.1
59.1	67.4	16.4	58.4	11.9	52.7	79.9	5.1	50.5	71.4
7.4	88.7	92.7	20.6	70.9	95.7	64.1	77.7	75.2	70.7
83.5	46.1	47.5	22.4	7.2	26.9	12.5	25.4	27.5	21.0
25.5	11.1	24.1	61.2	2.6	60.4	32.6	13.9	52.3	18.2
88.3	48.4	49.6	58.0	17.7	49.8	35.5	34.1	51.3	63.6
18.3	24.5	57.6	31.8	52.0	61.7	59.2	63.0	9.3	75.0
28.1	65.8	29.3	78.8	22.4	79.1	6.1	54.9	18.9	13.2
33.1	55.0	5.4	95.1	65.4	13.1	33.4	46.8	44.6	72.0
61.5	60.0	41.9	77.9	2.1	40.4	42.6	30.6	58.6	21.2
71.1	7.8	12.5	1.4	5.7	40.5	42.8	60.9	93.7	4.8
64.2	55.3	13.0	58.5	34.2	65.9	64.5	9.1	19.0	47.1
4.8	44.3	18.1	0.9	88.9	82.4	82.2	1.9	38.1	50.4
26.8	12.8	46.0	75.7	40.5	79.3	9.3	90.3	5.3	84.6
22.7	83.6	71.4	93.4	40.7	59.6	75.9	66.4	45.4	28.3
48.1	87.8	8.9	49.3	78.9	90.2	50.2	7.0	58.5	64.0
8.8	98.1	22.9	59.5	96.5	52.7	82.9	32.0	0.6	29.0
84.0	15.7	10.4	27.9	70.0	41.8	75.7	38.9	75.1	64.0
91.3	61.4	10.3	21.7	62.6	36.3	71.8	34.3	21.7	92.4
3.6	40.9	71.5	74.0	75.4	70.1	83.4	88.2	7.1	77.0
29.4	32.7	22.2	67.9	29.7	48.2	20.4	64.6	39.1	16.0
85.9	79.0	91.6	97.0	95.9	84.2	16.0	85.0	78.9	32.2
22.4	39.7	24.0	78.9	33.3	86.2	45.7	16.5	24.0	68.9
12.0	27.6	21.5	45.6	54.9	32.0	69.4	3.2	88.5	70.9
18.6	42.8	56.1	89.9	79.7	97.1	8.3	31.5	9.4	52.2
1.1	99.6	62.3	39.9	24.1	53.3	23.8	82.3	47.8	9.7
20.8	49.8	2.4	44.6	75.8	17.4	58.4	59.5	19.1	81.0
34.9	18.3	93.5	45.8	27.2	99.7	85.1	25.2	96.8	22.2
24.3	11.2	44.5	51.4	29.0	78.9	15.2	35.9	96.3	6.9
7.4	78.0	96.8	75.3	1.9	22.7	88.8	11.7	84.1	34.1
24.0	59.3	65.6	28.1	45.4	45.5	87.6	13.8	85.2	39.0
99.9	50.8	44.7	67.9	91.2	31.5	66.4	96.1	23.4	71.4
14.9	9.5	48.5	37.7	79.5	51.8	93.6	56.8	30.7	92.8
12.1	74.8	13.9	33.0	54.1	35.4	38.8	74.3	10.8	82.1
7.2	70.7	66.4	77.9	89.6	76.4	81.3	7.7	4.5	0.0
68.1	27.8	88.0	10.6	93.5	9.0	66.7	51.4	94.4	39.3
67.8	32.3	31.5	4.4	81.8	0.9	26.4	29.0	93.8	8.6
71.1	0.9	53.8	27.6	38.1	99.6	80.1	18.8	54.3	20.5
56.5	7.0	9.4	83.3	51.3	53.9	58.1	14.6	52.8	37.8
18.1	66.6	51.8	53.2	53.5	38.2	24.3	69.0	78.3	78.6
72.2	9.2	30.1	14.7	45.9	98.6	25.7	82.8	93.5	9.5
44.7	75.8	3.9	20.7	2.5	41.5	9.6	24.7	67.2	62.5
51.4	0.8	94.9	78.3	97.5	54.8	16.0	81.1	89.5	39.3
51.0	63.2	37.9	71.9	94.0	31.9	39.1	36.4	76.1	95.0
99.9	80.5	15.4	49.5	81.1	59.3	65.5	83.4	1.4	51.4
35.9	23.4	53.8	85.7	33.4	23.8	38.3	62.2	12.2	76.0
26.1	43.1	89.3	49.5	43.1	33.9	31.6	62.8	75.2	11.4
12.6	13.3	95.3	15.9	80.9	0.4	65.4	80.3	56.3	80.8
11.6	81.1	88.2	11.3	85.5	51.7	36.8	56.4	25.5	14.6
95.3	0.9	86.4	47.7	85.7	11.0	78.9	73.3	17.6	69.2
17.2	19.5	43.5	33.6	43.0	63.3	9.7	52.2	28.3	86.5
89.7	75.1	87.7	20.8	6.5	51.1	41.2	71.1	58.5	10.6
65.4	33.8	3.2	52.8	62.6	38.1	8.4	71.8	23.6	50.5
62.3	43.4	15.4	26.2	79.9	17.4	50.7	58.0	51.5	43.9
62.6	33.2	13.6	46.0	29.0	69.0	53.2	17.2	93.0	17.9
48.2	69.6	27.2	31.7	52.6	72.1	59.0	44.1	78.7	87.8
10.4	0.7	71.2	33.6	2.4	39.1	14.4	46.9	5.6	9.4
97.9	22.4	38.7	93.1	74.3	36.9	46.1	90.5	16.0	38.6
97.9	7.0	12.6	40.5	38.8	27.5	51.1	26.8	34.1	70.3
10.0	58.2	0.4	69.9	36.9	91.6	74.9	79.2	87.5	80.0
66.7	16.3	26.1	15.9	74.9	24.2	43.7	47.0	75.8	75.3
15.8	24.1	31.5	27.8	77.8	20.6	8.3	29.4	93.2	68.2
27.9	59.1	95.5	48.8	82.8	67.9	10.0	31.9	35.7	66.9
26.4	4.3	32.5	23.0	15.7	35.3	31.7	3.1	62.0	15.1
17.4	76.4	70.4	40.7	50.8	10.5	55.1	64.0	49.8	99.8
93.7	34.9	30.3	14.0	7.5	11.4	2.4	48.1	23.9	6.9
93.2	99.3	39.2	89.7	50.6	30.0	18.0	49.5	6.9	2.0
7.7	68.7	95.6	62.0	76.4	3.1	55.4	12.8	73.0	5.5
0.7	70.3	32.6	84.2	98.2	51.1	87.8	74.9	27.3	94.8
11.7	55.2	72.6	90.1	48.9	89.6	98.6	44.7	51.4	58.3
4.9	31.8	89.7	52.6	10.1	75.0	4.7	34.8	33.6	22.6
89.0	96.5	53.9	20.9	96.3	76.9	88.4	49.4	56.2	62.1
35.7	49.4	31.0	23.4	50.2	72.3	21.1	88.3	77.8	94.0
67.8	70.9	56.5	55.3	70.9	47.2	64.5	71.4	91.3	55.2
42.0	38.8	58.7	52.7	54.2	12.2	44.1	6.3	51.9	54.3
32.0	98.9	69.5	66.3	43.7	94.2	51.1	61.1	31.1	76.8
44.6	5.0	27.3	23.2	93.0	48.2	39.1	40.8	60.7	76.1
12.9	38.5	27.4	4.5	25.8	8.5	73.7	91.5	79.7	81.5
33.0	49.1	56.5	4.1	7.8	46.2	95.9	68.6	33.7	13.2
8.8	11.7	78.5	10.1	11.7	14.5	25.5	58.7	16.7	31.4
52.0	77.5	99.8	78.0	2.3	36.5	89.0	13.8	31.8	54.7
27.8	15.8	30.9	72.6	48.0	11.9	44.1	40.7	35.3	34.6
96.4	14.3	95.3	97.1	42.8	72.0	25.5	86.5	47.4	14.4
95.9	83.1	35.7	92.9	71.1	92.0	61.0	48.1	70.7	60.9
12.8	67.3	9.7	72.4	80.7	18.9	94.3	89.9	51.9	53.5
54.6	40.2	6.1	6.2	52.8	44.0	63.1	59.2	95.2	32.1
1.7	68.3	53.7	77.5	19.6	41.1	14.7	94.4	7.2	95.8
65.4	88.7	32.6	94.1	57.7	6.7	34.0	29.3	94.7	85.8
31.3	54.1	62.9	6.4	60.2	36.4	45.6	73.4	89.7	10.8
45.3	18.2	20.1	55.2	34.5	20.4	93.1	94.7	26.6	24.1
66.9	92.5	85.6	87.7	13.9	68.2	14.8	44.5	65.3	98.5
14.1	20.0	27.0	62.2	21.8	3.5	18.6	42.0	25.7	76.7
26.8	31.2	96.7	57.5	33.8	39.5	66.8	58.0	87.8	62.2
38.7	21.7	78.5	33.8	22.3	45.3	94.6	40.6	92.4	11.2
36.4	28.1	84.6	28.3	41.0	48.1	46.1	13.8	25.8	52.2
21.8	85.3	81.2	72.1	85.8	26.4	11.0	71.3	40.4	25.6
99.7	89.1	11.2	39.8	54.1	53.5	3.9	1.1	88.0	39.3
6.0	67.2	50.3	31.6	91.5	5.6	54.0	37.6	45.5	24.4
82.5	82.9	41.3	79.2	35.9	53.9	76.0	12.5	9.0	56.5
65.3	32.0	91.5	99.9	59.6	20.8	51.0	71.9	77.9	54.6
27.9	30.0	70.9	1.0	38.0	28.1	31.4	18.4	13.9	4.4
19.4	63.3	29.0	71.5	86.3	75.5	87.9	92.6	3.8	40.0
13.6	83.2	34.7	68.5	24.8	9.7	82.9	65.3	4.4	25.6
98.9	37.2	28.7	61.8	74.4	49.5	42.9	85.2	4.1	18.1
97.6	58.3	64.7	11.9	80.0	2.1	64.7	55.0	42.2	17.1
68.1	8.7	85.6	49.9	15.3	78.7	54.2	22.7	72.3	66.2
53.5	74.9	21.0	65.4	93.4	28.6	36.6	68.2	96.2	61.6
33.4	97.2	11.7	25.4	21.0	96.3	39.3	97.4	67.4	67.1
63.6	65.1	77.0	34.0	76.7	38.1	93.4	59.3	98.5	76.5
52.7	98.8	63.1	76.4	60.8	48.7	56.1	43.8	6.2	77.1
20.8	24.6	94.8	62.1	4.4	16.8	35.5	81.3	83.3	62.1
3.9	41.8	83.8	59.5	5.1	17.0	1.1	86.0	73.3	16.4
61.4	37.2	16.6	10.4	91.0	48.5	82.7	19.9	93.3	92.5
37.0	92.6	66.5	12.3	74.7	49.4	89.2	3.4	82.6	5.6
1.2	18.2	63.5	84.6	50.0	33.7	84.6	76.4	26.2	87.8
30.4	63.8	1.1	61.8	53.4	71.9	93.5	5.9	88.9	66.7
34.5	81.6	60.7	82.7	27.0	36.0	15.5	87.4	62.1	31.5
27.4	88.6	1.9	76.6	77.9	41.0	75.8	88.6	7.7	59.1
42.8	60.6	68.9	57.0	59.0	27.8	35.6	10.1	4.8	96.4
33.2	80.8	69.6	16.7	86.0	10.4	90.8	79.9	68.8	45.8
74.1	78.5	11.8	80.8	31.2	78.9	38.8	15.7	34.9	22.3
48.0	64.1	1.7	17.8	34.9	96.8	93.4	26.0	10.5	25.3
44.7	15.8	62.0	57.5	63.8	74.2	33.5	4.7	21.2	29.4
34.1	84.7	69.7	60.1	93.6	53.6	92.3	44.7	81.1	12.3
44.7	28.4	97.7	10.9	34.1	83.4	36.0	60.1	31.2	19.0
37.0	70.9	9.8	7.1	15.1	49.5	75.5	24.4	12.7	67.8
35.6	1.1	72.5	25.8	17.2	91.1	39.6	1.7	6.0	8.3
76.2	5.9	11.5	64.8	85.2	86.3	36.8	49.8	11.5	41.8
90.2	64.8	58.8	94.3	33.3	85.3	59.1	67.9	73.8	63.9
45.6	93.4	76.1	67.0	58.9	92.9	10.6	9.5	39.2	59.6
98.3	55.1	20.8	83.2	39.7	94.6	18.1	29.4	57.7	71.1
34.8	52.7	17.6	92.1	17.8	87.2	69.5	96.2	66.7	89.1
18.7	5.9	37.5	7.6	57.0	12.3	29.7	95.7	85.9	91.5
72.9	26.0	4.4	99.5	89.2	3.1	63.8	77.8	17.9	41.1
92.4	61.5	62.2	71.7	26.3	73.0	21.4	0.4	84.6	23.1
12.2	90.4	43.1	81.4	9.0	77.8	55.7	42.9	69.5	66.6
73.3	98.5	65.2	10.3	94.1	12.2	41.5	28.4	17.8	48.4
44.6	87.4	46.3	95.1	3.1	51.9	90.6	93.2	56.5	50.8
63.3	61.2	37.4	83.7	43.2	2.8	6.7	56.1	49.4	37.9
87.3	83.5	50.0	49.0	86.4	45.6	33.2	82.8	84.0	33.3
51.5	71.3	20.3	15.0	82.6	75.0	68.5	77.7	4.8	8.1
90.3	74.2	28.3	83.9	18.9	93.6	54.5	58.8	17.4	27.8
81.9	33.4	77.1	86.6	59.5	2.1	96.3	77.7	56.9	34.7
19.7	99.1	89.8	56.3	1.9	96.6	42.1	49.3	92.4	8.2
81.1	2.3	46.1	85.1	99.7	77.1	72.3	62.0	11.7	11.2
59.2	70.5	37.2	42.7	60.6	91.6	63.1	9.3	76.6	50.9
37.3	19.9	96.0	75.3	5.1	2.8	39.9	83.1	15.4	78.8
29.7	57.3	62.8	94.8	95.2	75.4	7.5	61.9	64.4	11.3
89.3	59.2	46.2	24.3	10.4	83.8	95.4	15.8	18.8	10.9
76.9	93.6	93.7	50.2	64.6	48.5	3.9	55.1	96.5	74.8
86.8	92.7	93.9	69.7	34.0	86.9	52.3	66.0	5.8	82.1
21.9	45.1	14.3	51.1	63.8	44.8	91.9	40.3	14.9	81.5
24.0	38.3	80.1	75.5	97.9	35.4	13.7	3.4	83.8	80.1
46.6	25.7	87.9	55.4	31.1	4.6	91.3	62.5	95.4	30.6
3.0	35.9	68.4	40.4	60.6	90.5	9.3	66.8	58.3	45.9
16.4	96.7	69.4	20.8	62.8	78.4	76.8	26.1	85.0	97.2
59.3	85.2	12.4	73.9	40.3	87.0	8.9	27.8	2.3	58.1
54.4	61.4	42.7	35.8	36.8	88.5	48.3	66.6	98.4	99.0
77.2	31.9	84.4	87.8	65.2	47.8	17.5	75.4	76.0	85.3
31.0	64.3	68.9	26.3	33.7	6.4	94.1	33.6	32.8	49.8
36.4	70.8	53.1	41.6	9.4	1.9	80.8	37.7	40.4	35.3
81.2	41.1	33.2	91.0	67.4	19.2	68.0	3.4	28.3	24.1
99.3	63.1	31.3	47.3	80.2	54.6	71.6	93.1	38.9	60.0
20.2	19.7	56.4	4.9	99.1	76.6	4.5	7.2	73.7	28.0
32.0	31.3	32.9	43.5	71.1	28.5	75.5	26.4	79.5	51.1
53.5	1.7	78.8	13.4	73.8	10.2	56.1	2.0	41.9	30.4
95.5	34.1	91.9	39.6	23.0	72.6	70.3	40.3	65.1	42.1
24.3	3.3	45.6	12.3	77.5	76.4	54.2	19.3	41.3	23.4
96.0	56.8	34.0	87.1	97.4	3.5	85.4	58.4	40.1	39.4
68.7	39.1	15.5	97.1	72.5	37.6	63.7	29.9	51.3	0.3
47.2	50.4	87.8	79.0	69.0	82.2	60.1	27.4	71.1	87.8
51.1	45.6	53.9	74.2	37.8	33.9	34.5	60.4	94.4	26.9
31.5	75.8	70.1	96.8	63.8	62.1	3.3	20.3	47.5	52.5
8.0	30.2	38.7	83.7	57.1	43.4	93.7	63.5	31.7	83.2
1	2	3	4	5	6	7	8	9	10
1	2	3	4	5	6	7	8	9	10
1	2	3	4	5	6	7	8	9	10
1	2	3	4	5	6	7	8	9	10
1	2	3	4	5	6	7	8	9	10
1	2	3	4	5	6	7	8	9	10
1	2	3	4	5	6	7	8	9	10
1	2	3	4	5	6	7	8	9	10
1	2	3	4	5	6	7	8	9	10
1	2	3	4	5	6	7	8	9	10
1	2	3	4	5	6	7	8	9	10
1	2	3	4	5	6	7	8	9	10
1	2	3	4	5	6	7	8	9	10
1	2	3	4	5	6	7	8	9	10
1	2	3	4	5	6	7	8	9	10
1	2	3	4	5	6	7	8	9	10
1	2	3	4	5	6	7	8	9	10
1	2	3	4	5	6	7	8	9	10
1	2	3	4	5	6	7	8	9	10
1	2	3	4	5	6	7	8	9	10
1	2	3	4	5	6	7	8	9	10
1	2	3	4	5	6	7	8	9	10
1	2	3	4	5	6	7	8	9	10
1	2	3	4	5	6	7	8	9	10
1	2	3	4	5	6	7	8	9	10
1	2	3	4	5	6	7	8	9	10
1	2	3	4	5	6	7	8	9	10
1	2	3	4	5	6	7	8	9	10
1	2	3	4	5	6	7	8	9	10
1	2	3	4	5	6	7	8	9	10
1	2	3	4	5	6	7	8	9	10
1	2	3	4	5	6	7	8	9	10
1	2	3	4	5	6	7	8	9	10
1	2	3	4	5	6	7	8	9	10
1	2	3	4	5	6	7	8	9	10
1	2	3	4	5	6	7	8	9	10
1	2	3	4	5	6	7	8	9	10
1	2	3	4	5	6	7	8	9	10
1	2	3	4	5	6	7	8	9	10
1	2	3	4	5	6	7	8	9	10
1	2	3	4	5	6	7	8	9	10
1	2	3	4	5	6	7	8	9	10
1	2	3	4	5	6	7	8	9	10
1	2	3	4	5	6	7	8	9	10
1	2	3	4	5	6	7	8	9	10
1	2	3	4	5	6	7	8	9	10
1	2	3	4	5	6	7	8	9	10
1	2	3	4	5	6	7	8	9	10
1	2	3	4	5	6	7	8	9	10
1	2	3	4	5	6	7	8	9	10
1	2	3	4	5	6	7	8	9	10
1	2	3	4	5	6	7	8	9	10
1	2	3	4	5	6	7	8	9	10
1	2	3	4	5	6	7	8	9	10
1	2	3	4	5	6	7	8	9	10
1	2	3	4	5	6	7	8	9	10
1	2	3	4	5	6	7	8	9	10
1	2	3	4	5	6	7	8	9	10
1	2	3	4	5	6	7	8	9	10
1	2	3	4	5	6	7	8	9	10
1	2	3	4	5	6	7	8	9	10
1	2	3	4	5	6	7	8	9	10
1	2	3	4	5	6	7	8	9	10
1	2	3	4	5	6	7	8	9	10
1	2	3	4	5	6	7	8	9	10
1	2	3	4	5	6	7	8	9	10
1	2	3	4	5	6	7	8	9	10
1	2	3	4	5	6	7	8	9	10
1	2	3	4	5	6	7	8	9	10
1	2	3	4	5	6	7	8	9	10
1	2	3	4	5	6	7	8	9	10
1	2	3	4	5	6	7	8	9	10
1	2	3	4	5	6	7	8	9	10
1	2	3	4	5	6	7	8	9	10
1	2	3	4	5	6	7	8	9	10
1	2	3	4	5	6	7	8	9	10
1	2	3	4	5	6	7	8	9	10
1	2	3	4	5	6	7	8	9	10
1	2	3	4	5	6	7	8	9	10
1	2	3	4	5	6	7	8	9	10
1	2	3	4	5	6	7	8	9	10
1	2	3	4	5	6	7	8	9	10
1	2	3	4	5	6	7	8	9	10
1	2	3	4	5	6	7	8	9	10
1	2	3	4	5	6	7	8	9	10
1	2	3	4	5	6	7	8	9	10
1	2	3	4	5	6	7	8	9	10
1	2	3	4	5	6	7	8	9	10
1	2	3	4	5	6	7	8	9	10
1	2	3	4	5	6	7	8	9	10
1	2	3	4	5	6	7	8	9	10
1	2	3	4	5	6	7	8	9	10
1	2	3	4	5	6	7	8	9	10
1	2	3	4	5	6	7	8	9	10
1	2	3	4	5	6	7	8	9	10
1	2	3	4	5	6	7	8	9	10
1	2	3	4	5	6	7	8	9	10
1	2	3	4	5	6	7	8	9	10
1	2	3	4	5	6	7	8	9	10
1	2	3	4	5	6	7	8	9	10
1	2	3	4	5	6	7	8	9	10
1	2	3	4	5	6	7	8	9	10
1	2	3	4	5	6	7	8	9	10
1	2	3	4	5	6	7	8	9	10
1	2	3	4	5	6	7	8	9	10
1	2	3	4	5	6	7	8	9	10
1	2	3	4	5	6	7	8	9	10
1	2	3	4	5	6	7	8	9	10
1	2	3	4	5	6	7	8	9	10
1	2	3	4	5	6	7	8	9	10
1	2	3	4	5	6	7	8	9	10
1	2	3	4	5	6	7	8	9	10
1	2	3	4	5	6	7	8	9	10
1	2	3	4	5	6	7	8	9	10
1	2	3	4	5	6	7	8	9	10
1	2	3	4	5	6	7	8	9	10
1	2	3	4	5	6	7	8	9	10
1	2	3	4	5	6	7	8	9	10
1	2	3	4	5	6	7	8	9	10
1	2	3	4	5	6	7	8	9	10
1	2	3	4	5	6	7	8	9	10
1	2	3	4	5	6	7	8	9	10
1	2	3	4	5	6	7	8	9	10
1	2	3	4	5	6	7	8	9	10
1	2	3	4	5	6	7	8	9	10
1	2	3	4	5	6	7	8	9	10
1	2	3	4	5	6	7	8	9	10
1	2	3	4	5	6	7	8	9	10
1	2	3	4	5	6	7	8	9	10
1	2	3	4	5	6	7	8	9	10
1	2	3	4	5	6	7	8	9	10
1	2	3	4	5	6	7	8	9	10
1	2	3	4	5	6	7	8	9	10
1	2	3	4	5	6	7	8	9	10
1	2	3	4	5	6	7	8	9	10
1	2	3	4	5	6	7	8	9	10
1	2	3	4	5	6	7	8	9	10
1	2	3	4	5	6	7	8	9	10
1	2	3	4	5	6	7	8	9	10
1	2	3	4	5	6	7	8	9	10
1	2	3	4	5	6	7	8	9	10
1	2	3	4	5	6	7	8	9	10
1	2	3	4	5	6	7	8	9	10
1	2	3	4	5	6	7	8	9	10
1	2	3	4	5	6	7	8	9	10
1	2	3	4	5	6	7	8	9	10
1	2	3	4	5	6	7	8	9	10
1	2	3	4	5	6	7	8	9	10
1	2	3	4	5	6	7	8	9	10
1	2	3	4	5	6	7	8	9	10
1	2	3	4	5	6	7	8	9	10
1	2	3	4	5	6	7	8	9	10
1	2	3	4	5	6	7	8	9	10
1	2	3	4	5	6	7	8	9	10
1	2	3	4	5	6	7	8	9	10
1	2	3	4	5	6	7	8	9	10
1	2	3	4	5	6	7	8	9	10
1	2	3	4	5	6	7	8	9	10
1	2	3	4	5	6	7	8	9	10
1	2	3	4	5	6	7	8	9	10
1	2	3	4	5	6	7	8	9	10
1	2	3	4	5	6	7	8	9	10
1	2	3	4	5	6	7	8	9	10
1	2	3	4	5	6	7	8	9	10
1	2	3	4	5	6	7	8	9	10
1	2	3	4	5	6	7	8	9	10
1	2	3	4	5	6	7	8	9	10
1	2	3	4	5	6	7	8	9	10
1	2	3	4	5	6	7	8	9	10
1	2	3	4	5	6	7	8	9	10
1	2	3	4	5	6	7	8	9	10
1	2	3	4	5	6	7	8	9	10
1	2	3	4	5	6	7	8	9	10
1	2	3	4	5	6	7	8	9	10
1	2	3	4	5	6	7	8	9	10
1	2	3	4	5	6	7	8	9	10
1	2	3	4	5	6	7	8	9	10
1	2	3	4	5	6	7	8	9	10
1	2	3	4	5	6	7	8	9	10
1	2	3	4	5	6	7	8	9	10
1	2	3	4	5	6	7	8	9	10
1	2	3	4	5	6	7	8	9	10
1	2	3	4	5	6	7	8	9	10
1	2	3	4	5	6	7	8	9	10
1	2	3	4	5	6	7	8	9	10
1	2	3	4	5	6	7	8	9	10
1	2	3	4	5	6	7	8	9	10
1	2	3	4	5	6	7	8	9	10
1	2	3	4	5	6	7	8	9	10
1	2	3	4	5	6	7	8	9	10
1	2	3	4	5	6	7	8	9	10
1	2	3	4	5	6	7	8	9	10
1	2	3	4	5	6	7	8	9	10
1	2	3	4	5	6	7	8	9	10
1	2	3	4	5	6	7	8	9	10
1	2	3	4	5	6	7	8	9	10
1	2	3	4	5	6	7	8	9	10
1	2	3	4	5	6	7	8	9	10
1	2	3	4	5	6	7	8	9	10
1	2	3	4	5	6	7	8	9	10
