200	10
35.8	26.0	70.0	30.6	69.4	47.6	65.9	51.4	14.8	34.6
49.7	95.2	99.9	83.5	79.7	59.6	86.5	34.6	39.1	56.5
19.2	60.7	62.2	25.3	82.5	4.2	88.7	14.1	57.0	95.0
5.5	44.9	72.7	36.6	69.6	74.2	54.4	11.6	30.5	46.1
7.6	45.1	9.6	57.3	74.1	33.3	21.7	7.9	88.2	37.1
0.9	5.2	87.9	79.6	40.0	45.7	95.3	68.4	68.9	95.7
13.8	9.8	75.5	92.3	50.0	33.0	15.7	34.4	81.0	57.3
45.4	67.6	97.6	94.7	12.1	38.8	51.2	25.8	34.6	38.7
34.8	39.7	58.2	95.1	74.7	75.7	42.1	29.4	42.0	37.4
1.8	87.2	35.9	80.5	42.7	26.7	53.5	83.3	55.5	33.3
67.2	67.0	72.9	55.2	6.6	25.1	44.4	66.5	8.0	86.2
3.6	40.0	89.1	1.4	85.7	56.5	47.2	5.2	5.8	90.5
50.1	22.3	68.7	11.6	27.8	6.5	71.2	22.2	49.2	5.3
96.0	88.2	58.7	36.3	79.4	55.2	28.6	7.7	66.2	14.6
54.9	29.9	96.1	40.6	56.8	0.3	51.4	74.1	62.8	58.1
7.3	64.7	3.2	92.0	87.4	68.7	29.1	76.7	43.1	18.1
38.7	74.9	34.2	75.6	89.5	44.7	13.5	35.5	64.7	73.2
67.3	11.3	20.6	82.8	94.4	97.2	17.1	6.4	76.2	39.5
43.5	96.4	87.2	84.5	46.5	30.1	95.3	86.4	50.9	44.4
75.0	60.6	57.2	23.6	40.9	90.3	74.6	66.0	84.3	17.7
97.6	36.9	52.2	18.9	95.1	35.2	78.5	3.3	61.9	55.0
0.3	8.2	99.0	26.7	72.7	46.4	43.7	81.2	66.9	12.5
27.3	94.7	60.1	84.4	55.0	70.2	81.3	29.1	22.8	9.3
30.6	13.0	50.7	59.5	4.3	50.5	37.6	96.3	13.3	33.8
29.1	51.1	25.8	12.3	60.3	65.7	68.1	95.6	39.0	29.3
76.7	60.9	13.1	3.7	45.8	80.5	32.6	14.5	27.1	15.4
42.5	34.0	22.2	16.7	96.1	40.8	74.6	51.7	79.7	87.3
54.8	56.0	41.0	27.2	84.5	81.8	66.4	74.4	30.6	9.0
97.6	63.9	22.9	89.2	59.7	47.4	71.7	1.3	69.0	55.9
70.2	41.6	13.6	76.3	41.7	78.1	83.2	99.0	82.1	57.5
27.6	64.7	83.6	11.9	98.5	70.9	2.6	54.4	60.0	94.0
87.7	51.2	61.9	27.2	27.2	27.1	100.0	32.0	83.9	12.2
54.8	90.9	7.7	11.8	85.5	71.8	33.7	21.9	95.5	95.4
15.0	11.1	90.5	80.7	39.5	84.9	31.3	53.7	59.4	15.6
20.2	74.6	91.7	80.2	40.4	19.5	67.0	88.4	71.6	7.5
66.8	82.1	28.8	76.8	96.4	75.2	37.0	18.8	97.8	77.4
14.8	92.0	48.4	11.0	45.2	19.9	54.9	97.0	30.6	59.6
59.4	31.4	70.4	72.1	31.0	55.7	97.0	93.6	55.9	48.0
9.9	22.1	79.8	82.5	76.0	72.7	33.8	51.8	46.5	88.7
14.8	41.8	79.9	75.8	94.2	92.0	75.7	67.2	79.2	9.5
18.3	91.0	96.6	0.8	74.4	91.4	65.2	37.1	66.3	83.6
46.2	30.3	88.8	12.7	24.0	79.8	72.2	86.3	78.5	89.3
15.6	90.9	82.3	41.1	64.4	31.1	30.8	54.6	46.2	96.9
64.3	74.2	27.2	91.8	99.5	8.3	82.2	7.3	29.9	88.0
67.7	26.2	19.6	23.9	4.3	41.1	52.8	83.7	91.1	96.8
64.7	62.3	79.9	2.9	7.1	41.4	20.5	70.0	33.1	48.0
11.3	17.7	23.9	68.9	21.7	94.7	6.9	56.2	61.3	24.4
84.0	87.9	15.7	88.4	64.0	31.2	69.7	1.5	77.4	81.4
34.0	29.9	70.5	25.6	24.2	75.4	85.9	61.5	46.1	71.3
25.7	4.4	41.2	62.5	45.6	61.3	51.1	30.6	46.4	2.6
17.7	58.6	92.4	60.4	6.9	54.7	12.4	41.9	39.2	26.7
73.1	11.1	96.2	81.2	50.2	46.0	42.1	36.2	49.6	97.1
89.4	25.2	2.6	4.2	37.4	41.7	73.4	80.6	52.4	94.7
94.1	28.7	25.7	41.4	41.0	83.3	0.4	60.1	67.0	76.0
7.0	57.0	31.1	60.7	74.2	25.4	41.1	78.5	90.2	86.6
3.9	46.9	4.1	36.4	21.0	50.1	94.3	35.4	55.3	71.5
45.2	17.4	22.7	22.2	18.9	87.2	71.6	34.1	80.7	84.4
2.3	20.7	31.5	97.3	70.0	73.9	9.4	70.9	24.1	37.7
64.0	25.6	48.1	97.3	100.0	29.3	63.0	32.6	37.8	61.4
50.7	63.2	37.9	26.8	64.3	75.2	87.0	49.5	40.7	19.8
66.6	38.1	15.9	10.7	87.0	37.4	64.5	74.6	63.9	82.8
80.5	39.6	55.7	23.6	57.3	6.3	1.7	63.1	78.5	58.8
61.8	36.5	29.4	0.2	9.1	51.4	52.9	61.1	55.9	39.2
92.3	40.1	91.0	74.2	71.1	5.1	37.4	45.9	14.2	76.7
40.0	78.3	65.5	60.4	37.5	7.9	3.6	50.0	64.5	16.6
41.5	96.6	15.0	39.2	12.0	7.6	17.1	71.8	84.6	0.3
69.2	87.8	15.3	4.0	6.5	47.6	7.5	87.7	80.6	32.1
14.3	58.3	0.4	16.0	59.7	8.0	4.0	87.0	91.1	76.0
88.8	96.1	10.2	78.5	4.3	59.3	72.9	83.3	22.3	86.6
13.8	15.6	6.4	17.2	82.6	64.1	77.0	66.6	13.2	41.7
20.4	30.0	5.2	23.7	55.7	97.2	6.5	67.2	65.0	76.1
61.0	15.0	56.4	67.5	62.3	9.1	81.9	16.2	97.7	24.4
43.6	68.3	50.7	37.6	27.9	88.2	8.6	11.2	27.4	68.4
88.5	40.3	81.8	56.2	13.3	3.8	72.6	29.5	42.5	81.3
59.8	35.4	32.8	5.5	63.9	35.7	68.4	74.3	6.6	92.6
15.7	37.8	56.4	43.0	51.8	11.3	66.9	14.0	69.6	64.3
14.5	5.8	10.4	47.0	99.9	90.3	0.5	20.6	4.5	42.2
33.3	43.6	0.8	57.7	9.1	65.2	46.3	27.8	58.4	36.8
21.0	43.4	15.1	64.0	71.3	24.2	5.4	26.3	44.3	62.2
10.1	6.8	10.3	98.0	99.6	87.3	53.4	63.0	49.2	29.9
45.1	41.6	55.2	20.6	72.6	26.1	18.2	98.3	14.4	86.8
68.4	4.5	46.6	5.9	93.4	7.4	7.1	63.5	72.3	76.9
76.6	7.5	78.9	60.4	99.2	16.1	66.7	61.7	1.2	39.8
35.3	3.8	47.0	37.2	48.1	60.3	12.0	7.0	72.9	67.0
88.6	38.4	44.8	88.1	70.6	13.4	31.9	48.1	25.0	32.2
16.3	38.5	18.0	46.6	38.7	81.8	71.7	84.2	32.9	32.1
41.0	67.0	97.8	7.0	93.4	22.2	100.0	19.8	63.6	64.0
26.3	82.9	66.3	42.2	74.8	55.4	48.5	52.1	53.0	63.4
7.3	87.2	99.6	27.5	58.6	13.6	65.6	62.0	63.6	88.3
4.3	82.3	65.2	78.9	53.4	32.1	69.4	96.9	51.5	74.5
28.5	22.0	18.0	0.5	77.6	23.1	90.5	55.1	10.1	80.8
73.2	59.3	84.4	72.4	23.8	58.3	87.4	82.9	11.1	16.1
18.5	7.8	87.3	57.3	33.9	21.3	13.6	82.7	70.4	64.9
78.1	55.9	10.3	34.7	58.7	82.0	95.0	52.1	97.5	43.4
5.2	77.4	40.3	3.0	39.0	61.8	85.4	80.7	25.6	92.4
2.4	46.8	64.4	29.8	37.7	5.7	69.7	97.3	42.4	5.7
57.8	97.6	44.0	41.2	20.3	97.8	59.1	84.7	29.6	92.1
22.3	79.5	75.4	69.4	94.7	61.7	40.1	16.2	60.9	79.2
54.6	38.3	18.2	38.4	92.5	80.2	48.3	78.4	31.3	17.6
89.8	77.8	63.8	66.2	9.9	73.2	29.8	85.5	70.6	80.3
43.2	35.7	78.0	73.3	73.3	87.4	74.2	97.5	30.0	21.7
57.9	40.7	65.1	14.1	7.9	94.5	9.7	67.9	98.5	19.7
69.0	95.4	11.3	2.4	30.1	53.5	73.2	24.6	41.8	86.6
33.5	63.5	10.4	55.9	26.8	7.2	7.3	40.5	61.1	48.5
73.8	18.1	54.8	15.4	35.0	80.1	95.9	82.2	37.7	86.6
26.6	1.1	59.0	8.7	64.3	50.5	34.9	57.0	46.3	1.0
27.6	92.2	45.3	60.9	15.1	93.6	28.6	88.9	64.2	47.1
13.1	23.5	10.5	60.8	45.5	41.9	41.4	29.1	95.4	42.6
38.0	77.6	21.9	87.4	83.6	42.4	75.7	35.6	30.0	53.1
88.7	13.7	98.5	33.9	22.2	14.1	85.0	84.4	4.6	55.3
16.8	23.1	91.0	95.6	72.5	48.5	63.8	11.5	28.4	22.4
77.6	32.7	18.6	83.8	87.4	73.8	77.2	39.7	25.4	20.1
65.0	12.1	93.1	88.8	3.7	14.1	87.8	10.4	73.9	67.8
97.3	57.3	30.4	74.2	40.0	1.4	71.4	96.3	36.7	70.0
69.5	33.0	47.8	63.6	16.1	55.6	88.3	73.5	59.7	53.3
44.5	5.7	90.8	93.0	88.2	65.0	51.2	98.7	31.1	95.1
48.1	8.6	34.6	83.3	50.6	23.4	81.4	37.3	64.4	56.1
87.6	31.6	28.1	98.0	87.0	19.4	61.8	81.5	68.7	71.6
48.2	61.2	81.9	85.6	41.6	85.2	89.7	64.5	50.7	23.3
23.2	62.8	32.2	55.9	79.3	7.0	30.6	88.4	57.4	2.6
74.7	13.0	60.1	52.2	63.2	34.2	78.6	97.9	93.3	49.6
88.1	72.6	69.5	41.5	53.4	39.5	71.2	88.1	73.1	96.3
19.0	90.8	36.7	26.9	77.9	10.2	65.9	88.6	32.8	13.1
49.4	76.2	65.8	1.6	90.7	77.1	36.2	85.7	44.6	20.3
52.4	57.9	27.4	68.0	35.2	69.8	53.2	63.5	22.4	10.9
77.6	38.1	30.3	51.7	5.8	41.7	46.7	75.7	13.2	72.9
55.0	58.9	98.7	28.2	93.1	10.0	66.6	80.5	43.8	76.0
79.4	38.9	58.7	0.5	56.3	95.3	20.7	69.9	72.6	61.6
34.4	93.4	34.3	17.8	13.1	41.8	63.4	87.6	8.7	53.8
94.7	51.1	52.8	58.9	68.2	40.1	84.2	12.4	1.8	44.2
64.1	43.2	34.5	75.0	63.4	39.0	23.9	54.8	76.5	38.1
66.2	1.0	99.3	46.6	77.1	25.3	95.7	27.7	52.9	60.0
2.9	47.0	59.4	24.8	80.0	8.0	83.4	63.2	57.7	76.6
71.4	57.2	75.0	28.6	8.0	11.3	21.0	14.5	97.5	4.0
31.0	43.6	73.1	50.8	7.8	11.7	50.1	65.4	17.6	36.5
6.1	4.2	2.2	44.3	46.7	27.2	67.3	95.7	44.8	72.8
26.5	96.0	76.9	37.8	54.5	29.7	15.2	52.1	24.4	14.6
93.2	54.2	34.7	71.1	89.6	32.5	56.6	22.5	82.5	4.0
45.3	30.5	97.3	55.1	55.5	64.3	61.1	27.2	29.1	23.3
89.1	28.9	3.1	54.7	28.1	46.3	71.7	35.4	85.6	96.3
45.9	70.1	31.2	28.8	76.4	74.5	7.5	8.1	72.0	36.6
60.6	80.0	84.7	6.3	65.8	98.3	36.4	78.5	39.4	85.2
44.0	55.9	70.3	25.8	59.1	55.9	28.5	25.4	40.3	16.3
95.8	40.9	93.6	4.0	65.5	72.2	65.6	75.9	47.8	2.2
95.7	28.5	33.7	64.4	8.9	35.3	63.0	71.1	88.9	50.9
23.5	67.9	48.0	63.9	54.8	70.4	61.6	68.0	56.9	23.2
35.0	31.3	28.8	14.8	84.0	85.4	82.7	16.3	0.0	17.5
31.4	37.7	96.6	16.7	93.6	10.7	99.0	68.1	85.1	38.1
71.7	35.0	55.5	93.0	36.4	48.6	55.0	45.0	47.3	39.9
43.0	19.2	35.7	19.5	31.4	56.7	61.5	89.8	31.7	18.2
25.7	54.1	92.8	61.6	37.5	30.7	49.5	28.1	20.0	15.2
72.3	27.6	19.7	30.3	19.4	73.5	99.8	53.4	91.6	64.6
36.3	7.6	44.3	44.6	67.1	39.9	22.2	18.7	91.1	45.0
29.4	91.9	64.4	75.1	74.3	3.5	72.2	81.9	83.1	60.6
93.2	30.0	29.7	61.9	83.6	64.5	95.8	3.7	32.6	41.1
8.6	40.4	58.7	72.1	48.3	69.9	28.4	84.1	18.6	14.4
15.8	56.9	16.2	10.6	40.1	61.9	65.9	15.4	37.2	53.6
48.8	67.4	33.6	32.2	59.4	31.0	84.5	22.9	1.5	13.8
39.0	75.6	53.3	7.7	38.4	41.2	98.1	60.1	87.8	47.4
27.8	61.7	86.9	54.0	65.2	93.1	49.9	33.0	30.0	36.1
86.3	4.7	56.1	9.0	94.5	12.4	72.4	10.4	92.3	56.6
63.7	82.3	11.6	9.0	77.8	64.6	4.3	1.0	3.8	39.5
67.0	71.2	14.4	94.1	13.6	73.2	89.9	79.7	4.2	90.6
94.9	12.3	3.8	79.7	8.5	99.8	0.9	31.8	43.6	78.6
34.6	87.5	6.5	18.6	95.3	88.7	55.2	47.5	45.9	78.4
5.8	36.6	55.2	36.8	79.0	64.3	10.9	36.7	33.6	21.7
30.4	27.6	6.4	92.0	96.0	49.2	7.8	26.9	47.3	6.8
97.4	48.1	98.2	65.6	71.7	5.1	60.8	46.0	74.1	57.3
62.1	42.9	88.9	86.7	37.9	88.6	49.6	32.2	34.9	16.3
44.3	61.6	16.0	81.1	96.2	35.5	6.9	28.0	92.3	90.8
65.8	48.7	99.0	92.0	74.8	79.1	24.8	98.5	46.0	94.6
57.2	35.4	91.3	83.9	86.4	7.3	98.7	1.7	25.6	35.3
46.3	50.0	88.8	0.4	89.3	41.1	9.5	69.8	76.7	86.1
59.4	19.2	6.5	31.4	97.4	71.6	38.7	41.9	91.3	82.8
70.5	63.3	90.0	37.4	38.6	34.6	89.5	48.2	36.5	62.5
62.5	95.0	76.1	47.3	46.6	69.1	33.3	38.3	24.5	38.4
5.8	55.8	26.5	19.3	24.8	3.4	56.5	97.3	50.8	90.4
67.2	39.8	55.4	9.6	41.0	46.8	80.7	96.5	59.1	40.3
16.4	13.3	38.0	58.0	72.1	95.2	71.8	97.3	14.2	15.2
40.8	31.0	8.4	28.6	59.5	58.9	80.1	75.8	50.5	70.6
28.0	84.0	98.7	30.4	1.9	76.4	63.9	44.6	54.7	1.9
17.2	4.8	94.0	26.6	44.1	45.3	71.0	23.0	57.0	89.0
33.0	83.1	19.8	27.1	27.2	16.3	31.7	52.6	34.1	75.4
82.4	33.5	14.2	40.7	87.7	82.6	28.7	36.7	49.7	62.1
36.6	49.4	63.6	91.6	25.7	51.4	89.9	9.0	85.5	0.9
92.9	1.8	71.0	82.5	69.6	3.3	3.0	66.5	79.9	2.8
59.9	94.2	47.3	80.0	45.5	10.0	67.6	69.6	0.6	28.0
79.3	67.2	12.9	5.4	38.8	68.1	98.7	41.2	90.4	60.7
12.5	18.7	15.2	27.4	41.8	58.1	77.4	81.4	26.1	3.4
91.8	52.7	0.6	25.6	2.5	8.9	61.7	80.8	82.4	2.9
27.8	93.3	12.1	77.2	35.3	86.6	83.4	23.7	71.2	76.9
89.0	19.4	75.1	77.4	95.7	52.2	95.6	80.1	61.7	73.9
28.2	90.1	68.8	95.0	48.1	84.9	41.9	56.8	83.4	37.4
36.2	40.5	80.4	54.8	22.8	34.5	83.0	99.2	10.0	23.4
36.0	19.2	3.4	59.0	25.9	24.1	37.3	55.6	94.5	6.5
13.5	33.5	40.1	50.8	54.6	34.4	27.4	28.7	76.7	87.4
42.1	35.9	7.9	54.4	59.7	97.3	11.2	82.0	36.4	29.4
33.6	58.0	62.3	6.0	72.1	94.3	39.2	34.4	89.1	5.2
53.4	77.0	51.6	92.6	7.3	0.4	54.1	36.2	46.3	0.8
79.2	31.7	20.0	89.1	3.7	35.1	43.7	34.5	47.8	13.2
1	2	3	4	5	6	7	8	9	10
1	2	3	4	5	6	7	8	9	10
1	2	3	4	5	6	7	8	9	10
1	2	3	4	5	6	7	8	9	10
1	2	3	4	5	6	7	8	9	10
1	2	3	4	5	6	7	8	9	10
1	2	3	4	5	6	7	8	9	10
1	2	3	4	5	6	7	8	9	10
1	2	3	4	5	6	7	8	9	10
1	2	3	4	5	6	7	8	9	10
1	2	3	4	5	6	7	8	9	10
1	2	3	4	5	6	7	8	9	10
1	2	3	4	5	6	7	8	9	10
1	2	3	4	5	6	7	8	9	10
1	2	3	4	5	6	7	8	9	10
1	2	3	4	5	6	7	8	9	10
1	2	3	4	5	6	7	8	9	10
1	2	3	4	5	6	7	8	9	10
1	2	3	4	5	6	7	8	9	10
1	2	3	4	5	6	7	8	9	10
1	2	3	4	5	6	7	8	9	10
1	2	3	4	5	6	7	8	9	10
1	2	3	4	5	6	7	8	9	10
1	2	3	4	5	6	7	8	9	10
1	2	3	4	5	6	7	8	9	10
1	2	3	4	5	6	7	8	9	10
1	2	3	4	5	6	7	8	9	10
1	2	3	4	5	6	7	8	9	10
1	2	3	4	5	6	7	8	9	10
1	2	3	4	5	6	7	8	9	10
1	2	3	4	5	6	7	8	9	10
1	2	3	4	5	6	7	8	9	10
1	2	3	4	5	6	7	8	9	10
1	2	3	4	5	6	7	8	9	10
1	2	3	4	5	6	7	8	9	10
1	2	3	4	5	6	7	8	9	10
1	2	3	4	5	6	7	8	9	10
1	2	3	4	5	6	7	8	9	10
1	2	3	4	5	6	7	8	9	10
1	2	3	4	5	6	7	8	9	10
1	2	3	4	5	6	7	8	9	10
1	2	3	4	5	6	7	8	9	10
1	2	3	4	5	6	7	8	9	10
1	2	3	4	5	6	7	8	9	10
1	2	3	4	5	6	7	8	9	10
1	2	3	4	5	6	7	8	9	10
1	2	3	4	5	6	7	8	9	10
1	2	3	4	5	6	7	8	9	10
1	2	3	4	5	6	7	8	9	10
1	2	3	4	5	6	7	8	9	10
1	2	3	4	5	6	7	8	9	10
1	2	3	4	5	6	7	8	9	10
1	2	3	4	5	6	7	8	9	10
1	2	3	4	5	6	7	8	9	10
1	2	3	4	5	6	7	8	9	10
1	2	3	4	5	6	7	8	9	10
1	2	3	4	5	6	7	8	9	10
1	2	3	4	5	6	7	8	9	10
1	2	3	4	5	6	7	8	9	10
1	2	3	4	5	6	7	8	9	10
1	2	3	4	5	6	7	8	9	10
1	2	3	4	5	6	7	8	9	10
1	2	3	4	5	6	7	8	9	10
1	2	3	4	5	6	7	8	9	10
1	2	3	4	5	6	7	8	9	10
1	2	3	4	5	6	7	8	9	10
1	2	3	4	5	6	7	8	9	10
1	2	3	4	5	6	7	8	9	10
1	2	3	4	5	6	7	8	9	10
1	2	3	4	5	6	7	8	9	10
1	2	3	4	5	6	7	8	9	10
1	2	3	4	5	6	7	8	9	10
1	2	3	4	5	6	7	8	9	10
1	2	3	4	5	6	7	8	9	10
1	2	3	4	5	6	7	8	9	10
1	2	3	4	5	6	7	8	9	10
1	2	3	4	5	6	7	8	9	10
1	2	3	4	5	6	7	8	9	10
1	2	3	4	5	6	7	8	9	10
1	2	3	4	5	6	7	8	9	10
1	2	3	4	5	6	7	8	9	10
1	2	3	4	5	6	7	8	9	10
1	2	3	4	5	6	7	8	9	10
1	2	3	4	5	6	7	8	9	10
1	2	3	4	5	6	7	8	9	10
1	2	3	4	5	6	7	8	9	10
1	2	3	4	5	6	7	8	9	10
1	2	3	4	5	6	7	8	9	10
1	2	3	4	5	6	7	8	9	10
1	2	3	4	5	6	7	8	9	10
1	2	3	4	5	6	7	8	9	10
1	2	3	4	5	6	7	8	9	10
1	2	3	4	5	6	7	8	9	10
1	2	3	4	5	6	7	8	9	10
1	2	3	4	5	6	7	8	9	10
1	2	3	4	5	6	7	8	9	10
1	2	3	4	5	6	7	8	9	10
1	2	3	4	5	6	7	8	9	10
1	2	3	4	5	6	7	8	9	10
1	2	3	4	5	6	7	8	9	10
1	2	3	4	5	6	7	8	9	10
1	2	3	4	5	6	7	8	9	10
1	2	3	4	5	6	7	8	9	10
1	2	3	4	5	6	7	8	9	10
1	2	3	4	5	6	7	8	9	10
1	2	3	4	5	6	7	8	9	10
1	2	3	4	5	6	7	8	9	10
1	2	3	4	5	6	7	8	9	10
1	2	3	4	5	6	7	8	9	10
1	2	3	4	5	6	7	8	9	10
1	2	3	4	5	6	7	8	9	10
1	2	3	4	5	6	7	8	9	10
1	2	3	4	5	6	7	8	9	10
1	2	3	4	5	6	7	8	9	10
1	2	3	4	5	6	7	8	9	10
1	2	3	4	5	6	7	8	9	10
1	2	3	4	5	6	7	8	9	10
1	2	3	4	5	6	7	8	9	10
1	2	3	4	5	6	7	8	9	10
1	2	3	4	5	6	7	8	9	10
1	2	3	4	5	6	7	8	9	10
1	2	3	4	5	6	7	8	9	10
1	2	3	4	5	6	7	8	9	10
1	2	3	4	5	6	7	8	9	10
1	2	3	4	5	6	7	8	9	10
1	2	3	4	5	6	7	8	9	10
1	2	3	4	5	6	7	8	9	10
1	2	3	4	5	6	7	8	9	10
1	2	3	4	5	6	7	8	9	10
1	2	3	4	5	6	7	8	9	10
1	2	3	4	5	6	7	8	9	10
1	2	3	4	5	6	7	8	9	10
1	2	3	4	5	6	7	8	9	10
1	2	3	4	5	6	7	8	9	10
1	2	3	4	5	6	7	8	9	10
1	2	3	4	5	6	7	8	9	10
1	2	3	4	5	6	7	8	9	10
1	2	3	4	5	6	7	8	9	10
1	2	3	4	5	6	7	8	9	10
1	2	3	4	5	6	7	8	9	10
1	2	3	4	5	6	7	8	9	10
1	2	3	4	5	6	7	8	9	10
1	2	3	4	5	6	7	8	9	10
1	2	3	4	5	6	7	8	9	10
1	2	3	4	5	6	7	8	9	10
1	2	3	4	5	6	7	8	9	10
1	2	3	4	5	6	7	8	9	10
1	2	3	4	5	6	7	8	9	10
1	2	3	4	5	6	7	8	9	10
1	2	3	4	5	6	7	8	9	10
1	2	3	4	5	6	7	8	9	10
1	2	3	4	5	6	7	8	9	10
1	2	3	4	5	6	7	8	9	10
1	2	3	4	5	6	7	8	9	10
1	2	3	4	5	6	7	8	9	10
1	2	3	4	5	6	7	8	9	10
1	2	3	4	5	6	7	8	9	10
1	2	3	4	5	6	7	8	9	10
1	2	3	4	5	6	7	8	9	10
1	2	3	4	5	6	7	8	9	10
1	2	3	4	5	6	7	8	9	10
1	2	3	4	5	6	7	8	9	10
1	2	3	4	5	6	7	8	9	10
1	2	3	4	5	6	7	8	9	10
1	2	3	4	5	6	7	8	9	10
1	2	3	4	5	6	7	8	9	10
1	2	3	4	5	6	7	8	9	10
1	2	3	4	5	6	7	8	9	10
1	2	3	4	5	6	7	8	9	10
1	2	3	4	5	6	7	8	9	10
1	2	3	4	5	6	7	8	9	10
1	2	3	4	5	6	7	8	9	10
1	2	3	4	5	6	7	8	9	10
1	2	3	4	5	6	7	8	9	10
1	2	3	4	5	6	7	8	9	10
1	2	3	4	5	6	7	8	9	10
1	2	3	4	5	6	7	8	9	10
1	2	3	4	5	6	7	8	9	10
1	2	3	4	5	6	7	8	9	10
1	2	3	4	5	6	7	8	9	10
1	2	3	4	5	6	7	8	9	10
1	2	3	4	5	6	7	8	9	10
1	2	3	4	5	6	7	8	9	10
1	2	3	4	5	6	7	8	9	10
1	2	3	4	5	6	7	8	9	10
1	2	3	4	5	6	7	8	9	10
1	2	3	4	5	6	7	8	9	10
1	2	3	4	5	6	7	8	9	10
1	2	3	4	5	6	7	8	9	10
1	2	3	4	5	6	7	8	9	10
1	2	3	4	5	6	7	8	9	10
1	2	3	4	5	6	7	8	9	10
1	2	3	4	5	6	7	8	9	10
1	2	3	4	5	6	7	8	9	10
1	2	3	4	5	6	7	8	9	10
1	2	3	4	5	6	7	8	9	10
1	2	3	4	5	6	7	8	9	10
1	2	3	4	5	6	7	8	9	10
1	2	3	4	5	6	7	8	9	10
1	2	3	4	5	6	7	8	9	10
