200	10
24.8	11.8	9.6	73.4	98.9	88.1	52.2	34.4	61.6	6.5
25.3	94.8	13.0	8.0	4.3	95.6	25.3	87.9	25.1	78.1
26.0	33.9	76.9	9.9	97.2	70.3	35.8	26.3	93.7	3.3
98.2	97.4	35.5	33.8	42.0	8.0	26.9	83.2	68.2	64.6
29.2	20.9	100.0	87.9	7.3	10.5	48.9	28.8	50.7	74.3
91.8	9.1	25.9	68.2	59.3	49.5	79.1	3.0	2.1	56.1
14.5	54.5	4.8	93.5	30.7	3.7	63.4	32.1	8.8	53.7
39.6	55.1	28.7	61.2	18.9	38.9	28.8	87.1	67.5	25.7
58.3	40.1	46.3	47.6	97.9	1.3	59.8	71.0	58.6	48.2
64.5	68.8	40.5	80.3	55.0	67.4	89.0	49.4	68.9	99.6
17.6	82.1	8.8	8.5	75.3	50.0	93.9	54.8	17.0	40.2
82.2	12.7	32.5	75.8	87.2	93.3	86.8	99.5	97.7	64.3
12.4	56.9	63.2	55.8	21.0	85.4	9.5	64.1	95.0	10.1
3.2	60.4	13.3	95.6	52.7	93.1	83.3	67.3	51.8	79.3
17.6	89.0	76.3	65.6	93.2	36.7	36.6	84.1	88.5	25.3
46.2	83.2	74.0	53.7	68.9	99.5	87.9	50.4	86.4	87.9
1.9	18.1	85.4	61.6	25.0	34.3	26.2	59.0	99.5	28.8
16.1	1.6	85.0	47.1	73.7	37.5	98.6	69.2	6.4	89.7
77.1	54.4	94.9	82.6	15.3	88.5	25.3	50.1	35.4	60.9
45.1	19.4	84.3	12.8	31.5	26.2	1.6	5.2	40.2	54.4
92.9	61.6	39.4	62.6	81.7	22.6	2.6	29.9	71.9	99.7
46.4	81.3	65.0	3.1	24.8	18.0	53.8	37.7	78.2	3.2
61.0	75.2	37.5	11.5	36.1	25.5	89.4	36.5	36.4	12.6
93.1	63.8	38.1	59.4	88.1	56.7	94.8	75.3	53.1	7.2
21.3	52.0	33.5	20.9	13.2	11.3	97.8	96.0	93.7	5.3
29.6	5.8	69.2	70.2	52.1	31.8	23.9	39.2	25.4	17.1
98.7	46.1	76.3	24.4	28.7	51.1	26.1	94.5	27.7	55.6
57.2	90.2	59.5	89.4	64.2	80.6	86.1	35.3	42.0	97.3
41.6	1.5	55.3	31.8	61.4	11.0	45.6	80.0	26.0	48.4
55.1	29.1	12.1	68.4	74.4	32.4	11.5	19.5	78.1	2.5
17.2	87.9	88.7	47.2	42.6	82.4	14.5	37.1	60.0	81.8
46.0	22.3	46.7	20.8	12.9	77.5	87.7	72.0	33.4	99.8
74.3	15.1	25.2	62.1	6.0	37.1	86.0	78.8	56.1	68.7
90.9	11.7	24.2	20.3	71.7	44.5	89.3	99.5	33.4	18.4
17.5	52.9	63.4	75.4	6.7	18.6	82.1	4.5	90.1	57.0
63.0	50.4	82.2	43.6	4.3	67.5	34.2	1.8	88.5	18.7
27.7	70.6	14.9	6.7	53.7	85.1	7.9	11.3	11.8	73.5
69.7	9.7	96.6	95.6	75.4	49.1	3.7	55.7	67.2	38.9
14.2	83.3	77.8	14.4	76.3	30.8	86.2	57.8	46.8	82.9
32.7	56.3	63.1	53.5	46.0	73.7	23.2	13.7	59.9	5.4
94.7	73.4	54.8	10.6	68.0	33.4	25.6	60.5	57.9	79.7
17.4	99.9	76.6	32.3	73.1	38.6	68.1	68.4	39.1	79.0
41.4	98.0	56.3	16.1	91.1	84.2	85.6	51.8	51.1	88.6
57.2	61.5	34.4	72.1	4.5	17.7	41.6	94.8	98.3	89.0
0.4	54.5	18.6	57.7	32.6	38.6	83.1	35.3	0.5	70.2
81.6	60.2	69.4	4.2	34.7	70.0	32.6	75.1	55.5	89.7
80.3	54.0	39.1	34.6	94.3	81.8	7.1	78.4	75.1	77.0
45.4	22.5	76.4	53.6	45.8	79.1	12.1	99.8	79.0	85.8
55.8	55.0	45.5	54.9	62.6	75.1	70.4	52.5	1.0	65.4
74.2	15.5	88.8	82.1	22.7	77.9	57.6	87.2	29.3	40.8
42.6	86.3	97.9	47.4	73.5	27.3	8.8	22.2	68.0	39.3
88.8	79.0	79.6	47.9	59.4	30.6	65.8	79.1	93.7	69.3
98.8	82.1	5.7	52.4	70.1	48.2	89.4	33.5	84.2	75.9
60.7	19.6	7.5	84.0	61.6	20.2	93.5	50.6	14.9	39.8
25.0	3.9	71.0	87.6	23.8	47.3	41.2	50.3	61.2	54.3
9.0	11.1	29.7	30.5	24.9	54.7	75.6	5.8	25.9	87.9
19.9	25.6	98.6	70.6	31.2	3.6	9.9	71.8	65.6	70.0
74.7	9.6	3.6	35.0	31.6	90.7	58.3	12.5	71.7	40.0
17.1	28.8	21.0	69.7	72.4	46.0	93.7	80.4	26.0	28.9
42.8	82.5	15.3	48.6	22.2	14.8	33.1	68.4	7.7	11.4
0.3	62.5	58.9	22.7	3.0	47.0	76.6	0.8	72.5	93.9
52.5	91.0	68.6	94.1	38.6	99.6	31.2	90.0	5.0	35.0
94.1	50.7	33.2	60.8	73.9	38.4	33.5	60.2	89.1	40.9
50.9	2.4	62.7	47.7	43.9	67.5	16.7	76.8	4.7	88.1
72.1	12.8	95.9	75.2	10.8	83.9	91.6	78.3	40.4	50.6
23.5	32.1	25.9	87.5	6.6	8.8	37.2	86.3	10.6	65.7
3.6	16.9	21.4	69.4	60.2	44.7	68.1	23.5	10.6	13.5
25.5	92.3	93.2	88.2	52.2	59.0	15.3	20.6	85.9	78.2
3.0	57.6	42.0	98.4	41.7	69.7	8.3	28.7	66.9	19.3
96.1	49.7	23.1	35.4	89.5	47.1	88.3	79.7	29.3	45.7
28.9	15.0	91.7	22.3	8.0	73.6	55.8	27.9	76.8	93.5
49.8	69.2	98.9	75.3	23.7	93.4	58.0	99.3	68.2	55.8
6.7	50.1	18.0	62.8	74.8	90.5	63.7	66.7	91.4	70.4
68.8	33.8	28.1	74.8	42.9	18.7	63.1	86.5	16.0	17.7
98.7	99.9	28.0	79.6	26.3	33.7	29.5	34.5	43.9	25.9
61.4	10.7	29.6	94.2	11.5	4.2	39.6	58.3	90.2	69.7
62.6	95.1	2.2	86.0	40.4	6.7	75.5	70.2	73.0	23.4
66.1	75.7	62.5	65.5	27.8	13.3	2.5	32.2	39.9	13.5
73.0	67.3	6.9	49.2	46.6	5.8	16.2	46.8	63.7	85.2
45.4	82.0	72.4	76.6	91.6	51.6	56.9	33.7	66.6	48.6
1.7	52.5	3.2	86.1	41.3	78.4	57.3	85.2	54.2	93.7
96.5	62.9	35.1	59.8	9.1	39.8	77.6	97.3	24.7	2.6
24.8	27.8	23.3	12.0	71.4	87.2	26.1	79.5	7.2	37.1
8.6	9.2	97.2	75.1	41.8	90.7	86.2	60.2	72.3	83.6
90.9	99.0	0.9	4.4	96.6	40.5	32.6	64.8	38.9	41.6
16.6	42.1	11.3	98.2	18.2	12.9	24.4	59.6	38.1	23.9
41.8	65.8	94.9	35.3	77.3	66.1	49.5	29.2	15.6	26.7
67.4	33.7	84.5	10.9	90.3	57.3	27.4	12.7	30.5	46.4
56.4	75.0	33.0	80.2	30.8	80.5	3.8	54.9	64.1	99.2
11.2	28.0	14.8	13.2	8.2	8.0	65.7	83.3	8.1	54.5
89.8	67.3	10.8	12.4	35.7	55.4	96.4	28.2	87.9	55.9
12.2	96.2	98.3	46.7	58.4	39.8	59.9	37.3	33.8	77.1
18.8	13.9	45.6	9.6	45.4	61.2	99.1	75.1	99.2	53.4
17.6	76.4	33.7	64.6	96.4	25.1	1.4	66.9	68.7	29.8
60.6	87.6	49.6	86.2	74.6	3.5	32.0	87.8	0.7	77.6
66.7	83.4	85.0	60.5	50.2	97.4	74.8	47.5	48.0	5.8
75.8	24.5	46.5	61.9	30.7	81.7	49.1	12.9	49.9	46.2
79.1	55.6	71.4	4.9	35.6	66.4	53.0	60.4	19.0	3.6
30.3	46.1	9.0	0.6	60.1	19.4	61.5	98.3	64.0	23.4
49.1	37.7	96.4	82.2	55.9	88.7	41.2	54.8	60.1	90.9
28.6	29.0	89.6	86.7	22.9	23.6	85.0	99.1	60.6	84.6
19.1	7.3	86.6	34.8	6.3	19.6	63.0	76.0	76.9	94.1
63.7	7.8	53.6	21.1	32.1	21.5	86.5	80.4	11.3	51.4
87.7	7.4	38.6	63.4	74.1	66.0	85.2	45.5	17.6	38.4
99.4	42.0	74.4	7.2	26.3	98.6	74.5	29.6	88.5	51.1
34.4	99.0	35.1	69.9	79.2	16.5	68.9	98.6	30.5	73.2
26.6	0.4	49.7	41.9	13.1	14.7	82.6	50.0	51.8	50.2
18.4	69.7	35.7	12.4	9.7	34.4	71.5	27.3	58.5	41.1
94.3	79.0	71.7	69.6	2.9	85.6	97.5	20.9	9.3	96.1
98.3	45.9	24.1	5.0	60.1	70.1	27.0	6.5	16.7	70.4
69.5	97.1	87.3	91.3	80.8	50.5	70.4	66.8	34.3	72.0
8.1	4.1	25.5	92.2	35.0	1.2	10.3	5.5	5.1	8.3
86.7	35.5	27.9	63.6	17.0	11.2	20.1	58.2	9.9	61.1
51.7	38.3	55.6	60.5	25.1	39.8	5.5	44.7	38.8	18.6
71.5	29.5	29.4	87.4	0.3	47.5	28.1	46.2	32.8	84.4
83.0	15.9	18.7	70.0	27.4	98.9	19.9	40.6	12.0	12.1
37.3	4.3	15.9	54.6	93.7	40.0	16.9	60.0	7.7	23.4
8.6	18.3	94.0	95.9	41.8	61.0	94.9	18.4	39.3	39.0
90.0	98.0	31.1	89.6	20.9	74.3	62.7	14.0	79.0	35.2
58.4	50.2	53.6	98.9	69.5	5.8	8.1	82.9	55.5	83.8
61.2	24.2	91.3	95.5	14.5	33.7	50.2	44.9	16.8	6.6
66.3	55.3	5.7	77.2	50.4	95.4	55.3	50.6	14.4	35.2
77.0	73.6	45.7	34.4	87.9	20.6	90.4	55.3	39.6	23.4
76.0	45.4	27.0	33.9	47.4	28.1	64.9	62.3	71.2	70.5
75.4	39.3	35.4	44.8	10.5	46.9	98.2	42.7	65.7	76.9
19.4	54.5	18.5	51.0	70.5	90.8	16.5	32.5	72.5	63.9
18.5	19.3	70.3	64.8	0.6	70.8	45.6	32.0	46.4	43.7
75.8	84.9	10.1	34.2	88.0	12.3	15.2	18.6	75.2	38.3
37.4	74.9	18.8	23.6	20.8	75.1	82.8	83.3	4.5	48.5
48.9	62.4	51.2	25.4	27.3	16.8	15.6	16.2	8.3	68.2
82.7	93.7	79.2	17.6	75.8	58.9	21.6	98.4	20.3	40.0
88.1	83.0	25.3	81.2	50.5	74.4	28.5	24.1	16.0	88.1
82.5	90.3	55.1	91.0	59.1	96.8	66.1	1.4	26.2	71.2
61.0	61.6	15.8	72.4	56.7	71.8	12.2	24.5	67.9	29.2
72.6	19.3	79.1	5.3	39.1	72.6	60.9	9.4	20.6	99.6
49.7	34.6	27.6	37.4	65.2	29.0	42.7	84.9	33.7	60.7
29.9	41.3	64.5	26.0	44.2	44.3	3.6	6.9	21.3	85.1
68.7	91.4	66.6	36.2	5.7	71.7	1.9	4.5	79.0	45.4
5.7	65.6	63.5	23.3	50.6	46.3	13.1	52.7	85.3	69.2
18.3	56.8	95.3	54.0	48.4	5.9	97.3	67.0	71.5	61.3
73.7	73.8	99.3	91.9	17.2	33.0	30.2	13.5	93.9	52.4
80.1	16.1	0.7	63.9	90.9	83.4	84.5	90.9	70.8	64.3
22.5	51.5	39.0	66.1	68.4	11.9	62.0	86.0	30.1	73.5
98.6	79.7	57.6	43.3	13.0	53.2	53.5	60.0	20.6	26.8
5.9	92.6	12.9	80.0	42.3	12.6	74.4	31.6	71.8	33.5
29.8	5.3	76.9	60.3	22.0	74.3	81.2	6.7	43.3	5.5
2.3	54.8	53.1	97.2	67.4	26.5	9.9	85.7	67.9	38.7
2.7	32.8	68.0	70.7	16.8	37.9	75.9	33.2	79.6	83.3
95.7	15.7	83.7	96.1	69.0	29.4	64.8	16.0	82.3	9.8
12.2	98.9	5.5	50.7	56.9	13.4	79.5	29.9	69.5	19.3
35.1	41.6	38.8	74.1	84.5	48.1	50.1	24.9	20.1	90.5
76.0	86.9	23.5	9.9	66.5	48.4	38.1	24.1	73.6	46.5
89.5	33.5	87.0	10.2	69.8	59.8	99.1	55.5	43.0	64.7
48.8	63.5	5.8	8.3	23.3	34.2	75.4	11.1	57.6	34.6
84.8	8.7	81.4	25.2	86.0	83.7	3.8	44.2	41.0	84.5
15.0	38.7	92.2	97.3	31.7	12.5	15.0	90.1	36.4	85.5
27.5	99.4	95.5	73.4	96.3	52.6	17.1	24.0	38.8	2.5
97.2	85.7	51.3	2.1	14.7	47.6	19.6	43.1	26.9	51.9
63.1	71.7	7.7	47.6	59.1	94.1	56.0	9.7	31.1	94.1
96.9	52.6	39.4	67.2	76.7	75.3	49.4	34.6	41.0	38.2
30.2	24.8	36.2	7.1	42.4	67.1	41.5	2.7	79.9	66.4
70.3	61.3	4.5	42.7	13.7	27.7	97.9	38.8	96.3	32.4
28.7	52.9	25.1	51.3	18.3	48.4	58.4	61.2	53.8	99.7
84.0	52.0	30.5	72.6	35.3	26.3	41.4	60.1	87.5	28.1
54.7	30.6	69.4	78.6	99.2	96.8	78.4	86.7	31.9	93.2
51.2	90.0	90.1	38.2	49.0	88.1	91.7	41.6	95.4	27.6
80.8	74.0	16.5	12.6	46.7	86.2	87.6	25.8	73.9	8.1
88.1	82.5	58.4	45.2	91.9	20.2	37.0	12.7	20.1	61.4
3.4	44.3	83.8	78.7	16.6	68.4	38.1	69.3	1.9	93.4
75.7	15.9	95.1	65.4	21.4	72.6	27.8	62.1	65.0	6.4
28.5	48.2	77.4	6.1	4.3	34.5	3.0	97.8	30.9	6.2
83.7	49.4	50.7	6.5	66.5	98.3	43.2	30.0	34.0	98.0
19.3	7.3	10.3	69.5	18.2	50.8	55.9	92.7	10.0	97.4
25.1	80.8	41.2	7.7	40.2	75.0	35.3	19.4	2.6	21.7
37.3	41.1	21.8	97.0	65.7	30.2	41.9	50.6	62.4	38.1
17.4	26.5	88.8	35.2	75.7	20.7	49.9	91.9	85.5	76.7
55.8	62.8	49.4	71.9	53.9	4.9	42.2	49.3	50.1	26.1
89.3	39.7	67.6	94.3	50.3	73.1	18.6	27.2	88.6	94.8
11.4	94.7	37.0	69.2	29.6	89.5	65.5	25.2	58.6	35.3
55.0	12.7	50.9	87.4	2.7	57.8	70.7	74.8	51.6	17.1
80.1	89.9	13.2	36.8	72.6	98.4	68.9	88.3	84.5	64.4
42.5	60.5	5.5	73.4	42.5	58.3	46.1	70.3	36.2	46.5
97.7	74.5	20.3	82.6	50.8	18.7	79.6	14.4	32.0	98.1
29.4	93.2	0.7	60.2	51.6	37.1	83.0	18.1	68.2	55.4
36.0	75.8	0.9	83.4	99.0	61.8	25.8	12.3	68.8	23.7
61.9	23.0	27.3	71.7	59.9	13.3	62.2	66.3	74.4	39.5
52.3	1.0	43.9	79.4	12.5	9.5	29.4	54.4	71.1	40.5
90.6	63.2	85.5	43.5	43.2	69.1	84.8	18.4	53.7	24.4
29.9	59.8	56.9	21.8	1.6	0.2	33.1	70.7	8.5	54.6
28.7	95.2	50.7	69.4	82.1	1.2	97.9	82.8	58.9	88.5
42.8	0.3	85.7	85.6	3.1	28.4	96.1	33.4	74.4	10.4
20.4	87.4	51.9	28.8	73.4	89.0	17.5	26.2	97.3	74.6
24.6	42.6	11.5	78.8	22.5	23.9	41.5	78.7	31.0	9.7
24.6	31.4	89.4	62.3	64.7	65.2	89.0	14.3	54.4	79.3
65.6	6.9	83.6	3.1	24.4	40.9	30.3	72.0	48.2	56.2
77.9	30.7	48.9	72.8	33.1	32.4	6.3	1.8	79.9	14.0
34.2	77.6	62.0	39.9	52.4	91.0	86.3	17.0	54.5	31.5
8.3	81.0	2.9	49.4	20.1	57.7	68.4	28.1	86.3	37.1
0.1	38.7	28.0	15.0	89.0	99.5	39.4	14.8	66.6	36.9
60.3	31.2	45.2	13.1	15.0	11.3	8.8	53.2	7.9	32.4
1	2	3	4	5	6	7	8	9	10
1	2	3	4	5	6	7	8	9	10
1	2	3	4	5	6	7	8	9	10
1	2	3	4	5	6	7	8	9	10
1	2	3	4	5	6	7	8	9	10
1	2	3	4	5	6	7	8	9	10
1	2	3	4	5	6	7	8	9	10
1	2	3	4	5	6	7	8	9	10
1	2	3	4	5	6	7	8	9	10
1	2	3	4	5	6	7	8	9	10
1	2	3	4	5	6	7	8	9	10
1	2	3	4	5	6	7	8	9	10
1	2	3	4	5	6	7	8	9	10
1	2	3	4	5	6	7	8	9	10
1	2	3	4	5	6	7	8	9	10
1	2	3	4	5	6	7	8	9	10
1	2	3	4	5	6	7	8	9	10
1	2	3	4	5	6	7	8	9	10
1	2	3	4	5	6	7	8	9	10
1	2	3	4	5	6	7	8	9	10
1	2	3	4	5	6	7	8	9	10
1	2	3	4	5	6	7	8	9	10
1	2	3	4	5	6	7	8	9	10
1	2	3	4	5	6	7	8	9	10
1	2	3	4	5	6	7	8	9	10
1	2	3	4	5	6	7	8	9	10
1	2	3	4	5	6	7	8	9	10
1	2	3	4	5	6	7	8	9	10
1	2	3	4	5	6	7	8	9	10
1	2	3	4	5	6	7	8	9	10
1	2	3	4	5	6	7	8	9	10
1	2	3	4	5	6	7	8	9	10
1	2	3	4	5	6	7	8	9	10
1	2	3	4	5	6	7	8	9	10
1	2	3	4	5	6	7	8	9	10
1	2	3	4	5	6	7	8	9	10
1	2	3	4	5	6	7	8	9	10
1	2	3	4	5	6	7	8	9	10
1	2	3	4	5	6	7	8	9	10
1	2	3	4	5	6	7	8	9	10
1	2	3	4	5	6	7	8	9	10
1	2	3	4	5	6	7	8	9	10
1	2	3	4	5	6	7	8	9	10
1	2	3	4	5	6	7	8	9	10
1	2	3	4	5	6	7	8	9	10
1	2	3	4	5	6	7	8	9	10
1	2	3	4	5	6	7	8	9	10
1	2	3	4	5	6	7	8	9	10
1	2	3	4	5	6	7	8	9	10
1	2	3	4	5	6	7	8	9	10
1	2	3	4	5	6	7	8	9	10
1	2	3	4	5	6	7	8	9	10
1	2	3	4	5	6	7	8	9	10
1	2	3	4	5	6	7	8	9	10
1	2	3	4	5	6	7	8	9	10
1	2	3	4	5	6	7	8	9	10
1	2	3	4	5	6	7	8	9	10
1	2	3	4	5	6	7	8	9	10
1	2	3	4	5	6	7	8	9	10
1	2	3	4	5	6	7	8	9	10
1	2	3	4	5	6	7	8	9	10
1	2	3	4	5	6	7	8	9	10
1	2	3	4	5	6	7	8	9	10
1	2	3	4	5	6	7	8	9	10
1	2	3	4	5	6	7	8	9	10
1	2	3	4	5	6	7	8	9	10
1	2	3	4	5	6	7	8	9	10
1	2	3	4	5	6	7	8	9	10
1	2	3	4	5	6	7	8	9	10
1	2	3	4	5	6	7	8	9	10
1	2	3	4	5	6	7	8	9	10
1	2	3	4	5	6	7	8	9	10
1	2	3	4	5	6	7	8	9	10
1	2	3	4	5	6	7	8	9	10
1	2	3	4	5	6	7	8	9	10
1	2	3	4	5	6	7	8	9	10
1	2	3	4	5	6	7	8	9	10
1	2	3	4	5	6	7	8	9	10
1	2	3	4	5	6	7	8	9	10
1	2	3	4	5	6	7	8	9	10
1	2	3	4	5	6	7	8	9	10
1	2	3	4	5	6	7	8	9	10
1	2	3	4	5	6	7	8	9	10
1	2	3	4	5	6	7	8	9	10
1	2	3	4	5	6	7	8	9	10
1	2	3	4	5	6	7	8	9	10
1	2	3	4	5	6	7	8	9	10
1	2	3	4	5	6	7	8	9	10
1	2	3	4	5	6	7	8	9	10
1	2	3	4	5	6	7	8	9	10
1	2	3	4	5	6	7	8	9	10
1	2	3	4	5	6	7	8	9	10
1	2	3	4	5	6	7	8	9	10
1	2	3	4	5	6	7	8	9	10
1	2	3	4	5	6	7	8	9	10
1	2	3	4	5	6	7	8	9	10
1	2	3	4	5	6	7	8	9	10
1	2	3	4	5	6	7	8	9	10
1	2	3	4	5	6	7	8	9	10
1	2	3	4	5	6	7	8	9	10
1	2	3	4	5	6	7	8	9	10
1	2	3	4	5	6	7	8	9	10
1	2	3	4	5	6	7	8	9	10
1	2	3	4	5	6	7	8	9	10
1	2	3	4	5	6	7	8	9	10
1	2	3	4	5	6	7	8	9	10
1	2	3	4	5	6	7	8	9	10
1	2	3	4	5	6	7	8	9	10
1	2	3	4	5	6	7	8	9	10
1	2	3	4	5	6	7	8	9	10
1	2	3	4	5	6	7	8	9	10
1	2	3	4	5	6	7	8	9	10
1	2	3	4	5	6	7	8	9	10
1	2	3	4	5	6	7	8	9	10
1	2	3	4	5	6	7	8	9	10
1	2	3	4	5	6	7	8	9	10
1	2	3	4	5	6	7	8	9	10
1	2	3	4	5	6	7	8	9	10
1	2	3	4	5	6	7	8	9	10
1	2	3	4	5	6	7	8	9	10
1	2	3	4	5	6	7	8	9	10
1	2	3	4	5	6	7	8	9	10
1	2	3	4	5	6	7	8	9	10
1	2	3	4	5	6	7	8	9	10
1	2	3	4	5	6	7	8	9	10
1	2	3	4	5	6	7	8	9	10
1	2	3	4	5	6	7	8	9	10
1	2	3	4	5	6	7	8	9	10
1	2	3	4	5	6	7	8	9	10
1	2	3	4	5	6	7	8	9	10
1	2	3	4	5	6	7	8	9	10
1	2	3	4	5	6	7	8	9	10
1	2	3	4	5	6	7	8	9	10
1	2	3	4	5	6	7	8	9	10
1	2	3	4	5	6	7	8	9	10
1	2	3	4	5	6	7	8	9	10
1	2	3	4	5	6	7	8	9	10
1	2	3	4	5	6	7	8	9	10
1	2	3	4	5	6	7	8	9	10
1	2	3	4	5	6	7	8	9	10
1	2	3	4	5	6	7	8	9	10
1	2	3	4	5	6	7	8	9	10
1	2	3	4	5	6	7	8	9	10
1	2	3	4	5	6	7	8	9	10
1	2	3	4	5	6	7	8	9	10
1	2	3	4	5	6	7	8	9	10
1	2	3	4	5	6	7	8	9	10
1	2	3	4	5	6	7	8	9	10
1	2	3	4	5	6	7	8	9	10
1	2	3	4	5	6	7	8	9	10
1	2	3	4	5	6	7	8	9	10
1	2	3	4	5	6	7	8	9	10
1	2	3	4	5	6	7	8	9	10
1	2	3	4	5	6	7	8	9	10
1	2	3	4	5	6	7	8	9	10
1	2	3	4	5	6	7	8	9	10
1	2	3	4	5	6	7	8	9	10
1	2	3	4	5	6	7	8	9	10
1	2	3	4	5	6	7	8	9	10
1	2	3	4	5	6	7	8	9	10
1	2	3	4	5	6	7	8	9	10
1	2	3	4	5	6	7	8	9	10
1	2	3	4	5	6	7	8	9	10
1	2	3	4	5	6	7	8	9	10
1	2	3	4	5	6	7	8	9	10
1	2	3	4	5	6	7	8	9	10
1	2	3	4	5	6	7	8	9	10
1	2	3	4	5	6	7	8	9	10
1	2	3	4	5	6	7	8	9	10
1	2	3	4	5	6	7	8	9	10
1	2	3	4	5	6	7	8	9	10
1	2	3	4	5	6	7	8	9	10
1	2	3	4	5	6	7	8	9	10
1	2	3	4	5	6	7	8	9	10
1	2	3	4	5	6	7	8	9	10
1	2	3	4	5	6	7	8	9	10
1	2	3	4	5	6	7	8	9	10
1	2	3	4	5	6	7	8	9	10
1	2	3	4	5	6	7	8	9	10
1	2	3	4	5	6	7	8	9	10
1	2	3	4	5	6	7	8	9	10
1	2	3	4	5	6	7	8	9	10
1	2	3	4	5	6	7	8	9	10
1	2	3	4	5	6	7	8	9	10
1	2	3	4	5	6	7	8	9	10
1	2	3	4	5	6	7	8	9	10
1	2	3	4	5	6	7	8	9	10
1	2	3	4	5	6	7	8	9	10
1	2	3	4	5	6	7	8	9	10
1	2	3	4	5	6	7	8	9	10
1	2	3	4	5	6	7	8	9	10
1	2	3	4	5	6	7	8	9	10
1	2	3	4	5	6	7	8	9	10
1	2	3	4	5	6	7	8	9	10
1	2	3	4	5	6	7	8	9	10
1	2	3	4	5	6	7	8	9	10
1	2	3	4	5	6	7	8	9	10
1	2	3	4	5	6	7	8	9	10
1	2	3	4	5	6	7	8	9	10
1	2	3	4	5	6	7	8	9	10
