200	10
40.5	1.3	12.1	0.6	58.3	4.6	73.0	92.9	75.7	50.4
53.8	97.0	30.4	78.7	46.5	37.5	48.5	63.1	91.4	61.1
23.5	67.2	68.6	13.9	7.5	27.1	12.0	2.9	84.1	80.8
25.0	82.9	9.9	3.7	83.4	81.7	81.6	65.0	99.6	60.0
53.8	90.3	17.2	65.6	26.6	99.6	61.4	34.9	64.9	86.1
56.0	52.4	62.9	40.7	58.0	45.5	21.9	76.4	50.5	15.1
59.7	98.1	10.4	35.8	24.0	5.7	97.9	95.1	90.0	32.1
8.4	23.4	84.0	83.9	45.0	98.7	51.7	92.4	8.4	94.0
74.3	55.6	22.2	10.2	68.9	80.4	54.5	33.4	14.0	92.3
94.5	34.8	77.2	81.2	81.3	81.2	61.7	79.6	79.3	19.6
77.0	44.6	30.2	58.9	23.7	72.6	72.7	5.8	36.9	18.7
92.8	97.7	68.3	47.9	45.1	70.6	36.4	23.5	39.4	84.3
92.5	17.8	61.7	61.0	1.1	99.8	72.9	35.3	32.4	99.4
75.0	19.2	11.8	5.6	47.9	95.9	3.0	7.1	80.2	85.7
7.9	98.4	82.5	61.1	58.7	47.9	93.6	46.8	57.7	10.7
64.1	19.3	77.7	71.3	10.3	4.4	44.9	67.6	69.4	21.8
25.3	33.9	48.7	86.7	76.4	36.4	70.5	9.6	68.0	4.4
21.7	76.3	70.6	4.5	23.8	42.5	92.2	68.2	23.0	16.7
88.5	61.1	75.8	23.8	86.3	69.8	81.3	61.9	75.2	73.9
63.9	18.5	77.3	94.6	64.6	68.3	82.1	88.9	92.9	72.0
3.7	24.6	95.1	70.5	33.9	28.3	99.3	14.5	45.2	6.8
82.2	37.1	29.1	1.2	88.8	50.4	39.3	79.3	52.5	67.4
21.0	82.7	0.5	65.0	77.9	85.5	4.5	0.5	2.4	96.7
98.4	94.4	95.8	68.1	24.7	96.1	15.3	14.0	82.6	51.9
56.8	84.2	17.7	83.6	50.3	94.8	36.1	16.3	77.7	19.0
13.9	80.5	67.3	81.4	45.7	13.1	76.7	23.1	14.4	36.5
79.3	63.8	0.6	39.9	79.2	64.2	90.2	7.0	69.2	86.7
74.3	12.3	72.7	44.8	29.7	55.5	93.0	23.5	38.5	77.7
24.3	83.5	55.0	90.1	21.9	13.7	66.1	97.6	8.9	72.2
9.1	52.9	64.5	42.8	92.6	32.3	67.7	47.4	39.0	63.6
30.9	13.2	14.9	10.2	24.3	88.1	24.1	56.9	80.5	88.9
44.1	79.0	90.8	37.0	75.1	41.1	94.1	43.6	67.2	92.7
32.9	100.0	84.6	57.1	85.3	7.9	94.4	96.9	68.8	4.7
94.8	26.4	91.4	32.0	85.6	1.3	55.3	74.8	4.0	68.8
66.7	87.0	14.9	23.0	69.4	63.0	41.4	69.4	75.5	72.1
88.8	16.8	8.9	95.1	0.0	73.3	71.0	24.1	40.2	21.7
4.4	75.2	60.7	3.9	42.8	9.2	22.6	39.5	86.8	44.7
13.7	24.6	28.1	80.6	0.8	94.7	43.9	68.8	42.1	82.6
88.4	55.2	15.5	48.2	74.9	79.1	45.8	23.4	13.8	67.3
63.2	42.5	5.7	60.4	77.4	37.4	56.6	57.3	40.1	50.8
93.5	26.1	67.0	64.8	15.2	44.0	8.5	9.2	79.3	48.2
39.0	22.3	33.2	76.7	94.5	16.7	17.3	8.9	76.1	3.6
59.8	53.7	2.7	13.0	56.2	23.9	11.4	64.4	94.4	34.2
40.6	74.9	89.5	38.0	77.3	37.0	68.9	87.0	41.2	47.7
61.7	13.9	43.0	16.0	13.7	54.4	22.6	25.5	28.8	74.5
68.1	10.7	80.2	46.0	97.8	98.0	81.2	11.3	45.0	12.8
18.5	59.4	37.6	16.5	55.9	79.6	25.8	74.1	10.1	35.6
35.7	78.6	2.2	16.2	52.3	49.8	78.3	54.8	80.2	88.8
97.6	4.3	19.1	70.9	64.7	98.3	7.2	19.4	96.7	82.7
87.7	77.2	66.2	34.9	53.0	78.4	21.4	16.9	92.3	68.2
88.0	90.9	27.8	59.2	19.1	41.3	93.1	77.7	17.6	50.7
73.9	11.4	61.2	54.6	8.1	22.8	36.6	55.8	2.3	49.3
60.2	87.9	14.4	32.7	40.7	60.9	22.7	43.4	54.4	12.3
92.2	48.9	30.1	61.9	55.6	50.7	54.7	12.5	74.5	70.9
21.5	93.4	33.3	54.9	81.9	87.5	65.3	29.7	45.6	79.4
33.8	80.1	74.5	37.3	5.1	11.0	23.8	42.4	6.7	3.7
86.7	6.9	21.3	18.7	65.2	73.3	32.6	58.8	83.3	76.4
5.2	9.3	23.9	17.5	39.3	19.7	26.9	18.0	91.3	69.6
97.9	6.5	0.0	60.6	41.5	4.0	91.6	2.7	40.6	91.3
94.0	65.2	15.7	86.8	29.4	32.7	52.1	38.7	8.6	70.5
2.7	75.0	90.1	30.2	0.7	66.2	38.1	24.4	88.2	22.4
90.7	23.4	0.6	51.4	48.6	40.8	62.4	43.2	41.0	15.4
75.2	49.0	73.3	80.7	9.8	17.8	50.5	99.1	71.4	46.0
56.6	92.9	15.9	59.7	56.8	63.8	34.3	3.1	86.8	42.6
70.8	36.7	66.0	93.3	11.8	13.0	33.9	37.6	56.8	1.7
16.8	15.0	45.2	82.6	15.8	97.8	13.6	24.2	80.5	42.5
42.0	73.0	33.0	68.9	54.9	35.2	46.3	88.5	78.9	11.5
9.9	16.0	40.7	94.3	49.7	79.5	26.9	9.5	89.1	8.4
62.2	0.4	82.8	40.1	20.3	29.5	5.9	80.1	27.7	44.4
63.3	95.3	27.1	62.2	15.1	28.5	33.2	39.5	54.6	72.1
88.4	16.4	78.8	5.5	54.2	78.6	0.7	74.3	19.0	47.5
11.3	3.6	71.7	84.0	41.2	13.3	68.9	34.8	60.1	3.3
14.1	98.4	26.3	5.0	44.0	84.6	27.5	62.9	39.5	15.1
96.0	15.0	24.7	83.0	79.3	19.5	68.5	85.7	89.4	97.9
76.0	1.4	89.9	59.1	18.5	35.5	70.0	64.7	33.7	9.4
52.6	90.1	91.6	96.8	32.9	13.4	12.9	67.3	56.8	88.5
76.1	35.7	75.7	1.9	75.6	5.1	98.2	5.4	20.2	99.5
13.2	4.6	22.9	73.2	68.8	78.9	99.7	39.6	66.5	37.4
20.7	57.5	67.9	19.6	96.9	53.6	77.1	93.8	75.6	34.2
70.2	64.4	98.8	87.8	29.5	40.9	81.9	53.8	20.2	18.7
38.7	14.4	75.4	20.1	22.4	27.6	10.7	53.8	24.3	83.7
54.9	43.7	44.3	70.3	56.9	83.9	26.1	59.8	4.5	29.3
74.6	69.2	55.1	70.3	11.8	79.7	86.0	8.7	17.4	26.2
84.8	2.5	3.4	78.2	65.1	3.5	78.5	48.5	37.7	36.0
89.5	20.3	6.4	38.0	47.0	53.9	21.8	56.0	41.5	53.4
86.0	64.5	28.0	10.0	57.8	31.7	19.4	91.5	15.3	40.7
90.4	94.3	52.6	27.3	72.0	65.7	0.8	71.6	67.8	62.0
37.9	73.7	15.3	16.1	48.5	32.0	50.4	37.6	36.4	25.0
95.4	7.8	43.2	1.1	78.5	68.8	49.4	53.5	47.7	76.7
50.2	94.7	33.8	63.3	1.9	85.2	11.1	20.7	66.4	91.2
22.6	61.8	89.3	75.3	93.3	47.7	0.9	2.6	37.9	2.8
10.9	90.6	95.4	73.9	39.5	88.8	59.7	40.1	3.6	75.0
58.3	21.8	73.8	38.0	43.1	24.6	18.0	66.9	17.1	41.4
86.2	96.7	38.3	53.9	78.4	90.5	63.8	58.8	99.0	87.9
35.3	47.3	43.2	35.5	43.9	74.0	18.0	14.2	22.7	3.7
57.8	23.1	27.0	92.5	44.8	2.3	69.7	4.3	63.9	10.9
84.8	92.8	83.0	5.2	26.1	36.6	98.7	63.3	10.0	89.7
65.5	86.2	22.9	88.9	9.5	55.7	37.4	40.0	61.2	14.1
64.7	61.9	18.9	10.5	26.8	71.3	80.9	44.7	28.8	72.6
80.8	44.0	7.1	32.6	65.7	17.4	57.7	38.9	71.8	36.4
33.3	0.0	11.0	58.7	54.4	42.9	5.7	13.2	97.4	27.4
39.0	71.3	70.2	34.9	4.7	57.3	43.1	79.8	78.4	21.4
54.1	90.7	20.5	7.0	56.0	86.1	69.6	59.9	46.0	2.1
15.0	87.9	63.4	81.7	77.7	0.3	46.2	65.2	98.3	53.4
2.3	54.0	54.5	60.5	31.3	76.0	88.2	15.1	66.9	73.5
91.3	66.5	31.7	2.6	83.4	42.7	30.8	43.9	54.9	88.9
48.1	95.5	68.6	13.8	48.1	24.1	5.5	50.0	29.9	25.9
44.4	15.9	7.3	45.0	3.5	90.6	19.2	49.9	60.2	99.7
6.9	0.7	41.9	79.8	53.6	15.9	25.4	47.2	90.9	21.9
28.5	79.9	16.3	94.6	3.6	80.3	39.7	95.4	2.3	42.6
46.4	39.0	17.5	71.6	6.8	91.6	21.6	27.1	1.3	66.8
90.2	44.4	73.4	28.0	94.1	33.0	77.7	68.8	54.8	47.0
14.8	16.9	9.3	5.1	42.5	61.3	2.7	83.9	93.6	62.6
45.0	6.3	23.6	97.2	41.8	9.8	39.9	34.2	73.7	87.7
39.4	97.4	89.2	59.9	73.2	64.5	18.6	88.5	32.8	85.5
93.6	57.0	41.1	60.5	88.0	72.1	0.3	67.1	77.2	45.7
2.8	0.7	56.9	11.1	62.8	68.9	60.9	94.3	43.0	56.3
96.2	77.6	86.2	31.0	6.9	52.1	39.7	44.8	17.9	75.8
59.0	61.0	57.9	40.7	43.4	66.3	42.5	44.0	95.7	63.4
1.6	65.9	25.9	93.3	55.2	42.9	94.4	99.6	7.8	7.8
39.3	97.6	95.3	10.4	79.8	49.2	19.7	43.2	76.1	9.7
77.2	40.1	77.8	36.6	53.1	72.5	8.9	1.4	72.6	45.0
40.3	47.3	25.3	31.7	37.4	17.8	24.2	24.3	89.2	1.3
85.8	99.0	73.6	78.2	22.5	5.6	60.7	51.1	95.5	31.1
17.6	40.3	43.4	92.0	58.5	60.7	74.8	12.8	76.0	85.4
27.4	21.7	19.9	51.2	61.0	6.5	70.9	66.2	7.8	5.9
5.4	85.0	8.1	44.1	16.4	37.9	4.2	42.9	13.2	93.5
82.3	95.5	32.6	26.3	99.0	36.1	85.0	3.1	64.9	72.4
53.4	36.0	31.1	73.1	51.1	36.1	23.5	96.3	5.4	63.7
26.1	99.6	22.8	84.1	16.1	58.1	67.2	7.0	67.2	82.3
6.8	19.0	54.1	46.8	25.7	85.4	23.1	26.7	85.2	50.0
84.7	92.2	15.8	25.3	85.7	4.3	19.7	17.9	34.9	5.2
8.8	16.5	28.9	18.9	47.7	52.1	59.4	97.4	89.6	90.3
80.0	25.2	10.9	87.3	72.5	90.1	73.6	45.9	9.8	37.3
18.6	37.4	50.8	0.1	35.9	61.8	49.3	73.6	60.0	30.1
25.4	4.1	49.7	18.1	10.4	65.7	9.2	44.6	23.5	39.3
4.0	88.6	2.0	81.4	21.7	78.9	47.0	70.1	17.8	70.8
36.3	25.6	2.3	25.3	73.4	8.3	39.2	89.0	46.1	50.5
29.1	84.9	8.7	76.2	61.2	44.8	76.9	10.8	67.8	61.7
6.9	35.7	98.5	6.3	15.0	82.4	66.7	62.0	92.4	56.3
50.1	81.8	9.6	49.4	17.3	47.0	97.5	65.1	12.8	80.3
81.9	90.1	90.3	53.8	0.3	91.8	77.4	66.7	20.7	14.6
55.0	25.6	33.8	58.2	4.5	33.8	25.3	44.5	43.6	9.6
66.3	31.5	21.7	34.9	60.6	67.8	60.5	99.2	77.8	31.0
57.3	63.5	47.3	93.4	42.3	98.9	62.2	76.2	66.4	47.9
64.3	13.2	55.8	83.4	30.6	29.2	91.7	9.2	82.1	61.0
92.9	35.0	6.6	80.6	74.2	42.3	25.5	46.5	93.8	18.8
76.5	38.2	44.9	16.1	99.3	89.5	78.3	43.3	97.8	75.2
68.5	9.9	68.1	56.4	5.3	17.1	49.8	21.8	36.1	11.7
16.8	63.3	57.8	37.5	15.7	96.2	13.8	5.2	67.9	15.4
77.2	58.7	74.5	61.4	84.0	14.2	18.4	11.9	30.3	12.8
18.2	74.1	13.5	98.5	2.9	97.8	26.1	19.3	43.2	4.1
76.6	40.5	59.4	67.8	74.4	27.7	57.7	93.3	12.0	42.1
21.0	79.8	1.4	39.6	4.1	84.8	81.0	61.9	41.6	45.7
14.1	86.3	35.0	81.8	33.1	85.2	18.7	69.2	32.8	85.3
7.7	43.7	75.8	56.2	0.5	88.5	52.5	31.8	63.8	62.5
58.7	36.5	57.1	3.1	43.3	14.7	96.9	79.3	71.4	69.4
4.4	60.0	41.5	30.0	47.1	32.0	83.9	1.9	19.5	16.9
35.9	59.9	36.9	85.5	93.4	31.5	81.2	54.0	96.0	15.8
18.7	70.4	66.7	71.5	60.1	52.9	90.4	55.7	55.2	82.9
64.1	56.5	38.5	50.0	47.5	23.5	57.8	55.4	84.6	79.6
22.3	33.6	31.4	18.9	18.4	67.2	59.7	21.7	92.3	62.7
1.8	12.8	44.9	9.5	55.5	72.0	89.0	12.1	83.8	86.4
55.0	4.8	13.8	85.1	19.2	45.0	44.6	22.4	88.1	48.6
76.6	55.7	23.5	34.1	56.3	74.0	1.0	72.0	83.8	24.0
52.4	87.5	99.8	46.7	36.6	80.6	94.6	52.6	40.4	30.8
95.0	23.1	76.1	94.5	87.2	75.4	19.3	62.4	5.7	42.2
88.6	9.8	42.7	81.6	65.1	11.3	42.1	38.3	37.6	93.3
28.5	77.4	61.3	42.3	12.5	45.5	54.0	23.3	68.5	11.4
5.4	65.9	81.8	46.1	11.8	32.5	13.2	2.4	9.3	42.2
35.1	4.3	40.0	53.1	72.6	12.3	21.2	63.6	25.3	87.4
76.9	94.3	99.6	56.8	28.8	34.9	6.0	90.9	44.7	36.7
10.9	27.9	51.6	60.9	8.7	1.6	2.4	51.5	55.3	98.5
31.8	38.2	9.5	89.8	5.9	22.5	36.4	24.7	62.1	63.0
4.6	85.3	37.4	8.9	7.3	30.6	81.5	68.4	57.3	18.9
8.9	2.2	27.0	86.6	75.8	62.4	31.6	58.0	12.7	82.3
65.2	31.5	77.6	81.3	17.6	60.2	35.2	63.1	9.8	21.7
48.8	73.4	7.8	68.3	14.2	91.9	79.1	83.3	49.2	30.3
17.5	32.1	66.1	24.1	62.0	43.5	5.3	16.0	61.1	64.9
23.3	85.8	28.5	8.3	3.2	73.2	34.7	8.1	87.0	49.2
27.1	23.4	76.6	95.0	15.0	55.0	11.4	58.3	42.2	99.1
18.7	69.2	30.0	67.5	15.4	20.9	69.4	23.8	51.9	16.1
46.3	65.9	67.7	64.8	35.5	19.1	6.8	31.3	22.9	10.3
20.2	7.5	66.0	89.7	3.5	75.4	47.4	39.0	98.8	75.9
57.9	96.8	84.1	55.6	6.6	97.0	93.8	34.5	37.1	48.2
56.0	62.5	12.5	6.4	27.8	78.0	2.4	5.5	51.3	0.4
86.0	62.7	45.6	35.4	37.7	21.0	76.9	93.2	17.8	64.4
95.9	60.7	18.5	70.4	99.8	16.7	80.2	83.4	35.6	3.2
8.6	74.3	91.3	43.8	88.0	21.7	81.1	30.1	46.8	3.7
74.0	85.1	78.5	80.1	85.9	66.4	83.4	72.6	34.8	86.5
31.9	57.0	58.3	11.7	47.6	55.4	8.3	83.9	65.0	90.8
82.8	3.7	60.5	37.1	94.2	96.3	73.7	9.6	38.5	9.7
97.7	42.3	99.4	81.7	75.9	36.5	27.5	97.8	97.9	86.5
25.6	97.7	71.6	51.4	78.0	62.6	74.0	99.9	45.9	20.0
48.5	82.7	59.9	20.5	17.5	51.5	68.3	79.2	43.5	86.8
36.8	88.9	32.0	91.5	99.6	33.4	81.5	46.2	93.7	65.1
89.8	82.5	53.1	78.3	99.2	49.1	29.7	66.3	34.9	1.3
65.2	94.2	68.4	11.4	96.1	24.2	73.7	96.4	75.5	87.2
53.0	21.5	12.9	29.4	53.2	80.5	87.0	55.2	46.1	80.3
67.7	3.2	90.6	21.9	9.1	85.4	79.6	74.1	95.5	67.4
1	2	3	4	5	6	7	8	9	10
1	2	3	4	5	6	7	8	9	10
1	2	3	4	5	6	7	8	9	10
1	2	3	4	5	6	7	8	9	10
1	2	3	4	5	6	7	8	9	10
1	2	3	4	5	6	7	8	9	10
1	2	3	4	5	6	7	8	9	10
1	2	3	4	5	6	7	8	9	10
1	2	3	4	5	6	7	8	9	10
1	2	3	4	5	6	7	8	9	10
1	2	3	4	5	6	7	8	9	10
1	2	3	4	5	6	7	8	9	10
1	2	3	4	5	6	7	8	9	10
1	2	3	4	5	6	7	8	9	10
1	2	3	4	5	6	7	8	9	10
1	2	3	4	5	6	7	8	9	10
1	2	3	4	5	6	7	8	9	10
1	2	3	4	5	6	7	8	9	10
1	2	3	4	5	6	7	8	9	10
1	2	3	4	5	6	7	8	9	10
1	2	3	4	5	6	7	8	9	10
1	2	3	4	5	6	7	8	9	10
1	2	3	4	5	6	7	8	9	10
1	2	3	4	5	6	7	8	9	10
1	2	3	4	5	6	7	8	9	10
1	2	3	4	5	6	7	8	9	10
1	2	3	4	5	6	7	8	9	10
1	2	3	4	5	6	7	8	9	10
1	2	3	4	5	6	7	8	9	10
1	2	3	4	5	6	7	8	9	10
1	2	3	4	5	6	7	8	9	10
1	2	3	4	5	6	7	8	9	10
1	2	3	4	5	6	7	8	9	10
1	2	3	4	5	6	7	8	9	10
1	2	3	4	5	6	7	8	9	10
1	2	3	4	5	6	7	8	9	10
1	2	3	4	5	6	7	8	9	10
1	2	3	4	5	6	7	8	9	10
1	2	3	4	5	6	7	8	9	10
1	2	3	4	5	6	7	8	9	10
1	2	3	4	5	6	7	8	9	10
1	2	3	4	5	6	7	8	9	10
1	2	3	4	5	6	7	8	9	10
1	2	3	4	5	6	7	8	9	10
1	2	3	4	5	6	7	8	9	10
1	2	3	4	5	6	7	8	9	10
1	2	3	4	5	6	7	8	9	10
1	2	3	4	5	6	7	8	9	10
1	2	3	4	5	6	7	8	9	10
1	2	3	4	5	6	7	8	9	10
1	2	3	4	5	6	7	8	9	10
1	2	3	4	5	6	7	8	9	10
1	2	3	4	5	6	7	8	9	10
1	2	3	4	5	6	7	8	9	10
1	2	3	4	5	6	7	8	9	10
1	2	3	4	5	6	7	8	9	10
1	2	3	4	5	6	7	8	9	10
1	2	3	4	5	6	7	8	9	10
1	2	3	4	5	6	7	8	9	10
1	2	3	4	5	6	7	8	9	10
1	2	3	4	5	6	7	8	9	10
1	2	3	4	5	6	7	8	9	10
1	2	3	4	5	6	7	8	9	10
1	2	3	4	5	6	7	8	9	10
1	2	3	4	5	6	7	8	9	10
1	2	3	4	5	6	7	8	9	10
1	2	3	4	5	6	7	8	9	10
1	2	3	4	5	6	7	8	9	10
1	2	3	4	5	6	7	8	9	10
1	2	3	4	5	6	7	8	9	10
1	2	3	4	5	6	7	8	9	10
1	2	3	4	5	6	7	8	9	10
1	2	3	4	5	6	7	8	9	10
1	2	3	4	5	6	7	8	9	10
1	2	3	4	5	6	7	8	9	10
1	2	3	4	5	6	7	8	9	10
1	2	3	4	5	6	7	8	9	10
1	2	3	4	5	6	7	8	9	10
1	2	3	4	5	6	7	8	9	10
1	2	3	4	5	6	7	8	9	10
1	2	3	4	5	6	7	8	9	10
1	2	3	4	5	6	7	8	9	10
1	2	3	4	5	6	7	8	9	10
1	2	3	4	5	6	7	8	9	10
1	2	3	4	5	6	7	8	9	10
1	2	3	4	5	6	7	8	9	10
1	2	3	4	5	6	7	8	9	10
1	2	3	4	5	6	7	8	9	10
1	2	3	4	5	6	7	8	9	10
1	2	3	4	5	6	7	8	9	10
1	2	3	4	5	6	7	8	9	10
1	2	3	4	5	6	7	8	9	10
1	2	3	4	5	6	7	8	9	10
1	2	3	4	5	6	7	8	9	10
1	2	3	4	5	6	7	8	9	10
1	2	3	4	5	6	7	8	9	10
1	2	3	4	5	6	7	8	9	10
1	2	3	4	5	6	7	8	9	10
1	2	3	4	5	6	7	8	9	10
1	2	3	4	5	6	7	8	9	10
1	2	3	4	5	6	7	8	9	10
1	2	3	4	5	6	7	8	9	10
1	2	3	4	5	6	7	8	9	10
1	2	3	4	5	6	7	8	9	10
1	2	3	4	5	6	7	8	9	10
1	2	3	4	5	6	7	8	9	10
1	2	3	4	5	6	7	8	9	10
1	2	3	4	5	6	7	8	9	10
1	2	3	4	5	6	7	8	9	10
1	2	3	4	5	6	7	8	9	10
1	2	3	4	5	6	7	8	9	10
1	2	3	4	5	6	7	8	9	10
1	2	3	4	5	6	7	8	9	10
1	2	3	4	5	6	7	8	9	10
1	2	3	4	5	6	7	8	9	10
1	2	3	4	5	6	7	8	9	10
1	2	3	4	5	6	7	8	9	10
1	2	3	4	5	6	7	8	9	10
1	2	3	4	5	6	7	8	9	10
1	2	3	4	5	6	7	8	9	10
1	2	3	4	5	6	7	8	9	10
1	2	3	4	5	6	7	8	9	10
1	2	3	4	5	6	7	8	9	10
1	2	3	4	5	6	7	8	9	10
1	2	3	4	5	6	7	8	9	10
1	2	3	4	5	6	7	8	9	10
1	2	3	4	5	6	7	8	9	10
1	2	3	4	5	6	7	8	9	10
1	2	3	4	5	6	7	8	9	10
1	2	3	4	5	6	7	8	9	10
1	2	3	4	5	6	7	8	9	10
1	2	3	4	5	6	7	8	9	10
1	2	3	4	5	6	7	8	9	10
1	2	3	4	5	6	7	8	9	10
1	2	3	4	5	6	7	8	9	10
1	2	3	4	5	6	7	8	9	10
1	2	3	4	5	6	7	8	9	10
1	2	3	4	5	6	7	8	9	10
1	2	3	4	5	6	7	8	9	10
1	2	3	4	5	6	7	8	9	10
1	2	3	4	5	6	7	8	9	10
1	2	3	4	5	6	7	8	9	10
1	2	3	4	5	6	7	8	9	10
1	2	3	4	5	6	7	8	9	10
1	2	3	4	5	6	7	8	9	10
1	2	3	4	5	6	7	8	9	10
1	2	3	4	5	6	7	8	9	10
1	2	3	4	5	6	7	8	9	10
1	2	3	4	5	6	7	8	9	10
1	2	3	4	5	6	7	8	9	10
1	2	3	4	5	6	7	8	9	10
1	2	3	4	5	6	7	8	9	10
1	2	3	4	5	6	7	8	9	10
1	2	3	4	5	6	7	8	9	10
1	2	3	4	5	6	7	8	9	10
1	2	3	4	5	6	7	8	9	10
1	2	3	4	5	6	7	8	9	10
1	2	3	4	5	6	7	8	9	10
1	2	3	4	5	6	7	8	9	10
1	2	3	4	5	6	7	8	9	10
1	2	3	4	5	6	7	8	9	10
1	2	3	4	5	6	7	8	9	10
1	2	3	4	5	6	7	8	9	10
1	2	3	4	5	6	7	8	9	10
1	2	3	4	5	6	7	8	9	10
1	2	3	4	5	6	7	8	9	10
1	2	3	4	5	6	7	8	9	10
1	2	3	4	5	6	7	8	9	10
1	2	3	4	5	6	7	8	9	10
1	2	3	4	5	6	7	8	9	10
1	2	3	4	5	6	7	8	9	10
1	2	3	4	5	6	7	8	9	10
1	2	3	4	5	6	7	8	9	10
1	2	3	4	5	6	7	8	9	10
1	2	3	4	5	6	7	8	9	10
1	2	3	4	5	6	7	8	9	10
1	2	3	4	5	6	7	8	9	10
1	2	3	4	5	6	7	8	9	10
1	2	3	4	5	6	7	8	9	10
1	2	3	4	5	6	7	8	9	10
1	2	3	4	5	6	7	8	9	10
1	2	3	4	5	6	7	8	9	10
1	2	3	4	5	6	7	8	9	10
1	2	3	4	5	6	7	8	9	10
1	2	3	4	5	6	7	8	9	10
1	2	3	4	5	6	7	8	9	10
1	2	3	4	5	6	7	8	9	10
1	2	3	4	5	6	7	8	9	10
1	2	3	4	5	6	7	8	9	10
1	2	3	4	5	6	7	8	9	10
1	2	3	4	5	6	7	8	9	10
1	2	3	4	5	6	7	8	9	10
1	2	3	4	5	6	7	8	9	10
1	2	3	4	5	6	7	8	9	10
1	2	3	4	5	6	7	8	9	10
1	2	3	4	5	6	7	8	9	10
1	2	3	4	5	6	7	8	9	10
1	2	3	4	5	6	7	8	9	10
1	2	3	4	5	6	7	8	9	10
1	2	3	4	5	6	7	8	9	10
