100	10
80.1	47.2	15.5	30.4	82.4	65.5	20.1	55.2	50.9	80.4
74.4	10.3	93.0	89.5	57.8	2.7	77.2	22.0	10.9	78.1
95.4	71.1	76.3	1.8	5.1	24.6	80.3	96.8	60.4	64.1
52.6	5.7	35.0	28.4	90.0	20.4	92.8	53.4	46.7	62.4
39.1	78.9	92.3	6.1	21.0	7.2	67.7	11.1	72.3	97.0
59.9	34.9	89.6	88.9	72.1	93.3	31.3	55.8	80.3	43.8
33.6	63.4	36.9	62.4	53.9	57.0	72.1	8.7	36.6	59.9
62.6	86.1	33.7	27.6	66.4	71.6	82.6	58.3	87.8	55.1
79.5	92.3	62.1	2.9	3.2	27.9	30.1	71.7	29.7	66.1
74.3	32.7	25.4	30.0	4.5	95.1	33.7	78.1	47.0	33.2
21.9	92.8	5.7	74.6	11.5	28.2	93.8	56.3	79.9	11.2
19.3	35.9	86.5	81.9	74.6	7.9	88.2	92.5	14.2	0.7
91.0	63.7	38.0	91.8	63.2	32.4	96.1	6.3	51.0	66.3
28.5	56.9	76.2	28.1	73.4	66.8	83.4	93.3	72.3	81.8
19.2	67.6	77.7	88.5	15.3	27.6	8.7	2.5	69.2	67.6
66.5	72.5	31.2	76.6	22.3	80.9	6.6	63.0	79.3	80.1
32.6	15.4	88.1	82.6	41.9	59.4	84.7	44.0	32.7	84.0
66.5	29.6	47.4	12.2	31.6	55.7	29.1	31.7	35.1	79.7
81.8	62.8	72.9	8.1	56.6	58.8	73.6	27.7	2.4	82.3
55.1	37.6	86.5	74.9	9.8	2.3	65.4	18.0	23.7	50.9
73.1	48.0	20.5	71.8	99.9	13.4	5.2	37.7	17.5	15.9
59.6	44.6	76.1	45.0	87.2	7.3	85.3	59.0	71.9	47.8
18.4	85.5	42.4	48.4	57.5	50.5	70.5	1.2	99.9	1.3
34.7	31.0	14.7	81.6	58.0	30.3	55.1	49.7	31.2	78.9
66.1	27.7	71.1	65.4	10.5	30.9	67.4	61.7	4.4	7.7
72.6	73.2	51.4	22.7	82.5	55.7	58.9	34.3	91.0	89.9
75.4	3.8	57.8	69.8	47.8	90.4	89.3	64.7	28.1	56.1
24.6	15.2	2.6	25.8	46.0	13.8	79.9	86.4	65.2	28.1
70.2	10.6	41.6	14.1	42.0	33.6	21.2	48.7	35.8	21.1
46.9	74.4	7.0	81.8	36.6	42.1	71.0	97.0	21.6	9.1
28.0	72.3	47.0	96.3	57.5	27.2	12.9	80.9	29.7	42.0
29.6	6.6	41.5	0.7	84.8	95.1	1.2	45.8	53.5	32.5
14.6	10.7	31.6	71.5	33.5	18.6	63.2	50.6	17.9	78.2
77.0	1.8	64.4	73.7	30.9	34.9	67.5	47.3	60.2	89.9
81.2	2.7	17.4	47.5	28.7	32.7	2.4	97.7	22.6	23.4
34.6	34.4	78.3	84.4	75.1	43.6	30.5	32.8	12.8	2.3
25.3	39.5	83.3	94.1	94.9	1.6	86.8	11.1	46.9	13.1
71.1	60.8	49.1	24.7	71.7	4.2	57.1	79.7	95.6	17.5
70.2	5.5	82.9	89.1	89.0	95.7	34.5	41.0	23.4	64.0
51.0	60.9	48.7	74.7	93.5	91.2	29.8	66.7	71.4	33.2
49.5	98.8	40.2	95.0	42.1	39.3	40.7	65.8	16.9	37.2
7.7	71.4	20.8	89.3	98.6	62.2	97.1	9.3	63.0	48.7
18.1	45.8	75.5	62.9	3.3	8.0	13.6	74.3	1.9	59.3
61.4	4.5	24.9	88.8	76.8	87.2	73.8	19.0	19.6	62.9
57.1	31.8	7.4	55.2	55.9	25.1	85.4	34.8	8.7	87.8
61.0	35.5	32.9	6.7	63.1	2.0	85.9	62.0	81.8	22.3
95.0	77.8	90.1	14.2	12.5	0.2	95.6	93.0	51.2	96.5
68.1	22.9	98.2	53.3	47.9	57.2	69.3	52.4	6.0	66.8
19.7	96.1	43.0	45.5	18.6	81.0	1.4	57.2	77.6	8.9
63.8	72.4	66.5	24.4	50.8	9.3	68.2	46.8	90.9	76.5
6.9	70.8	93.1	36.1	28.0	95.4	36.1	72.6	84.9	28.7
35.7	1.9	86.8	62.3	83.1	15.4	32.1	63.7	71.9	45.8
85.8	39.6	49.4	32.3	82.0	1.6	7.9	10.7	31.5	42.4
29.6	31.4	68.4	25.7	45.1	85.2	90.1	30.6	62.1	21.4
70.7	21.4	65.4	84.1	19.1	19.5	8.0	62.3	24.7	47.0
94.5	29.5	40.6	49.0	44.7	17.1	70.7	24.0	24.8	1.7
71.3	52.6	58.2	46.1	82.3	90.8	33.9	71.4	19.8	8.1
8.1	91.9	86.1	15.6	23.8	73.8	12.0	19.0	12.9	73.8
97.2	64.0	25.4	86.6	88.3	39.6	17.1	70.6	88.1	89.8
26.5	14.8	36.7	18.3	64.4	87.3	74.5	38.3	11.9	30.0
45.6	81.7	100.0	35.7	63.1	46.6	1.0	92.6	3.6	73.1
24.8	22.6	18.0	26.0	55.7	2.2	33.9	39.1	14.5	55.4
64.4	38.0	44.4	61.3	55.0	0.0	0.8	64.2	12.8	97.0
69.7	70.0	59.3	20.0	45.9	80.1	18.5	31.1	49.2	69.0
42.5	95.5	93.0	73.1	55.9	97.6	25.5	89.2	28.3	8.5
78.7	79.3	95.2	5.4	93.0	29.7	10.7	79.6	98.5	9.0
95.2	8.3	97.1	28.2	62.8	91.4	38.3	12.9	66.0	11.9
73.6	50.0	48.5	22.5	97.3	0.0	49.1	51.0	58.3	69.8
66.7	14.5	71.1	11.3	66.1	57.0	78.0	45.4	61.5	66.4
44.5	1.6	40.2	71.6	17.0	92.6	60.6	70.6	39.2	87.7
99.3	74.9	36.6	78.3	66.4	82.8	3.7	73.7	69.9	46.4
25.1	11.8	66.4	1.8	33.7	20.6	85.0	49.6	11.6	48.6
47.9	46.5	1.8	96.7	92.7	51.0	47.0	83.8	82.0	86.0
20.1	10.4	62.3	26.3	57.4	16.3	61.8	38.9	1.7	40.5
79.3	38.8	83.5	74.5	33.8	18.8	22.3	22.5	62.0	77.9
72.3	7.1	46.7	39.1	91.5	34.2	30.7	16.4	0.9	72.1
41.1	78.2	4.1	15.2	62.2	55.2	16.3	13.8	71.0	19.0
31.4	7.5	62.4	12.1	42.6	65.5	63.2	75.3	47.6	12.9
26.3	80.6	79.6	93.6	19.8	65.1	21.0	90.7	27.8	2.5
22.6	6.5	93.4	36.6	59.2	40.7	13.4	93.2	9.4	30.5
55.3	15.4	15.5	62.7	94.6	6.5	3.5	73.6	47.3	91.7
83.1	62.5	35.0	59.9	15.7	72.3	13.5	47.3	96.8	88.3
77.9	44.5	69.9	16.9	38.1	23.6	36.8	7.9	48.1	10.6
11.7	98.1	19.6	7.3	61.7	4.4	67.4	23.3	84.7	87.9
38.9	6.7	95.0	99.4	82.0	97.2	19.8	52.5	47.2	71.1
11.4	93.7	80.4	44.6	34.6	22.0	94.4	71.2	30.6	77.9
8.5	76.0	58.3	2.2	27.3	41.2	17.2	41.3	30.5	6.5
25.3	8.0	85.0	14.3	75.9	58.4	15.4	11.6	6.7	87.0
86.2	29.7	18.8	44.3	89.1	46.7	39.7	59.5	1.1	71.8
87.8	24.7	21.9	29.7	56.3	62.3	73.7	46.7	81.3	38.8
53.7	85.6	85.8	81.9	87.7	62.2	71.4	36.9	25.0	81.1
46.3	43.3	69.8	29.6	94.1	57.5	56.8	69.3	74.3	65.7
36.7	9.8	8.9	22.6	96.0	30.4	28.4	28.3	76.6	61.4
42.2	87.7	77.4	34.4	14.6	12.0	63.0	32.1	18.6	37.3
0.5	17.2	54.5	44.5	49.6	87.0	52.2	55.5	25.5	42.7
76.0	67.5	78.0	59.3	22.7	1.6	54.3	45.5	31.8	31.8
4.2	54.0	57.5	65.0	18.2	83.3	29.2	29.8	25.5	81.1
7.7	77.4	88.1	88.6	57.2	80.0	55.3	71.2	73.7	54.0
65.3	38.1	92.0	24.9	40.0	11.5	72.2	56.3	86.9	79.4
80.0	29.4	14.3	18.2	99.1	1.2	32.1	33.9	10.0	73.6
1	2	3	4	5	6	7	8	9	10
1	2	3	4	5	6	7	8	9	10
1	2	3	4	5	6	7	8	9	10
1	2	3	4	5	6	7	8	9	10
1	2	3	4	5	6	7	8	9	10
1	2	3	4	5	6	7	8	9	10
1	2	3	4	5	6	7	8	9	10
1	2	3	4	5	6	7	8	9	10
1	2	3	4	5	6	7	8	9	10
1	2	3	4	5	6	7	8	9	10
1	2	3	4	5	6	7	8	9	10
1	2	3	4	5	6	7	8	9	10
1	2	3	4	5	6	7	8	9	10
1	2	3	4	5	6	7	8	9	10
1	2	3	4	5	6	7	8	9	10
1	2	3	4	5	6	7	8	9	10
1	2	3	4	5	6	7	8	9	10
1	2	3	4	5	6	7	8	9	10
1	2	3	4	5	6	7	8	9	10
1	2	3	4	5	6	7	8	9	10
1	2	3	4	5	6	7	8	9	10
1	2	3	4	5	6	7	8	9	10
1	2	3	4	5	6	7	8	9	10
1	2	3	4	5	6	7	8	9	10
1	2	3	4	5	6	7	8	9	10
1	2	3	4	5	6	7	8	9	10
1	2	3	4	5	6	7	8	9	10
1	2	3	4	5	6	7	8	9	10
1	2	3	4	5	6	7	8	9	10
1	2	3	4	5	6	7	8	9	10
1	2	3	4	5	6	7	8	9	10
1	2	3	4	5	6	7	8	9	10
1	2	3	4	5	6	7	8	9	10
1	2	3	4	5	6	7	8	9	10
1	2	3	4	5	6	7	8	9	10
1	2	3	4	5	6	7	8	9	10
1	2	3	4	5	6	7	8	9	10
1	2	3	4	5	6	7	8	9	10
1	2	3	4	5	6	7	8	9	10
1	2	3	4	5	6	7	8	9	10
1	2	3	4	5	6	7	8	9	10
1	2	3	4	5	6	7	8	9	10
1	2	3	4	5	6	7	8	9	10
1	2	3	4	5	6	7	8	9	10
1	2	3	4	5	6	7	8	9	10
1	2	3	4	5	6	7	8	9	10
1	2	3	4	5	6	7	8	9	10
1	2	3	4	5	6	7	8	9	10
1	2	3	4	5	6	7	8	9	10
1	2	3	4	5	6	7	8	9	10
1	2	3	4	5	6	7	8	9	10
1	2	3	4	5	6	7	8	9	10
1	2	3	4	5	6	7	8	9	10
1	2	3	4	5	6	7	8	9	10
1	2	3	4	5	6	7	8	9	10
1	2	3	4	5	6	7	8	9	10
1	2	3	4	5	6	7	8	9	10
1	2	3	4	5	6	7	8	9	10
1	2	3	4	5	6	7	8	9	10
1	2	3	4	5	6	7	8	9	10
1	2	3	4	5	6	7	8	9	10
1	2	3	4	5	6	7	8	9	10
1	2	3	4	5	6	7	8	9	10
1	2	3	4	5	6	7	8	9	10
1	2	3	4	5	6	7	8	9	10
1	2	3	4	5	6	7	8	9	10
1	2	3	4	5	6	7	8	9	10
1	2	3	4	5	6	7	8	9	10
1	2	3	4	5	6	7	8	9	10
1	2	3	4	5	6	7	8	9	10
1	2	3	4	5	6	7	8	9	10
1	2	3	4	5	6	7	8	9	10
1	2	3	4	5	6	7	8	9	10
1	2	3	4	5	6	7	8	9	10
1	2	3	4	5	6	7	8	9	10
1	2	3	4	5	6	7	8	9	10
1	2	3	4	5	6	7	8	9	10
1	2	3	4	5	6	7	8	9	10
1	2	3	4	5	6	7	8	9	10
1	2	3	4	5	6	7	8	9	10
1	2	3	4	5	6	7	8	9	10
1	2	3	4	5	6	7	8	9	10
1	2	3	4	5	6	7	8	9	10
1	2	3	4	5	6	7	8	9	10
1	2	3	4	5	6	7	8	9	10
1	2	3	4	5	6	7	8	9	10
1	2	3	4	5	6	7	8	9	10
1	2	3	4	5	6	7	8	9	10
1	2	3	4	5	6	7	8	9	10
1	2	3	4	5	6	7	8	9	10
1	2	3	4	5	6	7	8	9	10
1	2	3	4	5	6	7	8	9	10
1	2	3	4	5	6	7	8	9	10
1	2	3	4	5	6	7	8	9	10
1	2	3	4	5	6	7	8	9	10
1	2	3	4	5	6	7	8	9	10
1	2	3	4	5	6	7	8	9	10
1	2	3	4	5	6	7	8	9	10
1	2	3	4	5	6	7	8	9	10
1	2	3	4	5	6	7	8	9	10
