50	20
72.9	21.2	34.9	94.6	38.6	46.7	86.8	92.1	16.2	98.0	10.3	92.9	72.3	31.8	35.6	31.8	4.3	22.1	45.2	65.2
57.6	19.9	53.4	92.9	43.6	12.8	65.3	77.6	20.5	1.5	76.8	66.9	29.0	68.9	15.0	44.8	44.9	66.9	77.1	32.7
60.9	37.7	19.3	64.8	90.2	77.6	7.6	65.6	0.0	5.4	42.2	23.3	35.1	50.4	98.7	93.0	97.4	39.0	94.2	68.9
6.1	79.1	51.9	53.6	29.3	24.9	43.9	33.8	66.7	70.4	19.1	70.5	76.3	44.5	51.0	2.6	65.1	30.3	24.4	26.5
45.0	15.3	78.4	12.2	66.6	5.2	88.4	55.5	17.3	38.2	91.1	83.9	87.2	80.6	68.4	34.8	53.0	8.6	40.0	80.1
63.1	66.8	14.5	16.5	55.4	44.5	64.0	88.4	69.9	35.3	18.9	10.8	47.8	89.7	9.4	73.9	78.4	10.8	20.8	62.2
36.3	77.3	75.4	25.0	84.3	22.7	36.4	49.3	5.7	55.7	81.7	93.8	69.9	5.1	90.2	12.2	91.0	19.2	44.9	43.6
80.9	27.8	3.2	38.3	5.2	37.8	25.0	14.3	49.0	41.1	47.9	4.3	99.3	71.5	18.7	41.9	5.4	77.7	48.0	66.8
25.5	12.4	9.6	10.3	97.1	40.9	72.8	10.6	3.2	57.4	81.3	81.3	62.3	21.7	86.8	87.0	89.5	88.8	3.7	38.4
88.0	87.6	51.0	24.5	47.3	40.6	97.8	19.0	6.0	14.0	31.9	92.5	50.0	76.3	34.1	72.9	29.6	23.1	90.0	67.4
22.2	61.8	58.0	48.4	37.3	44.1	36.2	15.2	15.1	99.6	22.7	49.0	29.9	85.3	41.6	61.5	19.1	78.0	72.4	82.9
54.8	82.6	84.7	67.6	15.6	78.3	85.4	58.9	42.2	23.6	81.5	73.8	19.8	95.1	6.7	86.1	0.7	24.6	64.3	69.1
68.6	70.1	28.1	3.4	82.1	70.6	44.0	24.9	88.1	35.5	98.5	58.3	64.1	8.7	53.6	22.4	43.9	12.2	18.4	40.6
38.9	6.5	0.4	7.4	9.2	67.5	70.7	46.5	33.6	18.4	38.6	13.1	85.9	4.2	22.0	42.1	61.4	92.1	58.3	81.8
47.9	16.8	4.2	19.6	77.9	86.3	93.2	79.5	22.1	41.1	51.4	73.2	80.0	15.0	82.4	91.0	73.4	57.5	87.5	28.5
6.2	5.3	24.7	24.2	89.0	24.1	28.5	94.8	58.8	58.5	48.4	11.6	25.4	82.1	3.7	67.7	88.4	51.1	59.9	4.3
70.5	90.0	51.1	71.4	37.6	39.0	4.0	74.3	97.0	59.7	88.0	30.1	79.9	83.5	44.3	31.9	84.8	60.8	85.9	43.4
90.7	71.9	23.5	50.6	0.3	2.8	91.6	4.9	96.3	8.7	94.6	15.4	79.9	65.8	83.7	62.0	27.4	10.3	93.9	95.4
9.1	33.4	59.0	97.4	51.0	93.3	32.7	36.9	56.2	94.8	53.4	51.0	90.6	22.2	39.2	56.6	47.6	55.3	68.4	96.6
45.3	17.7	88.2	76.1	21.6	0.6	63.7	25.1	76.4	66.7	0.6	30.9	16.7	74.3	21.4	12.0	39.7	1.0	71.4	68.7
73.6	40.4	22.2	79.6	3.7	25.5	46.2	82.5	88.4	76.2	38.9	63.2	46.2	83.3	86.5	28.3	40.1	1.5	2.2	74.6
32.3	64.9	21.0	90.0	26.2	95.1	51.3	82.0	40.9	94.5	10.3	46.5	40.7	73.4	5.9	79.3	26.4	80.6	72.1	69.0
87.7	17.7	73.7	89.7	64.2	24.8	7.3	73.9	84.8	85.4	28.0	23.4	44.4	0.6	32.3	77.1	1.7	15.7	69.7	21.7
84.2	90.7	43.3	56.1	9.9	38.9	42.3	27.4	25.0	61.8	75.7	33.3	94.2	3.5	94.9	42.7	23.5	48.0	4.3	6.1
38.6	24.3	85.7	48.5	24.6	32.1	47.9	21.5	5.3	19.6	36.1	4.4	53.4	29.2	9.6	76.8	12.3	16.6	75.1	14.3
28.8	72.1	63.8	16.2	4.8	66.6	70.7	80.3	10.9	89.5	64.8	16.1	88.0	56.5	21.7	69.2	69.7	9.3	71.8	99.9
55.2	61.6	46.0	67.0	83.4	84.1	61.8	82.4	31.1	72.2	0.6	99.0	78.0	62.4	16.0	1.6	97.1	40.9	42.7	14.4
75.0	27.9	78.5	57.3	78.2	61.5	40.2	34.1	53.0	6.7	81.8	43.8	92.5	28.7	71.4	74.0	6.7	88.4	24.4	99.3
41.8	87.4	26.0	74.2	49.0	90.3	6.6	14.5	71.2	53.4	10.2	6.5	48.7	71.8	19.6	15.2	66.1	73.6	45.8	8.1
34.8	42.4	90.8	41.3	59.4	90.6	53.6	75.5	50.6	22.6	62.8	75.1	36.8	45.0	71.8	5.0	95.5	86.6	5.1	82.1
50.6	57.9	11.7	49.9	26.9	90.6	57.7	84.7	91.1	72.7	43.6	41.8	78.0	12.3	93.2	36.2	6.9	61.1	6.7	41.0
50.0	36.8	13.1	51.7	22.0	38.3	33.4	94.7	97.2	7.9	77.6	22.1	2.1	17.5	92.9	38.0	25.0	92.1	70.3	42.0
43.0	47.2	54.1	8.2	46.8	34.8	55.4	6.4	17.0	29.5	27.0	51.4	36.2	69.7	72.8	14.9	97.2	63.0	8.1	43.0
21.3	7.7	37.2	24.3	53.4	65.3	57.2	3.6	56.9	19.7	37.9	95.2	62.8	51.3	51.0	12.9	24.7	7.3	41.1	26.1
85.1	98.3	14.0	43.0	22.1	75.8	0.3	95.5	65.9	4.1	73.5	25.2	69.9	97.6	42.9	30.7	6.5	42.5	64.0	37.9
52.2	60.3	4.5	61.9	88.3	29.0	12.7	77.5	1.7	26.6	18.2	26.1	61.7	13.2	44.3	49.3	18.9	47.3	1.7	97.0
80.3	29.7	97.2	56.2	75.8	67.9	79.9	36.8	53.1	37.6	33.1	59.4	9.6	5.0	58.0	75.8	31.5	48.3	56.9	85.4
64.8	72.4	82.2	51.6	17.7	85.1	85.6	22.1	48.4	86.6	66.7	55.0	68.6	84.5	68.9	15.6	41.8	68.3	59.4	97.8
54.4	27.0	81.5	31.0	30.0	57.7	7.6	29.1	63.2	16.0	32.1	65.8	12.0	14.2	23.7	75.1	82.5	33.0	18.4	58.5
62.5	57.4	27.8	85.3	78.0	40.2	67.3	56.7	42.0	74.1	70.4	22.8	27.4	97.5	66.8	56.2	82.9	15.2	45.0	81.0
44.0	75.9	13.3	81.1	50.7	48.9	26.4	18.5	12.8	73.2	54.6	87.8	33.8	86.7	78.8	61.7	22.8	90.0	22.3	68.4
78.3	37.8	41.7	28.4	63.8	85.1	22.2	41.0	46.0	68.3	59.9	14.3	58.2	86.6	95.8	61.0	51.5	88.9	33.7	65.8
30.7	60.2	51.0	63.2	44.7	24.2	6.6	24.5	19.0	5.9	6.5	68.5	10.9	72.7	68.6	44.5	23.5	62.2	11.9	29.6
89.6	23.6	81.3	55.4	75.3	96.2	9.2	28.7	6.3	90.5	4.3	53.1	91.9	23.0	25.3	63.9	10.0	84.8	82.3	50.8
48.7	7.2	27.2	92.3	64.5	11.8	61.5	26.9	81.6	59.6	66.7	58.7	50.4	76.8	65.8	62.7	12.3	39.9	98.5	23.9
11.4	37.4	92.1	36.7	42.7	15.7	87.0	10.6	8.4	98.2	49.6	93.2	32.8	47.2	57.3	94.0	49.7	49.2	42.1	59.3
67.6	59.7	48.6	21.4	57.7	74.2	77.9	74.1	65.1	1.0	1.6	62.7	36.3	0.3	64.9	69.5	61.7	27.8	78.1	68.9
16.6	73.1	44.3	42.3	83.8	65.2	62.1	40.8	44.3	47.1	30.5	31.8	39.4	16.2	44.8	67.7	80.9	79.8	10.9	0.7
61.9	13.7	69.5	48.3	25.7	92.9	37.3	33.5	98.8	7.6	74.9	14.3	43.0	5.5	99.5	78.7	28.6	4.5	50.5	95.3
85.8	8.7	65.8	82.3	95.1	66.6	70.3	74.9	25.1	43.4	10.6	29.7	11.3	59.9	91.7	61.5	52.7	53.8	48.7	33.3
1	2	3	4	5	6	7	8	9	10	11	12	13	14	15	16	17	18	19	20
1	2	3	4	5	6	7	8	9	10	11	12	13	14	15	16	17	18	19	20
1	2	3	4	5	6	7	8	9	10	11	12	13	14	15	16	17	18	19	20
1	2	3	4	5	6	7	8	9	10	11	12	13	14	15	16	17	18	19	20
1	2	3	4	5	6	7	8	9	10	11	12	13	14	15	16	17	18	19	20
1	2	3	4	5	6	7	8	9	10	11	12	13	14	15	16	17	18	19	20
1	2	3	4	5	6	7	8	9	10	11	12	13	14	15	16	17	18	19	20
1	2	3	4	5	6	7	8	9	10	11	12	13	14	15	16	17	18	19	20
1	2	3	4	5	6	7	8	9	10	11	12	13	14	15	16	17	18	19	20
1	2	3	4	5	6	7	8	9	10	11	12	13	14	15	16	17	18	19	20
1	2	3	4	5	6	7	8	9	10	11	12	13	14	15	16	17	18	19	20
1	2	3	4	5	6	7	8	9	10	11	12	13	14	15	16	17	18	19	20
1	2	3	4	5	6	7	8	9	10	11	12	13	14	15	16	17	18	19	20
1	2	3	4	5	6	7	8	9	10	11	12	13	14	15	16	17	18	19	20
1	2	3	4	5	6	7	8	9	10	11	12	13	14	15	16	17	18	19	20
1	2	3	4	5	6	7	8	9	10	11	12	13	14	15	16	17	18	19	20
1	2	3	4	5	6	7	8	9	10	11	12	13	14	15	16	17	18	19	20
1	2	3	4	5	6	7	8	9	10	11	12	13	14	15	16	17	18	19	20
1	2	3	4	5	6	7	8	9	10	11	12	13	14	15	16	17	18	19	20
1	2	3	4	5	6	7	8	9	10	11	12	13	14	15	16	17	18	19	20
1	2	3	4	5	6	7	8	9	10	11	12	13	14	15	16	17	18	19	20
1	2	3	4	5	6	7	8	9	10	11	12	13	14	15	16	17	18	19	20
1	2	3	4	5	6	7	8	9	10	11	12	13	14	15	16	17	18	19	20
1	2	3	4	5	6	7	8	9	10	11	12	13	14	15	16	17	18	19	20
1	2	3	4	5	6	7	8	9	10	11	12	13	14	15	16	17	18	19	20
1	2	3	4	5	6	7	8	9	10	11	12	13	14	15	16	17	18	19	20
1	2	3	4	5	6	7	8	9	10	11	12	13	14	15	16	17	18	19	20
1	2	3	4	5	6	7	8	9	10	11	12	13	14	15	16	17	18	19	20
1	2	3	4	5	6	7	8	9	10	11	12	13	14	15	16	17	18	19	20
1	2	3	4	5	6	7	8	9	10	11	12	13	14	15	16	17	18	19	20
1	2	3	4	5	6	7	8	9	10	11	12	13	14	15	16	17	18	19	20
1	2	3	4	5	6	7	8	9	10	11	12	13	14	15	16	17	18	19	20
1	2	3	4	5	6	7	8	9	10	11	12	13	14	15	16	17	18	19	20
1	2	3	4	5	6	7	8	9	10	11	12	13	14	15	16	17	18	19	20
1	2	3	4	5	6	7	8	9	10	11	12	13	14	15	16	17	18	19	20
1	2	3	4	5	6	7	8	9	10	11	12	13	14	15	16	17	18	19	20
1	2	3	4	5	6	7	8	9	10	11	12	13	14	15	16	17	18	19	20
1	2	3	4	5	6	7	8	9	10	11	12	13	14	15	16	17	18	19	20
1	2	3	4	5	6	7	8	9	10	11	12	13	14	15	16	17	18	19	20
1	2	3	4	5	6	7	8	9	10	11	12	13	14	15	16	17	18	19	20
1	2	3	4	5	6	7	8	9	10	11	12	13	14	15	16	17	18	19	20
1	2	3	4	5	6	7	8	9	10	11	12	13	14	15	16	17	18	19	20
1	2	3	4	5	6	7	8	9	10	11	12	13	14	15	16	17	18	19	20
1	2	3	4	5	6	7	8	9	10	11	12	13	14	15	16	17	18	19	20
1	2	3	4	5	6	7	8	9	10	11	12	13	14	15	16	17	18	19	20
1	2	3	4	5	6	7	8	9	10	11	12	13	14	15	16	17	18	19	20
1	2	3	4	5	6	7	8	9	10	11	12	13	14	15	16	17	18	19	20
1	2	3	4	5	6	7	8	9	10	11	12	13	14	15	16	17	18	19	20
1	2	3	4	5	6	7	8	9	10	11	12	13	14	15	16	17	18	19	20
1	2	3	4	5	6	7	8	9	10	11	12	13	14	15	16	17	18	19	20
