50	20
16.9	94.9	20.0	21.7	25.1	55.3	50.1	95.9	20.7	9.5	55.1	60.7	15.4	53.2	4.8	49.4	14.6	25.8	12.6	5.2
69.7	71.8	60.5	10.0	14.3	8.7	51.9	85.2	13.7	97.2	28.9	47.8	73.7	22.1	85.3	56.7	68.0	3.1	78.3	93.2
46.9	25.3	2.6	73.8	33.5	41.6	39.7	47.4	68.6	97.1	54.3	35.8	28.9	38.5	90.3	34.5	79.9	93.1	93.1	60.8
27.4	84.2	47.6	12.1	63.6	42.2	97.5	54.8	42.5	80.1	89.1	87.1	41.1	53.1	61.7	39.9	99.9	88.4	21.6	12.9
20.6	52.0	13.0	35.0	90.8	69.5	75.8	36.0	85.1	59.5	73.3	6.4	76.4	76.8	36.1	10.3	99.5	55.0	3.1	8.0
75.4	41.9	40.7	65.1	37.9	93.5	74.2	43.9	64.8	43.9	2.0	7.1	89.3	36.5	47.7	43.4	38.8	16.2	77.9	24.0
57.9	4.6	57.5	94.1	35.2	4.0	39.5	34.2	80.0	74.5	95.8	82.3	39.3	41.2	10.1	93.4	83.3	75.1	58.2	61.7
53.4	68.0	77.8	83.1	22.5	14.8	42.0	11.5	60.5	99.1	56.2	55.9	46.5	98.8	24.0	52.5	17.5	73.3	57.6	59.1
42.9	16.7	31.7	45.9	97.9	77.4	60.8	70.7	89.9	30.5	77.2	19.1	65.7	56.5	85.6	19.0	99.5	90.4	47.9	80.8
73.1	30.2	93.1	2.6	96.2	80.9	26.0	31.9	39.8	1.1	28.5	90.5	10.3	6.9	58.7	14.3	87.4	79.5	59.3	14.7
44.3	59.2	53.6	25.3	65.3	62.4	67.7	0.5	42.3	33.1	9.4	18.4	73.4	75.0	30.3	73.4	84.3	57.3	17.5	91.0
69.7	24.4	95.6	99.2	69.2	91.1	88.1	50.0	63.5	12.2	4.2	94.0	53.6	23.4	4.3	6.5	42.8	44.3	60.1	86.8
0.8	55.8	92.3	41.4	66.0	24.9	14.7	22.6	0.8	45.2	38.2	70.5	70.2	29.8	60.2	85.4	45.2	63.7	6.1	64.5
58.6	97.9	3.9	60.0	28.9	87.4	63.9	17.0	14.9	45.4	97.7	90.5	64.0	28.3	45.4	22.2	19.5	70.4	45.3	24.7
64.2	77.0	78.0	97.3	94.9	67.3	57.5	3.1	92.1	59.0	8.3	92.7	56.1	55.3	37.1	18.7	46.5	5.7	10.4	48.6
29.1	17.0	43.9	34.0	83.9	55.4	0.2	5.3	29.4	45.1	29.0	30.9	44.1	93.3	32.1	70.7	56.1	33.8	96.7	80.4
24.8	83.1	49.9	30.8	33.7	24.4	32.3	36.3	83.2	2.9	99.7	20.2	23.2	49.7	61.8	79.4	85.0	9.6	33.4	98.1
28.0	79.9	86.2	56.5	54.0	35.9	74.2	56.7	28.4	60.4	71.3	4.0	7.2	78.2	84.8	18.9	76.2	8.9	90.5	95.2
15.9	76.6	77.1	26.3	76.1	13.6	43.4	99.9	86.5	89.1	50.3	80.5	78.6	36.0	57.6	93.8	1.6	7.0	94.7	47.7
77.7	69.7	72.9	88.0	51.1	84.3	99.3	23.0	47.9	77.7	73.5	40.4	80.8	75.2	11.7	70.0	53.0	38.1	41.0	35.1
40.2	42.6	77.7	46.3	98.8	18.0	59.0	89.7	14.5	87.4	58.2	50.9	80.1	9.3	19.1	67.8	64.8	69.9	81.9	38.9
74.3	89.9	54.6	92.4	93.3	84.2	83.5	86.8	68.9	99.6	47.6	36.6	40.7	71.1	87.0	80.6	90.4	43.5	78.3	86.1
41.2	49.2	6.2	97.2	22.8	23.4	81.4	64.4	90.1	57.8	38.1	94.1	2.2	39.7	53.5	37.7	90.7	58.4	46.5	40.6
62.2	10.0	46.3	68.7	2.5	10.3	28.3	58.5	89.4	78.2	78.1	6.4	82.1	11.1	81.1	13.6	69.5	16.0	99.4	21.0
39.6	50.8	13.7	15.9	43.9	8.4	60.0	32.3	52.8	61.4	53.2	98.6	73.7	41.3	33.9	59.4	65.9	53.8	23.6	75.8
94.3	94.6	89.1	62.8	47.6	2.2	64.9	98.5	33.8	94.2	97.4	77.9	90.3	7.4	16.9	54.2	61.1	62.3	33.6	21.6
81.6	64.7	67.5	34.2	61.6	94.9	33.2	40.4	69.2	57.4	25.6	71.9	81.5	98.2	73.8	80.8	59.0	73.2	49.4	63.3
77.3	92.2	58.0	97.2	77.8	35.1	10.4	3.2	43.0	26.4	49.6	31.5	86.8	90.5	37.4	1.9	25.7	97.0	91.6	10.6
32.8	11.5	87.4	55.3	78.1	90.3	47.0	23.8	86.3	32.7	63.4	38.9	76.7	75.4	53.8	83.3	72.2	19.8	50.2	38.3
56.4	10.3	18.0	26.7	4.1	84.9	14.5	20.9	97.3	73.0	48.3	77.0	7.6	45.1	48.7	0.5	91.3	73.2	71.1	25.6
44.6	33.6	50.7	93.0	61.8	71.2	51.4	17.8	12.9	99.4	73.2	81.6	73.9	6.3	70.5	29.5	15.9	38.2	77.0	47.8
30.5	31.9	99.5	12.8	15.4	53.6	54.8	16.2	88.7	38.3	7.9	56.3	71.7	4.2	93.4	97.6	56.9	60.8	18.6	22.2
54.2	41.2	20.3	15.9	42.8	0.2	69.2	6.2	86.1	33.4	65.6	49.7	34.6	95.1	0.2	42.8	81.7	86.3	8.4	85.4
89.0	88.2	9.3	28.5	97.1	98.0	69.3	43.2	93.0	4.0	73.7	21.1	23.1	41.2	64.3	49.1	79.0	94.9	85.7	59.5
77.1	66.1	33.1	25.3	20.4	93.7	72.4	14.9	53.9	65.5	14.7	90.2	33.6	27.1	54.6	28.8	98.8	17.0	56.4	16.8
83.8	81.7	64.6	92.9	5.6	14.5	18.9	52.2	40.7	3.1	27.7	11.0	25.4	99.2	90.5	86.8	1.2	22.1	20.6	14.2
70.9	56.0	86.0	74.2	40.8	79.7	68.7	64.0	88.6	49.9	61.3	23.3	59.7	50.4	10.1	84.3	42.1	43.7	54.9	20.1
11.1	4.9	7.2	86.8	51.6	6.6	0.5	41.0	80.7	31.5	43.9	54.3	30.8	71.6	34.2	54.2	73.6	88.3	5.2	74.9
81.0	91.6	60.4	12.2	97.4	82.2	71.2	36.5	33.2	90.2	18.3	57.0	39.5	51.8	62.7	29.1	88.7	92.8	31.8	34.8
7.0	75.3	71.7	21.9	87.6	94.7	25.8	15.7	42.2	80.5	72.2	65.0	67.3	56.7	72.9	70.9	38.3	73.0	30.1	44.3
11.5	55.7	36.8	26.9	7.3	81.8	73.9	91.2	83.2	21.0	65.0	86.5	40.0	0.4	42.7	2.5	46.1	66.1	20.4	66.8
80.4	79.1	38.7	67.9	45.4	36.8	26.3	98.7	83.9	13.0	60.7	30.7	86.9	14.5	55.9	28.2	9.5	68.9	6.2	82.2
66.2	66.0	91.8	32.9	58.3	96.8	55.3	63.0	62.7	48.3	55.8	66.5	56.5	56.6	77.6	93.5	59.9	91.5	33.2	10.3
56.4	34.8	28.3	92.5	7.9	76.1	87.6	22.5	96.3	82.8	68.4	64.1	4.1	10.7	98.8	40.2	90.2	26.4	6.1	7.1
35.7	81.9	74.8	7.2	70.7	17.7	88.4	20.1	1.9	16.4	33.9	7.1	34.0	57.2	99.6	1.1	30.8	64.6	52.1	70.1
94.5	65.5	29.8	84.3	12.8	48.4	51.3	38.2	99.6	57.5	97.7	93.2	80.9	79.8	2.9	85.9	54.8	14.5	90.6	22.9
92.2	75.8	78.5	21.4	50.3	67.4	93.3	31.0	58.5	24.3	52.4	57.8	36.4	29.2	81.9	97.1	16.7	52.7	77.6	44.0
40.3	70.1	43.7	43.7	45.5	82.4	6.5	10.9	42.5	92.8	17.8	71.1	29.0	63.7	60.9	17.0	62.4	18.3	23.7	90.9
41.4	97.6	35.5	54.6	69.2	89.1	3.8	66.5	55.3	60.7	35.6	80.5	94.8	90.6	25.1	27.4	13.8	6.7	72.5	46.1
18.0	69.0	49.7	8.3	76.8	4.4	21.3	1.7	35.0	75.2	72.7	62.4	33.5	64.1	52.8	73.5	44.2	64.2	88.9	23.3
1	2	3	4	5	6	7	8	9	10	11	12	13	14	15	16	17	18	19	20
1	2	3	4	5	6	7	8	9	10	11	12	13	14	15	16	17	18	19	20
1	2	3	4	5	6	7	8	9	10	11	12	13	14	15	16	17	18	19	20
1	2	3	4	5	6	7	8	9	10	11	12	13	14	15	16	17	18	19	20
1	2	3	4	5	6	7	8	9	10	11	12	13	14	15	16	17	18	19	20
1	2	3	4	5	6	7	8	9	10	11	12	13	14	15	16	17	18	19	20
1	2	3	4	5	6	7	8	9	10	11	12	13	14	15	16	17	18	19	20
1	2	3	4	5	6	7	8	9	10	11	12	13	14	15	16	17	18	19	20
1	2	3	4	5	6	7	8	9	10	11	12	13	14	15	16	17	18	19	20
1	2	3	4	5	6	7	8	9	10	11	12	13	14	15	16	17	18	19	20
1	2	3	4	5	6	7	8	9	10	11	12	13	14	15	16	17	18	19	20
1	2	3	4	5	6	7	8	9	10	11	12	13	14	15	16	17	18	19	20
1	2	3	4	5	6	7	8	9	10	11	12	13	14	15	16	17	18	19	20
1	2	3	4	5	6	7	8	9	10	11	12	13	14	15	16	17	18	19	20
1	2	3	4	5	6	7	8	9	10	11	12	13	14	15	16	17	18	19	20
1	2	3	4	5	6	7	8	9	10	11	12	13	14	15	16	17	18	19	20
1	2	3	4	5	6	7	8	9	10	11	12	13	14	15	16	17	18	19	20
1	2	3	4	5	6	7	8	9	10	11	12	13	14	15	16	17	18	19	20
1	2	3	4	5	6	7	8	9	10	11	12	13	14	15	16	17	18	19	20
1	2	3	4	5	6	7	8	9	10	11	12	13	14	15	16	17	18	19	20
1	2	3	4	5	6	7	8	9	10	11	12	13	14	15	16	17	18	19	20
1	2	3	4	5	6	7	8	9	10	11	12	13	14	15	16	17	18	19	20
1	2	3	4	5	6	7	8	9	10	11	12	13	14	15	16	17	18	19	20
1	2	3	4	5	6	7	8	9	10	11	12	13	14	15	16	17	18	19	20
1	2	3	4	5	6	7	8	9	10	11	12	13	14	15	16	17	18	19	20
1	2	3	4	5	6	7	8	9	10	11	12	13	14	15	16	17	18	19	20
1	2	3	4	5	6	7	8	9	10	11	12	13	14	15	16	17	18	19	20
1	2	3	4	5	6	7	8	9	10	11	12	13	14	15	16	17	18	19	20
1	2	3	4	5	6	7	8	9	10	11	12	13	14	15	16	17	18	19	20
1	2	3	4	5	6	7	8	9	10	11	12	13	14	15	16	17	18	19	20
1	2	3	4	5	6	7	8	9	10	11	12	13	14	15	16	17	18	19	20
1	2	3	4	5	6	7	8	9	10	11	12	13	14	15	16	17	18	19	20
1	2	3	4	5	6	7	8	9	10	11	12	13	14	15	16	17	18	19	20
1	2	3	4	5	6	7	8	9	10	11	12	13	14	15	16	17	18	19	20
1	2	3	4	5	6	7	8	9	10	11	12	13	14	15	16	17	18	19	20
1	2	3	4	5	6	7	8	9	10	11	12	13	14	15	16	17	18	19	20
1	2	3	4	5	6	7	8	9	10	11	12	13	14	15	16	17	18	19	20
1	2	3	4	5	6	7	8	9	10	11	12	13	14	15	16	17	18	19	20
1	2	3	4	5	6	7	8	9	10	11	12	13	14	15	16	17	18	19	20
1	2	3	4	5	6	7	8	9	10	11	12	13	14	15	16	17	18	19	20
1	2	3	4	5	6	7	8	9	10	11	12	13	14	15	16	17	18	19	20
1	2	3	4	5	6	7	8	9	10	11	12	13	14	15	16	17	18	19	20
1	2	3	4	5	6	7	8	9	10	11	12	13	14	15	16	17	18	19	20
1	2	3	4	5	6	7	8	9	10	11	12	13	14	15	16	17	18	19	20
1	2	3	4	5	6	7	8	9	10	11	12	13	14	15	16	17	18	19	20
1	2	3	4	5	6	7	8	9	10	11	12	13	14	15	16	17	18	19	20
1	2	3	4	5	6	7	8	9	10	11	12	13	14	15	16	17	18	19	20
1	2	3	4	5	6	7	8	9	10	11	12	13	14	15	16	17	18	19	20
1	2	3	4	5	6	7	8	9	10	11	12	13	14	15	16	17	18	19	20
1	2	3	4	5	6	7	8	9	10	11	12	13	14	15	16	17	18	19	20
