50	20
38.3	26.7	64.3	35.8	26.2	50.2	92.8	31.4	19.3	56.6	97.7	18.9	23.1	56.2	21.1	7.5	41.1	15.0	99.1	86.1
1.3	35.2	75.8	84.7	48.5	59.9	17.7	63.8	46.3	5.1	27.4	8.0	70.7	60.8	20.9	8.5	74.1	50.0	57.8	67.2
54.8	59.4	1.9	9.7	25.3	5.4	81.4	9.9	8.2	47.1	21.6	28.8	59.0	23.0	46.9	77.7	73.4	12.6	22.3	54.9
73.6	51.6	8.4	14.3	88.6	51.9	51.5	88.3	87.4	67.3	24.9	12.4	55.9	14.0	36.6	77.0	56.7	21.2	66.5	73.0
22.2	77.6	94.9	52.2	21.2	84.1	82.0	26.5	94.5	31.2	80.6	45.6	9.2	9.3	2.9	75.6	17.4	77.4	55.5	82.8
26.9	80.2	61.0	79.5	69.1	71.8	47.4	5.6	95.1	33.1	72.6	79.4	47.7	29.0	81.8	11.9	38.4	70.3	56.8	22.3
3.9	25.2	36.2	51.2	89.8	55.1	79.8	90.0	86.1	45.7	88.9	46.4	31.0	40.0	0.5	25.8	13.2	57.4	75.0	17.8
93.3	66.3	41.4	50.0	29.5	44.8	88.6	45.0	35.8	69.3	58.3	33.6	54.7	1.6	9.5	38.2	4.5	19.9	59.1	71.2
28.2	69.6	51.8	7.9	59.8	48.2	63.6	2.2	89.8	24.8	87.1	57.4	58.6	52.6	40.1	3.4	70.6	10.7	71.4	67.6
88.1	27.7	27.7	99.1	1.8	87.0	95.7	62.8	38.2	1.6	24.8	43.7	80.0	66.3	36.8	47.2	66.2	42.9	55.0	2.1
23.4	79.4	38.2	88.4	51.3	6.9	28.8	54.2	43.6	40.1	10.4	34.8	4.4	35.3	22.5	45.3	40.2	28.3	39.4	79.6
64.7	10.0	63.7	49.2	44.2	40.8	65.3	83.3	47.3	24.0	82.3	76.9	70.1	21.3	45.4	46.3	63.9	56.8	62.6	78.4
91.8	11.0	6.4	34.3	36.2	47.5	82.5	92.3	91.0	3.0	30.4	11.0	69.1	4.1	60.0	50.5	64.5	17.5	68.2	76.4
55.2	76.9	80.6	81.9	41.5	30.8	41.5	18.2	44.8	23.8	68.5	24.3	42.5	52.1	26.9	0.6	85.4	16.7	82.8	37.7
60.8	17.0	29.5	84.9	37.5	87.1	70.6	14.6	44.3	49.3	11.8	31.2	36.5	37.6	6.4	97.4	58.5	76.4	33.1	22.7
66.5	10.9	90.4	57.2	28.4	52.9	76.8	94.8	20.6	19.1	12.5	9.4	29.1	60.7	42.1	27.8	59.5	60.7	26.3	31.9
54.9	85.8	8.5	5.3	9.0	19.6	84.1	57.2	68.3	67.3	91.9	3.9	68.9	85.5	99.1	17.0	16.4	1.3	74.7	44.8
81.8	83.8	92.9	23.9	21.2	25.8	68.3	29.8	44.6	1.1	99.5	96.4	39.2	21.5	91.6	75.2	98.3	29.5	61.2	78.5
86.0	13.9	33.8	40.6	86.5	57.7	17.1	49.5	61.9	22.2	37.0	26.5	49.4	55.0	56.1	3.3	98.2	23.0	23.2	96.4
42.8	34.0	66.7	21.8	48.5	12.0	12.6	35.9	80.2	77.1	45.3	46.6	98.1	36.8	83.2	52.9	89.0	24.0	46.0	51.8
5.1	13.5	47.7	93.7	88.8	68.4	61.5	27.6	92.6	73.5	79.3	19.0	84.7	32.9	77.1	3.4	4.4	44.1	13.2	87.5
4.3	63.0	41.8	3.7	14.7	99.9	25.2	25.6	7.0	82.6	84.0	33.9	70.2	58.5	69.0	36.1	8.0	16.2	22.6	91.3
13.9	62.3	15.6	30.1	93.8	47.8	62.7	85.0	60.3	94.6	70.6	23.6	46.7	51.0	50.3	80.2	7.7	95.8	65.8	25.7
93.1	46.0	71.8	92.6	41.6	81.8	93.2	23.1	27.5	66.6	74.2	72.4	51.2	34.6	95.4	6.7	46.2	25.7	24.2	8.1
58.5	26.4	62.7	3.8	18.6	78.6	69.1	82.3	96.9	94.0	43.7	39.7	23.8	8.7	41.0	55.9	11.4	20.2	82.1	12.9
24.9	37.8	4.1	85.6	31.3	58.7	14.7	22.6	59.6	39.7	51.6	14.5	72.0	68.9	11.4	56.2	78.4	38.0	0.3	80.0
76.9	76.4	65.7	97.1	47.3	61.1	53.2	81.9	52.8	8.4	47.1	51.2	38.6	4.4	20.3	70.9	81.2	89.5	86.6	43.0
87.0	36.1	54.5	57.1	40.8	68.1	50.1	99.5	58.9	77.6	85.2	29.1	25.4	8.0	16.9	85.6	92.1	23.0	35.4	44.8
39.8	89.2	42.3	20.1	71.0	92.3	8.6	5.6	32.6	92.2	95.3	0.7	14.7	46.4	12.1	63.1	77.2	13.0	13.6	15.6
22.9	32.6	19.8	90.5	55.7	58.1	55.0	20.9	27.1	91.1	19.0	53.5	34.2	25.9	34.0	2.5	6.7	45.0	20.9	93.9
68.1	57.7	59.6	66.4	33.4	61.6	66.4	98.7	90.9	94.4	22.8	91.5	49.7	18.1	74.0	26.3	38.7	13.0	11.1	24.9
63.2	36.3	25.3	37.7	24.7	40.3	90.6	28.4	32.2	53.1	62.7	82.9	46.3	28.7	74.0	91.5	18.6	100.0	60.9	14.2
5.1	3.0	53.9	72.3	42.8	30.7	16.5	58.3	41.8	5.1	21.4	25.8	19.2	1.1	61.6	69.5	93.3	51.9	22.0	50.0
39.8	87.7	59.4	33.6	1.3	19.6	46.9	60.9	63.6	49.0	77.3	30.6	98.7	38.2	89.5	63.2	21.5	70.9	7.1	93.1
18.8	68.4	34.4	76.3	66.5	59.4	89.8	95.9	95.1	12.1	69.9	61.2	68.5	68.9	94.1	67.5	2.2	70.7	89.3	24.3
17.0	53.0	67.4	27.1	74.9	68.3	65.2	45.6	66.1	58.2	64.6	16.8	20.8	83.6	14.2	16.7	17.4	88.0	22.3	10.5
43.7	6.6	0.5	97.9	78.5	47.9	80.7	52.7	66.9	48.1	34.7	20.4	95.3	81.9	52.3	31.4	19.6	41.0	12.1	67.4
90.4	10.6	53.2	36.2	70.2	53.3	51.1	55.3	16.8	99.9	90.9	88.2	67.2	0.7	10.8	52.0	41.4	95.6	75.9	69.0
54.3	37.7	3.2	71.2	79.5	41.3	66.5	14.8	0.7	50.2	0.5	16.2	24.1	50.9	50.5	43.7	23.0	64.2	60.2	86.7
87.7	1.7	87.5	31.8	68.5	14.5	89.6	19.0	15.3	20.9	56.1	8.9	6.6	32.9	83.7	2.9	82.6	89.8	12.5	56.2
0.4	83.8	35.3	99.9	33.2	25.2	21.3	93.8	41.4	28.3	6.4	93.9	3.1	66.7	56.1	18.7	29.4	57.2	29.5	13.1
93.2	13.3	42.1	39.2	52.3	60.0	58.1	89.9	91.4	90.2	44.6	44.5	50.0	25.2	84.5	65.9	65.4	89.4	95.8	88.8
94.3	64.1	63.3	73.8	62.8	52.1	54.2	87.5	83.6	99.4	60.3	71.6	20.3	14.4	82.1	42.5	92.0	79.7	71.7	97.8
14.3	18.6	60.3	8.3	22.4	95.5	69.2	80.5	24.9	72.6	64.6	33.4	41.8	98.5	64.5	64.7	27.0	11.3	29.6	71.0
11.4	43.6	86.2	10.8	98.1	31.9	7.5	12.4	65.9	3.1	93.5	28.8	59.6	76.9	94.7	24.3	70.6	5.9	97.3	11.9
25.9	62.2	88.5	86.1	34.4	73.7	23.2	54.8	67.5	97.5	2.9	67.2	81.9	89.3	50.9	54.8	43.4	17.0	93.0	38.6
12.7	12.6	25.2	25.8	99.7	35.7	22.1	95.9	86.5	40.9	52.7	60.3	98.4	97.9	1.9	85.6	12.3	60.5	32.1	85.2
69.2	86.7	21.3	95.3	98.8	52.5	87.4	69.6	77.5	69.9	30.0	35.0	90.3	83.7	35.2	70.4	49.3	33.5	51.3	46.5
23.1	44.3	26.1	26.6	32.3	44.5	30.3	86.5	78.5	5.9	66.1	27.2	56.8	86.8	2.2	31.6	89.0	27.5	83.7	3.9
74.4	99.8	18.7	16.1	5.0	95.0	46.1	60.4	73.2	14.2	58.1	57.5	30.1	5.0	83.4	6.8	76.9	81.7	2.0	57.1
1	2	3	4	5	6	7	8	9	10	11	12	13	14	15	16	17	18	19	20
1	2	3	4	5	6	7	8	9	10	11	12	13	14	15	16	17	18	19	20
1	2	3	4	5	6	7	8	9	10	11	12	13	14	15	16	17	18	19	20
1	2	3	4	5	6	7	8	9	10	11	12	13	14	15	16	17	18	19	20
1	2	3	4	5	6	7	8	9	10	11	12	13	14	15	16	17	18	19	20
1	2	3	4	5	6	7	8	9	10	11	12	13	14	15	16	17	18	19	20
1	2	3	4	5	6	7	8	9	10	11	12	13	14	15	16	17	18	19	20
1	2	3	4	5	6	7	8	9	10	11	12	13	14	15	16	17	18	19	20
1	2	3	4	5	6	7	8	9	10	11	12	13	14	15	16	17	18	19	20
1	2	3	4	5	6	7	8	9	10	11	12	13	14	15	16	17	18	19	20
1	2	3	4	5	6	7	8	9	10	11	12	13	14	15	16	17	18	19	20
1	2	3	4	5	6	7	8	9	10	11	12	13	14	15	16	17	18	19	20
1	2	3	4	5	6	7	8	9	10	11	12	13	14	15	16	17	18	19	20
1	2	3	4	5	6	7	8	9	10	11	12	13	14	15	16	17	18	19	20
1	2	3	4	5	6	7	8	9	10	11	12	13	14	15	16	17	18	19	20
1	2	3	4	5	6	7	8	9	10	11	12	13	14	15	16	17	18	19	20
1	2	3	4	5	6	7	8	9	10	11	12	13	14	15	16	17	18	19	20
1	2	3	4	5	6	7	8	9	10	11	12	13	14	15	16	17	18	19	20
1	2	3	4	5	6	7	8	9	10	11	12	13	14	15	16	17	18	19	20
1	2	3	4	5	6	7	8	9	10	11	12	13	14	15	16	17	18	19	20
1	2	3	4	5	6	7	8	9	10	11	12	13	14	15	16	17	18	19	20
1	2	3	4	5	6	7	8	9	10	11	12	13	14	15	16	17	18	19	20
1	2	3	4	5	6	7	8	9	10	11	12	13	14	15	16	17	18	19	20
1	2	3	4	5	6	7	8	9	10	11	12	13	14	15	16	17	18	19	20
1	2	3	4	5	6	7	8	9	10	11	12	13	14	15	16	17	18	19	20
1	2	3	4	5	6	7	8	9	10	11	12	13	14	15	16	17	18	19	20
1	2	3	4	5	6	7	8	9	10	11	12	13	14	15	16	17	18	19	20
1	2	3	4	5	6	7	8	9	10	11	12	13	14	15	16	17	18	19	20
1	2	3	4	5	6	7	8	9	10	11	12	13	14	15	16	17	18	19	20
1	2	3	4	5	6	7	8	9	10	11	12	13	14	15	16	17	18	19	20
1	2	3	4	5	6	7	8	9	10	11	12	13	14	15	16	17	18	19	20
1	2	3	4	5	6	7	8	9	10	11	12	13	14	15	16	17	18	19	20
1	2	3	4	5	6	7	8	9	10	11	12	13	14	15	16	17	18	19	20
1	2	3	4	5	6	7	8	9	10	11	12	13	14	15	16	17	18	19	20
1	2	3	4	5	6	7	8	9	10	11	12	13	14	15	16	17	18	19	20
1	2	3	4	5	6	7	8	9	10	11	12	13	14	15	16	17	18	19	20
1	2	3	4	5	6	7	8	9	10	11	12	13	14	15	16	17	18	19	20
1	2	3	4	5	6	7	8	9	10	11	12	13	14	15	16	17	18	19	20
1	2	3	4	5	6	7	8	9	10	11	12	13	14	15	16	17	18	19	20
1	2	3	4	5	6	7	8	9	10	11	12	13	14	15	16	17	18	19	20
1	2	3	4	5	6	7	8	9	10	11	12	13	14	15	16	17	18	19	20
1	2	3	4	5	6	7	8	9	10	11	12	13	14	15	16	17	18	19	20
1	2	3	4	5	6	7	8	9	10	11	12	13	14	15	16	17	18	19	20
1	2	3	4	5	6	7	8	9	10	11	12	13	14	15	16	17	18	19	20
1	2	3	4	5	6	7	8	9	10	11	12	13	14	15	16	17	18	19	20
1	2	3	4	5	6	7	8	9	10	11	12	13	14	15	16	17	18	19	20
1	2	3	4	5	6	7	8	9	10	11	12	13	14	15	16	17	18	19	20
1	2	3	4	5	6	7	8	9	10	11	12	13	14	15	16	17	18	19	20
1	2	3	4	5	6	7	8	9	10	11	12	13	14	15	16	17	18	19	20
1	2	3	4	5	6	7	8	9	10	11	12	13	14	15	16	17	18	19	20
