50	20
94.2	81.2	15.7	95.4	40.0	33.2	78.3	40.3	15.4	38.8	34.3	69.2	98.0	78.0	16.9	87.6	10.2	89.6	5.3	70.0
44.4	88.6	59.2	19.0	64.0	16.5	69.1	71.1	95.8	18.9	84.7	37.5	54.7	51.7	61.8	27.8	30.5	25.6	80.8	34.0
39.3	68.1	57.9	11.1	69.8	70.1	40.0	94.5	22.8	18.0	68.5	18.4	91.3	31.0	21.4	69.9	42.6	77.5	57.0	13.0
74.6	33.3	32.4	76.6	38.5	29.9	86.8	50.1	25.5	84.9	21.4	88.8	60.8	50.0	92.2	66.0	52.4	75.3	97.7	75.9
18.6	76.2	61.0	36.6	67.6	21.7	35.0	56.0	57.2	33.0	66.5	11.6	63.5	84.7	80.3	90.0	55.9	97.8	19.5	45.0
4.2	30.6	83.4	91.2	22.2	32.2	71.4	7.3	15.8	31.1	94.2	83.8	93.3	50.1	50.1	67.4	93.1	69.7	10.6	91.7
13.0	88.7	69.3	98.9	10.2	82.6	10.7	91.5	40.7	52.0	12.5	26.6	38.5	85.8	49.0	6.9	7.8	69.9	32.1	99.4
52.3	53.4	19.7	74.7	73.6	97.6	75.9	92.6	57.4	27.7	23.5	96.7	98.4	86.5	93.8	98.9	47.1	93.2	35.2	38.5
47.9	72.6	34.3	58.8	98.8	32.6	90.6	37.3	61.5	77.4	63.2	23.5	60.6	5.6	37.0	15.0	88.9	34.5	3.0	73.4
42.0	84.7	58.9	16.5	16.1	11.3	87.9	91.9	12.3	21.1	42.9	65.7	13.0	46.1	89.0	31.0	11.6	61.3	30.4	73.4
70.7	27.0	47.6	24.9	27.2	68.9	71.9	84.6	56.6	95.5	93.9	17.4	91.6	41.5	72.0	95.4	67.7	25.7	51.0	94.3
97.3	97.5	88.6	52.0	89.2	42.8	89.1	98.1	87.1	15.9	80.6	47.8	39.2	91.3	42.3	68.8	33.9	59.5	1.1	24.2
48.5	81.2	25.5	31.9	65.1	0.1	96.8	19.2	86.1	20.0	65.5	68.0	99.8	32.6	9.1	21.5	84.8	3.0	15.9	63.0
43.8	84.0	22.2	94.9	71.0	42.3	5.6	25.1	65.6	93.4	82.8	5.5	52.5	77.5	82.5	33.6	63.9	47.7	6.9	26.3
18.7	71.8	48.2	44.3	22.5	12.5	47.7	25.7	57.1	60.0	86.6	34.4	7.6	0.5	12.0	29.5	88.9	36.6	75.0	60.2
6.6	14.2	85.1	79.0	29.9	29.8	65.5	12.7	73.9	99.5	8.2	18.8	4.4	67.2	44.9	33.6	65.8	67.0	94.6	73.2
51.6	1.7	3.4	26.7	13.9	52.5	70.7	88.6	9.8	65.7	86.2	79.1	58.8	11.5	33.5	8.4	93.2	92.7	40.1	41.1
84.2	28.5	27.3	92.4	92.1	80.6	33.7	9.7	75.2	33.6	73.6	9.3	1.8	54.9	93.0	78.0	53.0	69.4	21.1	36.8
76.4	29.6	58.4	35.9	23.1	91.6	15.1	95.9	82.3	59.4	52.9	20.9	91.2	95.3	6.7	96.6	16.4	56.0	55.1	26.2
40.5	23.1	2.9	16.5	7.2	31.2	15.9	3.2	54.8	16.9	74.3	48.6	12.2	42.8	88.0	18.9	89.3	88.1	92.3	87.8
16.5	31.0	71.4	12.0	72.2	89.9	7.9	46.7	11.8	31.4	25.2	7.9	9.8	28.9	19.0	86.3	26.2	24.8	49.6	65.2
18.3	57.6	74.4	61.6	23.7	45.0	12.2	35.2	93.5	78.6	50.3	19.8	87.8	82.9	19.1	47.6	32.1	75.6	61.6	43.1
39.1	89.6	48.9	27.7	69.5	98.6	35.5	96.7	2.5	92.0	96.7	65.6	64.3	21.2	79.5	90.9	38.4	65.5	77.0	63.3
88.6	71.3	16.9	10.3	9.4	95.0	64.1	31.2	78.3	80.5	24.6	92.9	12.2	16.6	39.6	91.7	42.6	96.3	88.8	73.3
72.1	70.6	85.9	52.2	41.5	69.4	0.2	14.1	27.0	74.6	33.1	62.6	59.7	62.0	52.9	71.8	30.0	3.1	12.8	49.0
40.7	8.6	14.5	64.1	79.9	25.7	78.7	19.6	40.2	0.3	64.5	81.9	69.4	0.6	18.6	81.2	41.1	68.5	37.1	8.4
51.3	52.5	4.6	65.4	56.7	28.5	11.2	9.9	88.4	66.0	75.9	42.2	40.8	99.9	41.9	55.0	59.0	70.5	56.0	83.8
5.4	46.4	98.1	94.6	83.7	40.2	30.3	27.6	26.6	28.8	66.0	90.2	68.2	94.3	99.9	50.9	54.2	85.1	99.6	14.6
67.8	74.4	11.2	15.8	46.8	97.9	37.1	86.2	30.0	13.2	23.1	0.2	62.4	94.1	53.9	96.1	51.2	1.6	78.1	72.0
82.3	10.0	64.3	68.8	8.9	19.8	54.0	53.8	59.0	23.5	74.7	0.9	84.6	16.2	68.9	5.8	38.4	68.8	55.8	37.5
96.5	25.8	82.2	31.8	74.5	47.0	20.9	39.4	32.7	48.0	52.5	64.2	71.4	45.3	45.7	36.7	8.5	76.1	24.6	68.6
65.6	23.0	3.0	47.8	86.4	47.2	80.0	54.7	12.5	6.7	24.8	4.1	40.3	2.0	50.0	34.2	30.1	5.3	73.6	17.2
5.4	1.6	67.4	3.4	51.2	61.7	13.2	96.4	36.7	2.7	63.9	74.8	69.4	78.0	60.8	59.5	36.8	56.9	29.0	74.2
36.8	19.6	56.9	60.5	16.0	90.8	41.0	73.8	3.9	58.0	95.6	76.3	0.0	57.9	54.0	2.9	78.4	86.2	34.3	46.3
41.3	12.2	50.3	69.1	97.0	49.1	79.6	5.5	91.8	1.6	46.4	97.3	54.4	77.8	96.1	41.0	44.0	46.4	66.5	67.2
52.1	76.4	47.9	97.4	57.5	49.9	22.3	50.9	53.9	18.4	76.0	87.3	7.1	18.7	11.3	6.6	66.9	98.1	29.8	93.4
76.1	46.0	84.1	43.8	14.7	71.8	72.7	84.1	76.9	65.8	36.5	20.8	88.3	59.3	46.0	33.8	88.0	83.7	18.5	31.7
37.4	43.8	35.7	97.1	81.6	24.6	70.1	40.3	81.5	60.8	100.0	34.2	38.6	80.4	43.3	25.5	18.1	35.5	41.9	4.0
48.0	94.3	70.8	39.8	26.2	70.2	18.4	7.7	22.4	92.1	84.6	53.2	27.1	84.0	95.0	50.4	93.7	75.7	34.1	31.9
99.1	21.0	80.0	49.5	15.5	63.4	55.6	25.9	68.8	34.6	45.7	85.8	12.2	60.0	72.8	31.8	71.2	70.9	68.0	73.3
76.8	91.2	14.6	73.3	20.5	93.2	91.6	6.8	88.3	56.0	33.1	73.7	28.2	75.4	25.4	56.4	32.7	47.3	0.3	90.1
87.3	6.8	78.8	13.6	32.2	5.5	39.9	40.8	7.2	53.2	22.0	25.7	97.5	88.8	89.7	50.7	38.2	48.4	4.6	27.4
33.7	83.2	59.2	92.0	83.0	30.0	23.7	16.7	11.6	35.1	2.8	21.7	84.3	48.0	67.1	76.7	3.9	63.9	32.7	1.8
70.1	94.8	35.0	58.0	89.0	27.4	31.7	27.3	91.6	51.9	64.5	86.6	62.1	87.2	11.0	99.4	29.8	48.3	8.5	42.8
32.1	23.8	18.6	92.4	19.2	59.8	94.9	24.0	63.6	0.9	32.0	1.1	41.6	73.4	87.1	99.9	25.3	67.3	6.8	12.7
52.7	20.9	19.2	87.9	45.0	32.0	6.1	86.3	85.4	35.3	46.2	15.7	94.2	21.4	16.2	90.9	79.2	91.2	41.7	77.0
40.9	18.7	53.4	31.8	64.1	30.7	51.8	70.7	50.9	46.4	64.1	79.0	85.4	75.6	0.3	44.8	86.3	2.0	80.5	5.1
0.1	36.3	23.5	72.8	79.9	41.1	81.7	18.3	75.0	18.4	96.5	54.6	66.0	46.0	87.8	5.0	79.4	31.2	80.9	51.9
56.4	78.5	5.3	83.9	80.0	24.5	54.0	38.8	90.8	56.6	14.3	39.4	16.6	96.7	18.5	84.6	0.3	83.5	97.9	26.4
100.0	46.9	33.7	69.5	7.7	92.1	21.0	71.4	8.6	8.2	7.2	16.7	97.4	47.6	55.5	74.7	54.6	45.1	17.0	52.8
1	2	3	4	5	6	7	8	9	10	11	12	13	14	15	16	17	18	19	20
1	2	3	4	5	6	7	8	9	10	11	12	13	14	15	16	17	18	19	20
1	2	3	4	5	6	7	8	9	10	11	12	13	14	15	16	17	18	19	20
1	2	3	4	5	6	7	8	9	10	11	12	13	14	15	16	17	18	19	20
1	2	3	4	5	6	7	8	9	10	11	12	13	14	15	16	17	18	19	20
1	2	3	4	5	6	7	8	9	10	11	12	13	14	15	16	17	18	19	20
1	2	3	4	5	6	7	8	9	10	11	12	13	14	15	16	17	18	19	20
1	2	3	4	5	6	7	8	9	10	11	12	13	14	15	16	17	18	19	20
1	2	3	4	5	6	7	8	9	10	11	12	13	14	15	16	17	18	19	20
1	2	3	4	5	6	7	8	9	10	11	12	13	14	15	16	17	18	19	20
1	2	3	4	5	6	7	8	9	10	11	12	13	14	15	16	17	18	19	20
1	2	3	4	5	6	7	8	9	10	11	12	13	14	15	16	17	18	19	20
1	2	3	4	5	6	7	8	9	10	11	12	13	14	15	16	17	18	19	20
1	2	3	4	5	6	7	8	9	10	11	12	13	14	15	16	17	18	19	20
1	2	3	4	5	6	7	8	9	10	11	12	13	14	15	16	17	18	19	20
1	2	3	4	5	6	7	8	9	10	11	12	13	14	15	16	17	18	19	20
1	2	3	4	5	6	7	8	9	10	11	12	13	14	15	16	17	18	19	20
1	2	3	4	5	6	7	8	9	10	11	12	13	14	15	16	17	18	19	20
1	2	3	4	5	6	7	8	9	10	11	12	13	14	15	16	17	18	19	20
1	2	3	4	5	6	7	8	9	10	11	12	13	14	15	16	17	18	19	20
1	2	3	4	5	6	7	8	9	10	11	12	13	14	15	16	17	18	19	20
1	2	3	4	5	6	7	8	9	10	11	12	13	14	15	16	17	18	19	20
1	2	3	4	5	6	7	8	9	10	11	12	13	14	15	16	17	18	19	20
1	2	3	4	5	6	7	8	9	10	11	12	13	14	15	16	17	18	19	20
1	2	3	4	5	6	7	8	9	10	11	12	13	14	15	16	17	18	19	20
1	2	3	4	5	6	7	8	9	10	11	12	13	14	15	16	17	18	19	20
1	2	3	4	5	6	7	8	9	10	11	12	13	14	15	16	17	18	19	20
1	2	3	4	5	6	7	8	9	10	11	12	13	14	15	16	17	18	19	20
1	2	3	4	5	6	7	8	9	10	11	12	13	14	15	16	17	18	19	20
1	2	3	4	5	6	7	8	9	10	11	12	13	14	15	16	17	18	19	20
1	2	3	4	5	6	7	8	9	10	11	12	13	14	15	16	17	18	19	20
1	2	3	4	5	6	7	8	9	10	11	12	13	14	15	16	17	18	19	20
1	2	3	4	5	6	7	8	9	10	11	12	13	14	15	16	17	18	19	20
1	2	3	4	5	6	7	8	9	10	11	12	13	14	15	16	17	18	19	20
1	2	3	4	5	6	7	8	9	10	11	12	13	14	15	16	17	18	19	20
1	2	3	4	5	6	7	8	9	10	11	12	13	14	15	16	17	18	19	20
1	2	3	4	5	6	7	8	9	10	11	12	13	14	15	16	17	18	19	20
1	2	3	4	5	6	7	8	9	10	11	12	13	14	15	16	17	18	19	20
1	2	3	4	5	6	7	8	9	10	11	12	13	14	15	16	17	18	19	20
1	2	3	4	5	6	7	8	9	10	11	12	13	14	15	16	17	18	19	20
1	2	3	4	5	6	7	8	9	10	11	12	13	14	15	16	17	18	19	20
1	2	3	4	5	6	7	8	9	10	11	12	13	14	15	16	17	18	19	20
1	2	3	4	5	6	7	8	9	10	11	12	13	14	15	16	17	18	19	20
1	2	3	4	5	6	7	8	9	10	11	12	13	14	15	16	17	18	19	20
1	2	3	4	5	6	7	8	9	10	11	12	13	14	15	16	17	18	19	20
1	2	3	4	5	6	7	8	9	10	11	12	13	14	15	16	17	18	19	20
1	2	3	4	5	6	7	8	9	10	11	12	13	14	15	16	17	18	19	20
1	2	3	4	5	6	7	8	9	10	11	12	13	14	15	16	17	18	19	20
1	2	3	4	5	6	7	8	9	10	11	12	13	14	15	16	17	18	19	20
1	2	3	4	5	6	7	8	9	10	11	12	13	14	15	16	17	18	19	20
