50	20
25.0	59.6	8.4	14.6	46.2	22.9	31.7	13.0	44.7	40.3	83.7	68.7	13.6	49.3	47.7	29.0	17.2	83.0	14.7	87.8
88.9	48.4	3.6	24.9	2.5	55.1	53.3	30.2	40.1	88.8	47.2	97.8	42.7	19.9	3.6	6.3	56.6	98.4	3.7	20.9
44.5	50.3	89.7	60.6	0.9	58.9	72.8	47.8	15.5	28.3	70.8	97.2	31.7	78.7	9.6	85.9	30.6	72.3	98.4	82.6
71.7	0.1	17.6	75.1	6.1	88.7	27.4	63.6	75.1	3.5	81.5	77.3	30.5	94.8	33.0	84.8	2.0	38.9	58.7	14.5
75.7	15.5	78.1	8.1	52.5	72.4	65.6	46.2	25.3	67.7	66.2	93.5	18.9	5.9	59.4	71.6	23.6	82.6	79.6	5.3
32.7	36.7	67.2	68.7	91.6	42.3	17.2	18.1	87.8	29.8	8.3	35.1	2.5	20.2	61.4	8.6	79.6	87.0	48.8	24.1
4.3	34.7	38.0	93.7	98.9	69.7	93.7	84.4	88.3	38.4	39.0	8.8	91.5	34.3	6.4	66.7	45.1	41.9	89.5	79.5
53.6	85.1	39.1	87.5	75.3	76.7	24.1	57.7	86.2	28.9	42.8	26.1	15.2	28.2	97.6	55.9	57.7	28.9	25.0	0.0
88.7	39.4	25.7	34.6	65.4	10.8	19.2	45.5	95.1	1.2	29.6	7.0	46.3	87.7	62.3	68.8	14.6	95.6	99.8	39.2
85.7	47.5	86.7	70.4	83.0	66.0	43.8	69.0	67.8	59.4	81.3	55.6	99.4	96.6	12.0	11.6	28.8	3.5	60.1	14.6
3.6	36.2	36.0	21.1	62.6	49.1	5.8	61.3	69.7	98.2	0.2	96.2	27.6	1.5	78.6	5.0	57.2	31.5	79.7	7.5
51.7	79.9	91.7	2.1	98.2	86.6	16.9	40.1	31.0	7.3	40.1	49.4	77.3	41.0	93.4	11.3	96.7	6.4	99.2	51.0
43.9	69.8	19.5	22.7	81.8	36.6	41.6	50.7	5.6	93.0	23.5	4.6	50.5	81.7	59.8	67.8	99.0	77.8	45.5	34.2
98.7	61.9	94.5	29.1	63.7	7.2	14.0	83.6	99.8	44.7	97.9	42.5	36.9	94.8	77.6	72.7	32.7	73.6	73.1	85.9
92.0	93.4	71.1	26.5	99.9	94.7	75.1	73.8	18.0	42.5	65.9	16.7	60.0	50.3	81.0	31.1	58.8	15.4	97.7	49.8
18.6	62.5	14.0	14.8	57.7	58.5	78.1	3.5	34.2	20.7	74.0	23.8	29.2	98.3	95.8	30.5	52.0	60.4	77.7	42.7
39.8	89.5	49.2	6.2	36.0	40.3	31.5	35.5	66.9	45.1	6.6	34.7	92.6	99.7	71.8	71.7	32.5	60.0	42.0	79.6
81.3	80.4	41.0	34.2	80.4	12.6	70.3	87.8	24.8	31.7	46.9	25.8	56.0	34.9	64.4	84.4	16.3	14.2	4.8	10.1
67.4	83.0	10.4	43.5	49.3	73.0	19.6	18.8	21.5	13.2	29.5	54.5	5.4	25.9	33.3	50.5	52.5	74.7	7.8	13.1
30.5	8.0	3.6	85.6	10.2	37.2	38.7	32.7	53.0	83.6	68.5	42.5	91.1	15.5	52.8	45.3	85.1	70.2	32.9	38.2
23.9	75.2	93.9	3.8	70.0	19.9	41.3	19.8	83.0	45.0	26.2	83.7	41.2	55.0	88.2	5.5	98.0	0.9	72.7	51.9
54.8	57.6	29.6	41.7	71.2	26.2	79.1	44.5	93.6	79.2	18.9	13.3	8.7	87.4	72.7	97.3	72.3	45.8	10.6	28.1
1.8	60.3	4.9	88.4	75.8	41.6	28.7	71.0	93.9	6.4	57.8	15.8	95.5	25.4	26.0	63.8	70.4	63.0	2.7	56.5
17.1	4.5	75.5	0.8	3.8	44.9	34.9	73.3	62.6	25.7	89.8	27.6	55.9	29.0	29.0	25.3	65.7	57.6	14.3	51.3
0.3	17.1	93.2	20.1	4.1	94.2	59.5	82.2	47.8	77.8	78.2	48.7	59.7	42.8	93.2	14.1	4.1	11.8	49.8	11.6
72.4	67.1	96.3	72.3	33.8	40.7	70.4	3.2	3.9	8.4	47.1	83.6	79.8	89.5	18.6	50.8	17.5	12.8	65.6	44.0
33.1	62.0	42.6	41.7	20.6	97.7	0.7	40.4	8.1	44.7	18.1	84.6	80.4	45.1	55.2	22.4	48.0	97.0	95.5	58.2
61.5	30.0	59.3	55.8	97.5	20.4	27.9	32.6	69.9	68.8	41.6	77.9	26.2	21.2	0.2	52.0	59.3	5.7	66.8	28.7
42.8	26.0	2.1	31.6	100.0	77.5	36.9	28.3	52.9	24.4	40.3	2.5	17.9	34.1	17.1	9.7	5.0	60.6	11.1	6.1
12.9	64.9	53.0	6.1	91.6	95.2	99.9	28.0	72.7	12.0	95.2	7.7	18.0	40.1	64.0	21.6	24.0	15.6	99.8	30.2
34.9	38.4	43.7	46.1	93.1	23.9	99.9	8.7	23.5	29.4	7.4	37.9	87.2	33.0	60.4	6.2	52.1	65.5	34.3	99.9
93.7	74.3	91.2	7.8	78.4	12.1	54.0	86.6	63.7	84.6	1.4	17.4	86.3	6.3	71.0	87.3	97.5	23.5	3.1	45.4
46.7	36.5	43.0	12.3	74.6	2.6	5.7	40.3	92.9	14.7	93.1	94.7	84.7	65.0	20.7	25.3	37.1	33.6	74.2	83.0
42.8	67.1	4.6	88.5	65.9	56.9	8.4	84.9	3.6	82.6	69.4	11.8	2.0	75.2	43.1	87.3	26.1	49.7	86.3	97.2
23.3	79.0	95.6	44.2	59.1	56.8	62.3	27.0	50.9	59.9	74.2	59.8	46.4	98.8	53.6	50.9	67.3	87.5	16.2	82.6
80.7	28.3	44.8	90.6	79.6	64.3	97.6	48.1	28.0	39.0	14.7	79.0	1.3	1.0	69.4	1.0	5.1	8.4	27.9	55.0
8.5	39.9	11.8	62.5	29.7	45.5	24.7	4.0	97.9	57.2	99.5	78.0	77.2	50.0	67.6	20.4	92.1	71.9	18.1	74.0
28.9	70.2	98.9	70.2	89.7	55.9	87.2	20.3	53.6	29.7	5.1	25.3	1.9	22.6	75.8	46.8	72.3	57.5	0.7	58.6
63.7	52.9	69.2	74.0	83.2	69.2	65.5	97.5	52.7	30.2	25.0	64.7	38.9	32.3	94.6	85.1	26.1	67.4	0.9	14.0
47.6	40.9	4.9	69.2	25.7	18.8	67.9	98.2	52.8	21.7	60.3	19.8	79.3	64.2	52.8	53.1	95.4	5.8	89.7	51.2
0.0	79.7	11.2	83.1	77.8	43.8	6.7	66.9	4.4	34.0	50.3	12.7	35.2	39.4	16.4	60.7	20.7	35.4	44.2	78.9
25.6	54.2	90.5	71.5	34.5	93.0	84.7	14.2	94.9	34.7	8.4	57.6	29.7	84.9	28.7	27.5	0.7	68.7	11.6	21.0
39.9	62.4	94.4	57.8	30.3	74.5	88.5	13.8	18.0	61.5	9.8	97.1	76.8	72.2	2.3	74.4	96.0	34.9	76.0	34.9
75.4	34.7	24.9	48.4	4.5	6.0	35.3	38.2	96.4	1.3	91.2	35.0	2.3	4.0	64.2	5.1	77.5	99.9	20.6	2.5
20.1	23.3	85.9	79.6	63.1	41.5	94.8	71.6	18.8	65.3	0.8	86.6	79.9	94.5	38.2	0.8	18.9	37.7	65.7	96.1
25.6	29.5	0.4	7.3	26.2	73.1	62.7	35.6	12.2	99.3	77.9	82.8	78.9	49.0	37.1	28.5	25.6	24.7	99.1	41.0
85.2	53.8	23.2	27.2	17.2	34.1	82.6	36.9	75.8	57.8	29.4	16.8	87.1	53.3	27.8	32.6	78.5	16.8	93.7	35.9
90.8	17.0	58.3	85.0	13.7	63.7	9.4	61.5	99.8	77.4	58.6	40.8	63.9	52.9	83.0	3.6	24.9	32.6	18.8	23.6
57.4	56.5	42.1	76.6	9.9	8.1	84.2	0.1	70.4	0.7	32.6	35.8	35.3	66.9	19.5	70.3	93.6	77.4	79.9	57.9
84.1	39.2	39.3	6.0	77.1	33.3	64.1	43.9	68.6	46.9	37.8	64.1	48.3	84.0	2.4	94.3	52.9	26.3	30.0	82.4
1	2	3	4	5	6	7	8	9	10	11	12	13	14	15	16	17	18	19	20
1	2	3	4	5	6	7	8	9	10	11	12	13	14	15	16	17	18	19	20
1	2	3	4	5	6	7	8	9	10	11	12	13	14	15	16	17	18	19	20
1	2	3	4	5	6	7	8	9	10	11	12	13	14	15	16	17	18	19	20
1	2	3	4	5	6	7	8	9	10	11	12	13	14	15	16	17	18	19	20
1	2	3	4	5	6	7	8	9	10	11	12	13	14	15	16	17	18	19	20
1	2	3	4	5	6	7	8	9	10	11	12	13	14	15	16	17	18	19	20
1	2	3	4	5	6	7	8	9	10	11	12	13	14	15	16	17	18	19	20
1	2	3	4	5	6	7	8	9	10	11	12	13	14	15	16	17	18	19	20
1	2	3	4	5	6	7	8	9	10	11	12	13	14	15	16	17	18	19	20
1	2	3	4	5	6	7	8	9	10	11	12	13	14	15	16	17	18	19	20
1	2	3	4	5	6	7	8	9	10	11	12	13	14	15	16	17	18	19	20
1	2	3	4	5	6	7	8	9	10	11	12	13	14	15	16	17	18	19	20
1	2	3	4	5	6	7	8	9	10	11	12	13	14	15	16	17	18	19	20
1	2	3	4	5	6	7	8	9	10	11	12	13	14	15	16	17	18	19	20
1	2	3	4	5	6	7	8	9	10	11	12	13	14	15	16	17	18	19	20
1	2	3	4	5	6	7	8	9	10	11	12	13	14	15	16	17	18	19	20
1	2	3	4	5	6	7	8	9	10	11	12	13	14	15	16	17	18	19	20
1	2	3	4	5	6	7	8	9	10	11	12	13	14	15	16	17	18	19	20
1	2	3	4	5	6	7	8	9	10	11	12	13	14	15	16	17	18	19	20
1	2	3	4	5	6	7	8	9	10	11	12	13	14	15	16	17	18	19	20
1	2	3	4	5	6	7	8	9	10	11	12	13	14	15	16	17	18	19	20
1	2	3	4	5	6	7	8	9	10	11	12	13	14	15	16	17	18	19	20
1	2	3	4	5	6	7	8	9	10	11	12	13	14	15	16	17	18	19	20
1	2	3	4	5	6	7	8	9	10	11	12	13	14	15	16	17	18	19	20
1	2	3	4	5	6	7	8	9	10	11	12	13	14	15	16	17	18	19	20
1	2	3	4	5	6	7	8	9	10	11	12	13	14	15	16	17	18	19	20
1	2	3	4	5	6	7	8	9	10	11	12	13	14	15	16	17	18	19	20
1	2	3	4	5	6	7	8	9	10	11	12	13	14	15	16	17	18	19	20
1	2	3	4	5	6	7	8	9	10	11	12	13	14	15	16	17	18	19	20
1	2	3	4	5	6	7	8	9	10	11	12	13	14	15	16	17	18	19	20
1	2	3	4	5	6	7	8	9	10	11	12	13	14	15	16	17	18	19	20
1	2	3	4	5	6	7	8	9	10	11	12	13	14	15	16	17	18	19	20
1	2	3	4	5	6	7	8	9	10	11	12	13	14	15	16	17	18	19	20
1	2	3	4	5	6	7	8	9	10	11	12	13	14	15	16	17	18	19	20
1	2	3	4	5	6	7	8	9	10	11	12	13	14	15	16	17	18	19	20
1	2	3	4	5	6	7	8	9	10	11	12	13	14	15	16	17	18	19	20
1	2	3	4	5	6	7	8	9	10	11	12	13	14	15	16	17	18	19	20
1	2	3	4	5	6	7	8	9	10	11	12	13	14	15	16	17	18	19	20
1	2	3	4	5	6	7	8	9	10	11	12	13	14	15	16	17	18	19	20
1	2	3	4	5	6	7	8	9	10	11	12	13	14	15	16	17	18	19	20
1	2	3	4	5	6	7	8	9	10	11	12	13	14	15	16	17	18	19	20
1	2	3	4	5	6	7	8	9	10	11	12	13	14	15	16	17	18	19	20
1	2	3	4	5	6	7	8	9	10	11	12	13	14	15	16	17	18	19	20
1	2	3	4	5	6	7	8	9	10	11	12	13	14	15	16	17	18	19	20
1	2	3	4	5	6	7	8	9	10	11	12	13	14	15	16	17	18	19	20
1	2	3	4	5	6	7	8	9	10	11	12	13	14	15	16	17	18	19	20
1	2	3	4	5	6	7	8	9	10	11	12	13	14	15	16	17	18	19	20
1	2	3	4	5	6	7	8	9	10	11	12	13	14	15	16	17	18	19	20
1	2	3	4	5	6	7	8	9	10	11	12	13	14	15	16	17	18	19	20
