25	20
92.8	80.0	55.8	78.1	85.8	92.6	56.3	11.3	31.0	52.7	96.3	59.3	57.2	6.5	80.9	4.3	0.7	39.3	61.0	84.0
98.2	92.2	8.1	88.3	35.8	89.5	60.6	24.5	37.3	74.4	28.3	24.1	24.2	92.8	21.5	27.5	36.2	47.2	50.1	43.5
20.7	18.8	59.4	84.2	38.5	82.0	28.9	73.9	5.7	68.2	18.4	39.5	70.3	6.8	50.3	75.9	5.8	52.3	62.5	29.6
87.3	69.7	91.0	14.7	4.8	35.2	46.2	57.3	26.1	87.0	75.3	43.2	1.8	17.6	60.7	43.0	62.6	36.0	9.6	73.0
20.5	91.5	96.3	29.0	90.2	51.6	86.0	81.5	85.9	56.6	11.0	86.9	42.0	18.0	29.3	21.5	72.5	17.5	81.6	55.3
22.2	81.4	29.3	38.6	57.5	34.9	87.1	14.2	11.2	54.2	34.5	85.6	10.3	85.2	71.3	62.8	40.9	94.8	4.9	50.3
15.5	97.3	54.0	7.6	57.7	36.6	95.9	56.6	92.1	34.3	62.6	35.4	40.6	8.5	76.5	86.5	89.2	40.0	52.5	3.6
84.7	25.8	56.1	17.9	76.4	48.2	87.5	24.4	49.0	93.6	79.2	84.3	61.9	25.5	18.8	84.4	75.5	31.0	78.3	87.4
67.9	72.9	53.9	84.6	43.1	39.6	92.7	81.4	95.8	47.7	50.8	6.2	19.5	40.8	18.7	16.3	49.6	96.6	80.5	21.3
4.8	58.4	88.1	22.3	89.7	75.1	42.7	6.2	82.9	62.4	37.9	48.8	65.4	89.5	52.0	96.1	9.7	72.2	51.5	82.0
20.4	74.9	63.2	36.3	12.4	81.1	90.9	70.7	53.2	91.5	23.6	17.3	71.3	93.7	2.3	25.9	87.9	32.4	76.1	75.7
61.3	0.3	15.1	78.7	63.0	35.2	44.2	53.0	85.8	94.9	24.0	85.1	72.6	37.6	58.8	40.3	56.1	81.8	38.8	6.4
30.7	29.8	54.2	34.3	52.4	71.5	3.9	71.9	60.0	92.0	72.9	52.6	97.0	40.9	16.4	52.2	67.3	93.0	62.0	23.8
50.0	11.1	15.1	54.1	86.4	13.6	90.4	61.4	28.1	27.5	63.5	58.4	12.7	55.3	39.2	29.2	33.8	61.4	3.0	54.3
16.9	78.3	63.0	21.4	18.1	63.1	95.0	92.6	29.6	54.4	90.7	1.6	73.6	79.0	4.8	95.5	0.2	49.3	71.7	77.1
42.1	43.5	36.5	47.7	55.7	80.4	98.8	97.5	53.0	63.2	84.9	70.1	28.7	99.7	85.5	95.2	39.7	22.0	55.7	97.8
97.7	87.8	25.2	47.4	58.6	69.7	13.4	34.6	99.6	32.8	68.1	1.8	92.3	51.4	30.5	92.8	84.7	42.0	91.3	35.0
51.2	81.8	7.7	83.4	17.9	73.8	68.4	98.2	70.2	73.5	28.5	1.0	15.1	41.9	38.6	55.4	0.4	99.3	64.8	24.2
90.2	85.3	23.3	92.6	3.1	26.3	86.8	6.5	28.5	7.8	80.5	30.9	38.6	35.7	49.8	80.1	7.4	75.7	82.5	91.8
72.3	28.4	56.0	69.8	87.8	20.2	68.2	79.4	43.8	69.5	47.0	70.3	68.1	58.0	63.0	83.0	63.8	3.0	47.3	70.6
8.4	50.7	68.7	68.2	40.8	65.3	10.7	78.7	64.1	37.3	47.2	56.8	27.7	5.6	69.1	49.5	78.3	19.5	49.7	63.1
53.5	10.4	66.3	39.1	27.2	83.9	7.5	24.8	21.8	35.2	58.0	32.5	67.6	70.0	89.3	8.0	45.1	78.1	26.9	0.7
33.6	23.1	26.6	70.0	88.6	51.9	24.7	70.1	54.5	58.8	9.9	59.0	55.4	20.9	37.5	87.4	82.7	59.8	90.4	25.5
31.8	67.8	42.3	20.8	75.0	41.1	1.5	51.7	20.9	14.6	69.5	72.9	34.2	66.0	15.6	7.3	20.5	2.9	79.1	44.8
97.9	64.1	5.2	78.6	50.8	20.6	4.5	68.2	11.6	35.5	83.7	25.8	54.0	39.4	45.6	66.1	71.9	17.2	25.7	84.2
1	2	3	4	5	6	7	8	9	10	11	12	13	14	15	16	17	18	19	20
1	2	3	4	5	6	7	8	9	10	11	12	13	14	15	16	17	18	19	20
1	2	3	4	5	6	7	8	9	10	11	12	13	14	15	16	17	18	19	20
1	2	3	4	5	6	7	8	9	10	11	12	13	14	15	16	17	18	19	20
1	2	3	4	5	6	7	8	9	10	11	12	13	14	15	16	17	18	19	20
1	2	3	4	5	6	7	8	9	10	11	12	13	14	15	16	17	18	19	20
1	2	3	4	5	6	7	8	9	10	11	12	13	14	15	16	17	18	19	20
1	2	3	4	5	6	7	8	9	10	11	12	13	14	15	16	17	18	19	20
1	2	3	4	5	6	7	8	9	10	11	12	13	14	15	16	17	18	19	20
1	2	3	4	5	6	7	8	9	10	11	12	13	14	15	16	17	18	19	20
1	2	3	4	5	6	7	8	9	10	11	12	13	14	15	16	17	18	19	20
1	2	3	4	5	6	7	8	9	10	11	12	13	14	15	16	17	18	19	20
1	2	3	4	5	6	7	8	9	10	11	12	13	14	15	16	17	18	19	20
1	2	3	4	5	6	7	8	9	10	11	12	13	14	15	16	17	18	19	20
1	2	3	4	5	6	7	8	9	10	11	12	13	14	15	16	17	18	19	20
1	2	3	4	5	6	7	8	9	10	11	12	13	14	15	16	17	18	19	20
1	2	3	4	5	6	7	8	9	10	11	12	13	14	15	16	17	18	19	20
1	2	3	4	5	6	7	8	9	10	11	12	13	14	15	16	17	18	19	20
1	2	3	4	5	6	7	8	9	10	11	12	13	14	15	16	17	18	19	20
1	2	3	4	5	6	7	8	9	10	11	12	13	14	15	16	17	18	19	20
1	2	3	4	5	6	7	8	9	10	11	12	13	14	15	16	17	18	19	20
1	2	3	4	5	6	7	8	9	10	11	12	13	14	15	16	17	18	19	20
1	2	3	4	5	6	7	8	9	10	11	12	13	14	15	16	17	18	19	20
1	2	3	4	5	6	7	8	9	10	11	12	13	14	15	16	17	18	19	20
1	2	3	4	5	6	7	8	9	10	11	12	13	14	15	16	17	18	19	20
