25	15
54.2	85.7	52.4	97.8	38.4	34.8	39.9	72.6	3.7	58.1	82.8	22.5	15.7	47.1	7.3
68.6	18.1	30.9	23.1	69.3	1.3	23.7	71.2	78.2	51.4	20.9	20.1	26.6	77.2	20.5
33.0	12.0	63.3	60.4	40.1	6.6	67.2	24.5	73.4	63.8	81.2	26.0	50.2	96.3	38.4
5.0	67.5	59.1	12.0	48.1	86.3	26.9	43.4	62.1	41.6	18.1	86.2	68.4	12.8	82.0
26.3	87.4	73.7	22.9	86.5	71.7	97.2	65.8	77.4	56.3	57.9	67.5	45.4	53.7	29.6
24.4	13.6	69.4	15.2	35.7	66.6	51.1	3.9	64.6	48.2	63.4	66.8	79.2	64.8	95.0
24.6	32.7	98.8	75.5	6.3	43.8	81.5	3.5	57.3	96.5	12.5	11.3	30.5	31.0	93.1
98.0	78.3	54.8	29.2	68.4	13.2	59.2	56.9	33.3	66.0	71.1	64.1	71.2	68.8	29.1
50.4	78.7	46.1	44.3	7.6	5.1	6.6	76.4	30.8	26.9	18.7	83.6	96.4	5.5	47.9
13.5	46.4	0.4	67.2	95.1	0.4	48.7	0.3	47.6	45.9	13.0	48.2	74.6	59.5	36.8
56.0	10.8	24.5	15.4	97.0	29.8	31.4	61.1	95.8	22.0	95.3	59.7	70.5	11.0	69.2
96.9	62.0	80.8	5.7	70.9	5.1	15.8	74.9	92.0	3.1	87.3	93.5	27.1	96.0	55.2
91.2	20.3	53.2	28.8	65.1	72.2	78.3	63.7	5.7	83.5	35.2	31.8	38.5	84.1	28.3
66.8	60.0	34.8	92.0	37.1	91.0	34.9	41.7	49.5	30.4	54.2	96.8	64.2	60.9	87.6
31.6	8.0	28.9	38.6	6.0	1.1	88.4	15.5	38.7	84.3	88.6	1.8	18.9	76.0	82.1
20.8	88.8	6.4	70.9	27.1	14.5	45.9	96.1	83.8	28.0	77.9	81.5	53.2	21.6	83.6
91.4	71.4	2.5	44.7	77.3	23.7	0.9	67.0	55.4	68.7	5.4	9.5	10.0	77.4	65.8
16.6	78.1	33.6	76.4	65.3	65.5	54.8	43.3	25.9	21.3	6.6	75.5	96.1	44.5	33.3
21.0	70.9	18.9	51.5	68.5	48.2	96.2	43.4	74.6	3.1	46.5	47.2	3.3	44.8	67.2
69.8	42.6	59.6	16.9	73.8	1.8	33.2	76.6	19.3	41.6	52.8	47.0	25.7	60.9	58.5
96.4	77.6	16.1	72.4	70.8	70.1	60.3	57.3	36.9	91.4	82.8	43.9	79.2	34.9	44.3
54.4	38.8	45.9	17.8	90.9	33.6	15.5	90.6	23.2	34.6	40.9	50.4	73.6	96.5	93.1
67.7	5.2	65.4	87.9	8.7	15.6	31.3	74.7	87.1	50.9	76.6	46.1	46.5	62.5	19.2
69.7	38.6	39.4	46.3	51.2	28.5	79.2	19.8	47.7	3.1	37.9	44.8	95.0	98.2	60.2
44.9	39.5	70.9	49.8	71.8	71.4	13.6	18.0	39.8	17.5	38.8	97.6	12.2	32.3	43.9
1	2	3	4	5	6	7	8	9	10	11	12	13	14	15
1	2	3	4	5	6	7	8	9	10	11	12	13	14	15
1	2	3	4	5	6	7	8	9	10	11	12	13	14	15
1	2	3	4	5	6	7	8	9	10	11	12	13	14	15
1	2	3	4	5	6	7	8	9	10	11	12	13	14	15
1	2	3	4	5	6	7	8	9	10	11	12	13	14	15
1	2	3	4	5	6	7	8	9	10	11	12	13	14	15
1	2	3	4	5	6	7	8	9	10	11	12	13	14	15
1	2	3	4	5	6	7	8	9	10	11	12	13	14	15
1	2	3	4	5	6	7	8	9	10	11	12	13	14	15
1	2	3	4	5	6	7	8	9	10	11	12	13	14	15
1	2	3	4	5	6	7	8	9	10	11	12	13	14	15
1	2	3	4	5	6	7	8	9	10	11	12	13	14	15
1	2	3	4	5	6	7	8	9	10	11	12	13	14	15
1	2	3	4	5	6	7	8	9	10	11	12	13	14	15
1	2	3	4	5	6	7	8	9	10	11	12	13	14	15
1	2	3	4	5	6	7	8	9	10	11	12	13	14	15
1	2	3	4	5	6	7	8	9	10	11	12	13	14	15
1	2	3	4	5	6	7	8	9	10	11	12	13	14	15
1	2	3	4	5	6	7	8	9	10	11	12	13	14	15
1	2	3	4	5	6	7	8	9	10	11	12	13	14	15
1	2	3	4	5	6	7	8	9	10	11	12	13	14	15
1	2	3	4	5	6	7	8	9	10	11	12	13	14	15
1	2	3	4	5	6	7	8	9	10	11	12	13	14	15
1	2	3	4	5	6	7	8	9	10	11	12	13	14	15
