100	15
57.0	41.5	86.2	8.5	56.8	78.1	73.3	50.2	62.2	77.1	30.5	80.1	53.9	52.5	74.5
26.7	53.9	89.9	99.6	24.4	80.4	42.2	72.1	26.8	87.0	53.6	74.7	96.7	19.5	61.2
8.0	14.5	87.2	34.0	63.4	1.4	17.4	96.6	25.1	13.8	39.9	6.8	11.9	26.3	7.9
52.9	23.3	30.7	4.0	46.6	35.6	4.2	35.4	73.5	44.8	81.9	13.5	36.1	71.9	69.2
80.5	79.7	62.2	42.8	12.4	3.0	83.1	1.0	51.2	80.4	52.4	15.7	72.5	86.5	53.2
22.9	24.0	90.8	94.2	58.8	2.4	3.0	97.9	27.0	21.7	93.7	0.4	42.1	5.9	83.7
63.6	53.5	59.0	99.8	91.6	26.8	33.8	17.2	15.8	89.3	76.1	28.5	16.6	86.0	42.5
30.0	79.4	0.0	98.9	62.5	21.2	49.6	49.9	42.8	47.2	44.9	21.9	46.0	86.8	74.8
28.3	57.3	67.5	27.7	87.7	63.0	81.2	46.6	16.3	93.0	8.5	49.4	60.1	72.7	28.5
41.5	94.8	30.4	93.5	20.4	4.6	24.5	67.6	69.5	1.1	43.0	70.9	27.4	9.3	47.3
67.0	86.9	87.7	5.1	15.7	81.4	11.9	81.4	73.1	19.4	64.9	6.7	46.7	64.2	97.5
25.8	84.2	66.5	17.4	94.0	92.7	17.4	21.0	33.0	24.5	82.1	82.5	59.1	12.1	88.8
34.7	65.8	63.4	20.7	75.8	55.9	69.4	88.2	46.1	60.5	41.9	25.4	80.0	60.5	95.9
71.0	52.4	31.4	0.0	24.7	31.3	70.7	87.7	31.9	51.4	61.7	99.7	24.2	41.9	46.5
68.4	10.5	73.7	71.0	80.9	93.2	73.3	47.8	78.2	73.2	92.3	33.4	8.1	29.4	84.9
24.4	7.1	64.4	79.6	69.7	55.2	23.2	57.9	54.4	52.6	91.8	74.4	65.0	9.3	96.7
96.3	71.3	84.1	89.5	52.5	21.6	27.6	12.0	94.4	54.2	80.6	88.0	1.6	93.0	86.8
91.4	52.3	13.7	8.3	49.3	35.0	26.0	29.1	3.6	6.2	31.0	28.6	13.6	30.5	7.3
68.4	48.0	44.3	22.6	61.9	69.6	9.1	68.6	93.3	52.8	94.1	14.1	4.3	23.5	86.3
93.3	30.0	71.7	80.0	68.5	92.3	76.6	7.4	79.7	55.0	72.9	64.4	51.0	70.4	65.6
68.8	71.0	56.8	67.7	66.8	54.0	3.2	16.7	81.9	13.6	27.7	97.1	52.2	86.2	86.9
17.7	95.3	40.5	58.9	48.3	48.6	15.4	69.1	81.4	6.9	43.4	30.4	40.7	10.1	2.2
28.5	94.8	13.4	62.7	100.0	83.5	46.9	3.8	83.0	79.6	47.3	84.9	81.3	5.1	5.3
47.4	74.8	27.6	48.6	86.6	71.6	95.0	9.0	26.8	6.1	63.2	56.1	1.1	76.6	8.5
31.4	40.8	48.6	21.1	35.8	21.0	62.3	54.0	55.5	68.1	51.5	17.5	82.9	93.6	87.6
29.3	32.4	21.9	37.8	15.6	97.8	44.1	79.3	65.0	61.3	43.9	23.4	53.9	1.3	69.5
14.0	34.5	41.1	82.2	71.5	31.0	70.3	19.6	54.9	88.3	91.8	77.3	95.6	43.1	61.5
52.7	37.4	51.7	97.4	75.9	28.4	5.2	75.8	97.9	28.8	42.2	8.0	65.6	18.5	20.6
51.1	13.6	48.2	14.5	64.2	59.8	79.9	45.6	94.7	14.1	23.8	36.6	83.5	55.1	86.4
20.7	78.0	82.5	71.9	76.4	59.5	56.3	69.7	34.0	58.6	0.9	70.8	73.4	38.7	15.2
31.0	28.5	16.9	67.7	8.0	66.2	11.4	2.3	72.2	57.7	87.0	24.5	88.9	13.7	15.2
15.9	35.6	26.7	58.1	93.9	33.2	62.5	77.0	62.6	34.6	9.9	3.5	50.7	59.4	90.9
14.9	9.3	28.2	79.1	79.5	4.5	18.8	17.0	28.4	37.1	88.9	65.1	96.0	15.8	28.4
32.6	17.3	70.0	56.0	57.4	78.4	15.5	68.2	30.7	75.0	36.1	80.8	58.0	74.7	88.3
39.5	55.4	0.4	12.1	59.7	92.3	54.0	76.8	46.5	1.3	20.5	17.4	7.4	97.9	65.3
42.6	65.3	44.4	41.4	2.3	55.2	85.5	58.7	88.1	43.5	72.3	62.0	16.6	66.3	6.3
52.1	87.5	48.9	66.0	38.0	12.5	29.7	40.8	12.6	29.9	72.0	43.7	83.6	18.9	30.5
37.4	4.3	54.1	42.0	85.5	21.4	9.4	82.6	54.3	80.7	8.8	49.4	90.7	18.2	27.2
64.4	5.8	7.2	90.9	22.0	67.2	68.4	16.7	73.1	54.5	27.8	68.3	57.7	48.3	9.2
88.6	82.7	36.9	0.8	63.8	19.2	97.3	67.0	52.5	85.3	59.1	68.1	8.9	68.0	83.5
79.0	2.1	24.4	24.5	58.0	44.6	36.9	96.0	67.4	88.7	27.1	23.9	22.4	12.4	67.0
49.2	31.1	76.5	37.6	17.5	20.5	28.8	91.5	30.8	19.0	52.1	41.1	17.0	68.3	88.0
23.0	18.1	37.5	29.6	42.7	21.3	44.4	33.5	94.9	8.7	98.3	76.2	53.2	74.8	57.3
52.2	57.6	32.1	45.0	71.9	84.5	49.1	18.6	69.0	37.3	52.4	54.8	28.8	58.2	69.5
52.1	98.8	26.4	37.5	6.6	76.9	54.7	32.3	97.3	43.9	76.6	5.2	69.2	74.7	17.9
35.9	89.8	50.8	26.0	59.0	22.9	13.4	87.0	38.5	46.3	11.3	23.7	22.6	27.4	36.5
73.0	89.9	55.8	44.2	37.2	99.4	76.5	43.3	70.1	78.2	92.1	66.4	87.1	44.2	46.6
97.8	22.7	58.8	71.6	60.6	48.0	4.5	69.8	38.7	80.1	79.8	81.7	24.6	23.5	12.1
22.1	86.1	94.3	39.5	27.9	68.7	70.9	100.0	86.7	12.2	1.5	56.2	18.0	52.7	15.3
8.9	82.9	18.6	99.5	18.8	2.1	17.3	87.3	74.2	36.7	91.9	55.8	36.8	40.8	8.0
12.4	4.2	53.7	27.7	32.7	55.9	57.1	30.7	76.2	84.6	72.1	95.2	85.9	95.3	7.3
4.6	60.3	39.4	23.1	18.3	53.0	64.4	59.2	61.4	61.3	29.1	34.6	28.0	59.9	87.4
82.9	69.1	72.9	74.2	10.7	43.6	3.4	3.6	74.3	84.1	99.6	43.5	62.0	43.9	57.8
90.8	97.0	33.1	93.4	31.5	92.6	35.9	43.0	0.2	37.8	51.5	10.5	3.3	47.7	11.6
81.7	59.0	66.5	57.4	0.7	54.9	64.9	57.2	17.4	28.0	85.0	21.9	21.8	85.2	36.4
78.2	92.4	92.1	69.9	26.1	19.2	56.5	69.5	65.7	59.4	9.1	99.3	28.8	42.5	67.9
38.1	18.0	61.4	21.6	94.1	91.4	67.8	41.9	4.1	77.2	39.6	31.7	40.8	50.1	46.7
37.7	98.8	14.3	81.1	15.3	36.6	29.9	22.6	27.7	89.2	59.9	27.6	58.9	81.0	14.8
44.4	33.5	61.8	76.5	64.6	46.2	99.1	38.2	85.2	73.1	47.2	48.4	94.2	98.9	38.0
17.1	24.7	81.6	12.8	57.3	67.7	86.2	7.1	11.1	98.4	29.0	56.3	7.8	51.5	69.1
47.3	23.9	47.2	52.1	31.6	96.1	56.3	88.1	87.3	88.8	27.0	99.9	99.6	66.3	54.3
28.7	61.3	54.0	17.8	16.9	11.9	55.5	96.6	77.0	42.7	57.5	58.8	59.1	81.2	13.2
89.5	26.5	17.4	42.7	95.3	48.9	44.1	80.5	12.3	87.2	34.5	76.2	90.5	14.1	59.2
12.9	19.9	70.2	69.2	90.3	97.1	59.2	57.1	77.7	36.0	50.5	58.2	56.9	72.5	49.5
9.3	59.6	44.0	54.8	59.1	7.6	4.3	65.4	47.2	71.2	88.2	28.5	12.5	35.8	97.7
27.1	6.9	40.3	50.4	35.0	29.3	84.9	20.0	75.0	16.4	12.9	85.3	56.0	53.1	71.3
16.7	20.3	85.8	68.4	43.2	33.0	73.4	91.4	68.5	85.7	4.3	37.2	51.7	17.8	43.2
89.0	22.1	46.8	21.5	54.3	58.0	68.9	77.6	53.8	48.8	25.6	43.2	6.9	65.2	39.9
72.3	48.9	76.7	42.4	21.4	22.7	17.1	76.7	26.0	27.4	17.1	95.5	10.5	63.8	91.1
80.2	31.8	79.1	65.5	90.5	7.4	65.9	90.4	77.3	91.0	47.0	85.0	71.3	50.0	25.7
62.5	55.9	83.3	80.7	58.1	48.2	4.7	88.9	68.5	0.8	12.9	57.4	43.6	49.1	9.6
91.8	94.2	6.7	55.9	71.5	50.8	35.8	6.8	72.2	72.8	49.4	7.8	22.3	91.1	99.2
56.7	16.4	28.0	82.3	15.7	31.3	74.4	71.9	85.9	95.7	4.6	20.1	58.3	21.7	45.5
3.1	43.9	35.8	29.7	39.7	49.1	71.8	9.6	13.0	10.3	10.7	76.2	61.1	39.0	78.3
64.4	65.6	30.7	78.9	2.4	49.5	42.5	31.1	32.0	96.4	45.0	16.8	99.0	59.6	23.6
45.8	4.7	85.8	62.9	78.9	35.4	71.5	30.5	53.6	75.1	3.4	42.8	37.2	93.0	95.4
31.4	47.9	27.4	23.8	23.7	69.3	95.1	39.8	79.1	78.5	97.9	85.3	29.3	15.3	39.0
24.4	34.4	95.1	99.1	36.0	24.6	66.2	0.9	84.2	54.2	36.9	92.6	10.0	27.1	85.5
64.7	96.2	1.6	64.0	78.4	39.7	67.0	24.7	17.8	91.6	71.6	32.0	90.6	14.1	85.1
76.0	29.3	50.4	35.7	67.7	87.4	21.2	30.3	59.4	66.5	84.9	39.9	73.5	35.6	92.5
93.8	46.0	54.4	28.6	71.4	41.6	60.1	27.7	97.8	68.6	74.6	53.6	45.8	1.9	82.5
94.8	72.5	5.2	21.2	93.6	48.4	10.8	65.5	64.5	92.1	72.4	9.3	48.1	74.2	73.1
14.4	59.8	93.4	58.6	80.4	88.0	36.0	25.0	41.9	26.3	25.8	19.1	49.8	31.5	49.6
41.1	12.9	56.5	92.5	72.3	8.5	19.5	1.4	87.8	80.9	65.4	55.6	82.1	56.9	46.1
12.7	23.6	96.4	46.3	17.1	5.9	49.6	80.7	58.0	30.3	94.0	35.1	37.6	71.1	22.7
94.3	79.4	48.4	38.1	63.6	5.2	85.5	35.9	55.1	25.7	90.1	49.9	10.5	48.2	43.9
63.9	40.9	67.1	63.1	35.2	76.5	56.7	18.0	48.1	33.8	20.8	8.7	76.0	10.1	33.6
38.3	87.2	62.2	21.9	87.1	41.0	18.5	91.8	27.5	88.3	52.1	100.0	86.4	9.4	90.5
66.7	75.5	48.8	85.0	42.9	57.6	27.4	98.9	44.4	33.0	91.6	41.3	71.0	15.7	94.1
4.6	49.8	54.3	21.0	99.2	2.3	87.9	87.3	91.4	10.0	17.4	0.5	10.4	77.0	40.9
53.3	98.7	97.2	54.5	10.1	37.4	55.7	80.1	79.0	30.3	20.2	86.4	68.0	22.3	88.2
27.1	14.8	84.5	6.3	6.9	53.8	93.1	64.8	96.4	8.6	69.4	30.8	77.4	10.7	33.2
11.5	85.3	45.3	83.1	58.9	62.3	52.2	24.3	52.2	84.6	9.4	71.6	5.9	35.6	66.6
85.1	49.7	49.4	51.2	52.5	45.8	46.7	18.5	7.3	81.7	19.8	74.6	30.6	11.1	20.2
16.3	74.0	10.1	65.2	71.8	67.3	13.4	49.9	3.2	33.7	38.6	3.9	39.1	9.4	46.6
1.9	26.6	77.2	20.1	49.1	33.7	79.4	51.8	34.5	16.2	59.2	49.9	22.8	26.0	13.8
34.1	20.0	67.9	22.1	57.4	32.8	76.4	48.4	65.6	47.1	74.3	52.0	1.8	16.5	12.9
25.7	63.7	98.4	59.7	90.9	20.7	50.2	32.4	31.7	72.8	92.5	21.2	80.4	29.4	98.2
7.5	34.0	43.2	78.3	34.4	87.9	89.3	80.2	95.7	39.3	85.7	42.4	46.9	95.9	73.8
87.8	18.9	9.6	10.6	25.0	68.5	91.5	99.1	94.9	79.0	46.2	1.2	77.7	35.6	36.7
1	2	3	4	5	6	7	8	9	10	11	12	13	14	15
1	2	3	4	5	6	7	8	9	10	11	12	13	14	15
1	2	3	4	5	6	7	8	9	10	11	12	13	14	15
1	2	3	4	5	6	7	8	9	10	11	12	13	14	15
1	2	3	4	5	6	7	8	9	10	11	12	13	14	15
1	2	3	4	5	6	7	8	9	10	11	12	13	14	15
1	2	3	4	5	6	7	8	9	10	11	12	13	14	15
1	2	3	4	5	6	7	8	9	10	11	12	13	14	15
1	2	3	4	5	6	7	8	9	10	11	12	13	14	15
1	2	3	4	5	6	7	8	9	10	11	12	13	14	15
1	2	3	4	5	6	7	8	9	10	11	12	13	14	15
1	2	3	4	5	6	7	8	9	10	11	12	13	14	15
1	2	3	4	5	6	7	8	9	10	11	12	13	14	15
1	2	3	4	5	6	7	8	9	10	11	12	13	14	15
1	2	3	4	5	6	7	8	9	10	11	12	13	14	15
1	2	3	4	5	6	7	8	9	10	11	12	13	14	15
1	2	3	4	5	6	7	8	9	10	11	12	13	14	15
1	2	3	4	5	6	7	8	9	10	11	12	13	14	15
1	2	3	4	5	6	7	8	9	10	11	12	13	14	15
1	2	3	4	5	6	7	8	9	10	11	12	13	14	15
1	2	3	4	5	6	7	8	9	10	11	12	13	14	15
1	2	3	4	5	6	7	8	9	10	11	12	13	14	15
1	2	3	4	5	6	7	8	9	10	11	12	13	14	15
1	2	3	4	5	6	7	8	9	10	11	12	13	14	15
1	2	3	4	5	6	7	8	9	10	11	12	13	14	15
1	2	3	4	5	6	7	8	9	10	11	12	13	14	15
1	2	3	4	5	6	7	8	9	10	11	12	13	14	15
1	2	3	4	5	6	7	8	9	10	11	12	13	14	15
1	2	3	4	5	6	7	8	9	10	11	12	13	14	15
1	2	3	4	5	6	7	8	9	10	11	12	13	14	15
1	2	3	4	5	6	7	8	9	10	11	12	13	14	15
1	2	3	4	5	6	7	8	9	10	11	12	13	14	15
1	2	3	4	5	6	7	8	9	10	11	12	13	14	15
1	2	3	4	5	6	7	8	9	10	11	12	13	14	15
1	2	3	4	5	6	7	8	9	10	11	12	13	14	15
1	2	3	4	5	6	7	8	9	10	11	12	13	14	15
1	2	3	4	5	6	7	8	9	10	11	12	13	14	15
1	2	3	4	5	6	7	8	9	10	11	12	13	14	15
1	2	3	4	5	6	7	8	9	10	11	12	13	14	15
1	2	3	4	5	6	7	8	9	10	11	12	13	14	15
1	2	3	4	5	6	7	8	9	10	11	12	13	14	15
1	2	3	4	5	6	7	8	9	10	11	12	13	14	15
1	2	3	4	5	6	7	8	9	10	11	12	13	14	15
1	2	3	4	5	6	7	8	9	10	11	12	13	14	15
1	2	3	4	5	6	7	8	9	10	11	12	13	14	15
1	2	3	4	5	6	7	8	9	10	11	12	13	14	15
1	2	3	4	5	6	7	8	9	10	11	12	13	14	15
1	2	3	4	5	6	7	8	9	10	11	12	13	14	15
1	2	3	4	5	6	7	8	9	10	11	12	13	14	15
1	2	3	4	5	6	7	8	9	10	11	12	13	14	15
1	2	3	4	5	6	7	8	9	10	11	12	13	14	15
1	2	3	4	5	6	7	8	9	10	11	12	13	14	15
1	2	3	4	5	6	7	8	9	10	11	12	13	14	15
1	2	3	4	5	6	7	8	9	10	11	12	13	14	15
1	2	3	4	5	6	7	8	9	10	11	12	13	14	15
1	2	3	4	5	6	7	8	9	10	11	12	13	14	15
1	2	3	4	5	6	7	8	9	10	11	12	13	14	15
1	2	3	4	5	6	7	8	9	10	11	12	13	14	15
1	2	3	4	5	6	7	8	9	10	11	12	13	14	15
1	2	3	4	5	6	7	8	9	10	11	12	13	14	15
1	2	3	4	5	6	7	8	9	10	11	12	13	14	15
1	2	3	4	5	6	7	8	9	10	11	12	13	14	15
1	2	3	4	5	6	7	8	9	10	11	12	13	14	15
1	2	3	4	5	6	7	8	9	10	11	12	13	14	15
1	2	3	4	5	6	7	8	9	10	11	12	13	14	15
1	2	3	4	5	6	7	8	9	10	11	12	13	14	15
1	2	3	4	5	6	7	8	9	10	11	12	13	14	15
1	2	3	4	5	6	7	8	9	10	11	12	13	14	15
1	2	3	4	5	6	7	8	9	10	11	12	13	14	15
1	2	3	4	5	6	7	8	9	10	11	12	13	14	15
1	2	3	4	5	6	7	8	9	10	11	12	13	14	15
1	2	3	4	5	6	7	8	9	10	11	12	13	14	15
1	2	3	4	5	6	7	8	9	10	11	12	13	14	15
1	2	3	4	5	6	7	8	9	10	11	12	13	14	15
1	2	3	4	5	6	7	8	9	10	11	12	13	14	15
1	2	3	4	5	6	7	8	9	10	11	12	13	14	15
1	2	3	4	5	6	7	8	9	10	11	12	13	14	15
1	2	3	4	5	6	7	8	9	10	11	12	13	14	15
1	2	3	4	5	6	7	8	9	10	11	12	13	14	15
1	2	3	4	5	6	7	8	9	10	11	12	13	14	15
1	2	3	4	5	6	7	8	9	10	11	12	13	14	15
1	2	3	4	5	6	7	8	9	10	11	12	13	14	15
1	2	3	4	5	6	7	8	9	10	11	12	13	14	15
1	2	3	4	5	6	7	8	9	10	11	12	13	14	15
1	2	3	4	5	6	7	8	9	10	11	12	13	14	15
1	2	3	4	5	6	7	8	9	10	11	12	13	14	15
1	2	3	4	5	6	7	8	9	10	11	12	13	14	15
1	2	3	4	5	6	7	8	9	10	11	12	13	14	15
1	2	3	4	5	6	7	8	9	10	11	12	13	14	15
1	2	3	4	5	6	7	8	9	10	11	12	13	14	15
1	2	3	4	5	6	7	8	9	10	11	12	13	14	15
1	2	3	4	5	6	7	8	9	10	11	12	13	14	15
1	2	3	4	5	6	7	8	9	10	11	12	13	14	15
1	2	3	4	5	6	7	8	9	10	11	12	13	14	15
1	2	3	4	5	6	7	8	9	10	11	12	13	14	15
1	2	3	4	5	6	7	8	9	10	11	12	13	14	15
1	2	3	4	5	6	7	8	9	10	11	12	13	14	15
1	2	3	4	5	6	7	8	9	10	11	12	13	14	15
1	2	3	4	5	6	7	8	9	10	11	12	13	14	15
1	2	3	4	5	6	7	8	9	10	11	12	13	14	15
