100	15
93.6	58.2	8.6	79.8	62.7	79.2	65.4	66.2	63.7	66.4	47.7	40.5	41.1	24.8	37.1
89.8	42.9	23.5	95.3	52.1	51.0	61.9	77.6	79.2	91.3	64.3	73.5	46.7	9.2	63.1
93.4	30.6	73.5	83.2	44.4	75.9	5.0	83.5	89.3	54.2	78.5	61.1	74.2	55.5	56.7
35.2	91.8	70.6	61.5	74.0	72.8	90.1	33.7	81.2	15.7	91.2	56.0	41.6	67.4	63.7
99.3	32.0	94.5	18.8	88.6	83.6	91.2	55.5	6.5	30.0	55.4	59.9	88.9	70.9	41.5
71.9	4.9	89.8	74.3	70.2	1.7	74.4	11.1	83.1	1.7	5.2	37.9	13.8	28.9	67.8
46.6	9.2	97.5	12.1	62.4	56.4	52.5	79.6	88.9	72.8	62.7	85.1	56.4	63.1	28.2
96.2	1.2	7.1	94.1	58.6	40.1	88.4	18.1	54.9	92.3	61.1	64.5	66.9	39.9	49.9
80.8	95.7	70.9	78.4	55.7	38.5	8.4	49.8	33.3	63.4	45.7	20.1	71.8	71.1	49.9
81.5	17.2	81.1	64.0	33.4	68.8	51.4	33.1	39.1	94.0	38.9	3.2	39.7	63.5	66.3
70.0	43.4	57.8	80.3	15.4	79.5	14.5	20.4	34.9	84.3	71.7	72.7	92.6	29.5	88.5
58.9	28.1	15.2	42.8	11.2	20.4	98.8	25.4	79.9	60.3	46.2	90.4	49.2	45.5	36.9
86.7	16.1	11.2	80.8	67.5	38.1	58.4	23.1	30.2	5.8	96.9	65.8	90.9	38.8	70.8
61.4	9.3	89.9	50.5	77.9	88.4	90.5	35.7	84.8	48.0	40.9	18.2	47.5	56.8	22.7
75.4	46.8	59.2	91.1	69.7	75.6	63.9	71.0	88.0	48.2	87.5	87.5	47.6	37.7	35.9
19.7	69.2	3.1	22.1	37.3	45.8	24.6	16.4	18.5	80.6	48.5	36.9	70.4	8.3	79.3
6.3	10.0	67.0	78.6	70.8	81.2	7.5	33.7	45.3	2.7	8.9	66.8	56.4	91.4	11.4
67.1	87.6	52.9	55.2	75.4	49.0	43.4	17.6	60.9	92.5	7.4	93.1	57.5	59.1	43.2
95.3	87.6	15.9	8.2	86.2	93.8	8.7	57.0	50.5	80.5	85.5	74.7	8.7	15.0	49.6
86.4	34.6	98.7	68.6	71.0	90.0	21.6	36.1	60.8	3.8	83.8	63.7	77.5	2.9	9.9
40.0	72.8	63.1	22.5	50.9	32.2	56.9	41.5	37.9	45.9	67.8	82.9	77.0	81.5	59.1
8.1	12.9	33.1	8.4	19.9	0.1	14.0	65.0	20.8	95.7	92.5	54.9	25.0	73.9	13.7
55.0	7.7	67.2	5.8	94.8	87.2	13.4	33.6	9.0	96.5	62.3	18.1	56.5	50.1	16.0
24.1	57.7	86.6	66.0	64.1	66.5	87.2	98.1	51.2	15.9	87.1	20.6	82.0	39.1	54.9
60.6	11.9	47.2	65.9	53.1	27.9	95.5	83.9	52.1	92.5	72.7	20.0	16.0	28.1	8.3
83.8	30.5	35.1	97.0	64.8	51.7	67.6	21.5	69.8	70.2	86.2	11.2	62.5	38.4	33.5
2.8	64.1	21.8	61.2	23.3	83.7	43.2	84.5	2.4	32.1	21.3	37.1	64.0	95.7	16.0
90.5	30.6	61.5	53.2	71.8	20.0	20.0	17.3	66.0	63.8	89.3	30.9	2.5	9.3	31.4
87.0	2.3	24.0	96.9	34.2	90.7	84.6	70.1	51.3	47.4	73.3	76.0	83.8	9.9	43.4
63.3	36.5	23.6	89.4	25.8	43.9	82.9	21.4	41.2	85.1	31.1	66.9	25.0	28.9	37.0
63.3	30.3	42.5	62.8	59.8	63.8	27.6	92.2	76.3	18.6	80.6	83.4	82.5	86.9	55.1
70.9	95.2	26.4	35.3	74.1	99.2	0.9	45.5	44.4	24.8	44.0	71.6	95.2	12.8	7.4
2.5	19.1	57.2	69.8	12.6	57.3	66.1	82.2	31.4	17.5	95.9	90.2	30.5	75.0	97.5
66.0	66.3	51.4	58.1	87.8	65.6	26.7	2.6	5.7	10.9	22.5	56.9	23.6	69.9	57.1
64.8	94.4	60.6	88.5	59.8	71.0	32.2	22.7	30.4	8.2	37.2	16.4	0.3	16.0	3.6
17.1	17.5	5.9	79.7	33.4	13.5	71.3	56.8	30.2	59.8	67.8	54.0	7.7	30.9	95.9
97.2	66.3	12.2	39.7	1.9	83.2	27.9	55.4	99.7	62.3	69.2	6.7	68.4	93.1	92.9
21.4	87.4	5.4	88.3	63.4	94.7	68.9	46.4	11.3	13.1	47.9	16.5	50.5	28.6	77.6
15.7	76.5	62.0	29.6	92.8	59.2	15.2	7.4	94.6	25.6	74.9	26.9	54.4	95.5	74.6
3.8	87.9	74.5	38.9	34.0	49.6	11.5	8.8	58.5	59.8	90.8	77.2	0.6	25.7	53.7
61.3	19.1	58.8	19.7	28.2	21.9	65.0	44.7	29.5	66.7	13.1	6.2	56.4	39.7	62.3
82.8	47.6	46.7	49.6	37.6	6.8	84.1	97.3	53.1	31.8	51.8	33.2	40.0	99.5	21.2
77.9	40.7	94.3	32.3	35.2	40.6	6.0	7.9	33.5	18.8	88.5	29.2	28.9	63.8	14.4
52.4	3.4	11.8	50.9	30.5	29.3	99.5	26.5	34.1	39.2	27.0	25.3	3.2	82.9	91.4
59.1	77.4	9.9	31.6	35.5	54.6	53.8	7.3	9.2	78.9	23.1	29.1	50.5	91.0	79.4
24.0	36.8	54.9	17.8	96.3	75.5	8.7	81.8	68.8	14.1	65.0	1.4	22.0	22.5	61.7
22.0	62.3	9.6	25.7	58.8	61.7	38.9	42.5	38.5	32.7	37.3	81.1	98.8	85.2	29.4
4.1	20.4	18.4	3.4	21.7	15.1	61.5	14.3	77.4	60.9	60.3	92.7	87.7	60.0	76.4
10.6	1.9	32.5	16.7	73.7	62.0	16.0	18.5	61.9	27.3	5.4	66.1	60.2	15.0	38.2
42.1	31.8	75.2	70.8	10.7	5.5	72.0	24.6	57.5	95.3	84.7	78.9	79.5	65.7	20.2
7.0	38.8	57.7	60.9	66.7	98.7	82.8	37.3	17.3	81.6	18.3	42.7	49.5	18.5	3.6
60.9	64.1	62.9	65.0	48.8	45.4	22.5	73.5	24.6	2.3	45.9	9.4	89.2	61.9	61.6
93.4	16.2	57.0	18.4	46.8	83.0	58.2	67.5	46.8	59.1	75.6	71.2	38.4	91.5	96.9
14.1	88.0	65.3	64.5	62.6	91.0	52.8	95.6	98.7	86.5	85.7	22.7	78.9	78.0	28.4
41.6	49.9	64.4	87.9	80.3	27.4	69.6	41.3	93.5	59.5	17.8	47.5	53.5	65.9	89.5
47.9	20.9	19.0	52.9	90.5	76.5	30.6	4.7	4.6	61.0	97.4	21.5	12.2	47.5	98.0
88.3	5.1	13.2	37.0	49.4	34.0	1.3	39.9	26.9	96.6	82.2	68.2	15.6	97.8	59.7
34.7	52.8	42.1	17.3	31.6	80.8	98.4	74.8	54.7	44.3	31.9	72.7	38.5	20.9	27.2
91.0	65.8	11.8	72.0	12.6	41.6	27.7	2.2	27.8	92.2	67.5	49.0	72.6	95.6	69.7
72.6	14.4	3.4	10.6	9.6	52.4	86.3	72.3	44.4	34.8	26.9	84.4	56.0	51.8	22.8
29.5	31.5	42.2	22.0	7.6	92.2	66.3	75.0	49.1	62.6	29.1	75.6	2.6	93.4	35.6
83.4	54.9	32.7	13.8	93.5	54.7	74.2	16.0	17.4	63.3	31.7	36.3	76.6	59.0	50.0
94.0	67.8	29.3	43.6	6.6	17.7	16.4	67.6	73.3	2.4	90.9	57.9	24.8	96.1	50.1
39.6	55.6	84.4	71.8	55.1	20.2	1.9	58.5	70.4	44.9	80.7	55.8	44.2	98.1	65.2
97.7	53.2	86.4	38.7	6.9	96.0	51.4	16.1	62.8	17.3	13.5	50.8	1.8	31.4	57.6
61.3	92.6	25.6	17.5	24.2	7.5	33.6	83.4	22.2	74.0	92.2	39.3	77.8	66.2	2.9
12.8	72.7	28.2	94.9	75.2	82.7	78.6	58.0	42.7	76.0	4.3	97.0	60.9	47.6	29.6
16.7	81.5	31.8	98.4	91.0	86.7	5.9	96.4	46.2	33.1	1.6	34.4	74.0	78.3	6.8
75.4	52.3	56.7	15.4	99.3	32.2	13.0	22.5	98.0	43.0	8.7	91.2	55.7	35.9	56.2
9.3	54.6	76.2	76.2	30.2	24.1	83.7	47.9	93.6	86.5	52.2	96.0	51.2	21.1	35.0
71.1	39.6	5.0	92.9	12.9	39.0	36.9	96.4	87.0	1.4	51.3	29.6	75.7	87.1	40.0
54.9	81.3	17.7	24.6	4.0	63.6	60.6	25.0	32.7	39.5	64.7	25.1	10.7	76.4	92.7
92.3	44.8	38.7	73.1	2.6	58.4	21.7	32.7	14.8	48.9	89.0	15.2	85.2	25.7	71.3
80.2	7.2	37.9	40.7	1.0	80.6	40.1	99.4	67.9	12.0	19.4	88.0	32.0	67.7	18.7
16.2	33.0	28.4	88.4	48.0	51.9	70.0	99.0	4.6	91.3	48.8	47.1	36.1	24.4	89.9
68.1	88.0	14.9	8.4	8.1	9.9	41.0	28.3	65.9	23.1	68.7	28.3	48.2	89.3	68.7
3.0	62.1	79.1	87.9	43.3	40.3	11.0	64.1	36.5	0.9	51.1	50.4	99.8	26.8	96.9
61.5	29.3	85.8	52.1	11.1	67.0	21.3	43.2	94.4	56.5	96.8	41.9	38.4	43.0	18.6
68.5	0.0	61.6	92.0	81.4	40.6	77.7	62.5	56.3	64.2	43.5	25.6	6.1	90.6	62.0
55.8	91.3	54.5	42.6	47.9	77.7	71.8	56.1	12.7	10.1	61.5	95.5	14.4	27.0	49.4
28.6	15.1	19.8	17.4	11.6	93.9	71.8	23.2	30.2	33.1	67.8	46.6	16.3	13.7	16.6
87.6	62.7	7.0	13.3	58.8	72.4	8.6	80.9	43.2	4.8	92.8	46.3	91.0	47.7	96.0
7.5	70.3	36.9	74.3	85.3	49.9	55.7	21.8	40.6	51.1	52.4	84.2	89.4	63.6	0.3
79.0	76.9	10.6	95.1	45.2	89.8	50.1	18.3	97.9	14.0	97.1	65.4	70.2	14.1	28.0
95.5	0.7	65.2	52.3	56.6	8.4	74.1	84.1	47.9	7.8	82.1	71.2	29.4	8.5	64.4
52.9	40.3	97.6	69.1	8.0	2.4	14.4	90.3	22.9	78.3	60.1	82.5	10.6	38.2	56.6
34.5	98.6	95.4	37.4	94.5	82.0	16.4	81.7	44.0	74.0	18.6	47.9	46.1	44.3	75.4
20.7	96.7	76.9	38.3	19.6	90.8	75.1	0.7	27.2	32.8	57.7	15.7	38.9	12.7	97.6
93.1	83.4	51.6	10.9	63.7	60.4	13.3	80.8	88.8	1.8	26.1	4.6	88.9	0.6	79.8
89.0	93.0	0.6	15.6	32.1	18.8	33.3	94.9	67.5	50.8	98.5	26.5	47.1	50.5	85.5
12.4	58.1	17.3	55.5	77.3	56.6	68.0	42.9	57.8	56.3	7.6	69.5	31.6	25.4	36.7
9.5	28.3	39.9	13.0	99.2	10.6	27.9	75.3	71.8	36.4	77.5	27.7	24.6	60.2	58.7
21.7	18.3	22.1	52.2	32.0	59.0	87.0	77.1	42.7	59.0	58.4	52.1	12.6	3.7	7.5
74.1	42.3	97.1	91.8	61.7	23.7	95.4	16.4	78.5	83.3	79.6	23.5	79.0	19.5	76.2
42.5	46.0	7.6	31.6	68.0	60.5	8.7	4.2	45.1	81.3	76.7	85.1	12.4	5.2	82.6
73.0	47.5	91.9	1.6	63.1	53.3	20.5	54.3	7.5	36.0	69.1	57.4	78.0	55.0	89.2
5.5	31.2	86.4	78.3	53.8	7.3	37.0	62.4	27.2	94.2	53.6	42.0	31.7	95.5	59.0
30.0	80.7	0.5	41.2	45.9	64.8	12.0	2.7	13.0	59.1	75.9	1.9	90.6	59.3	97.6
59.8	91.0	51.3	91.5	94.2	69.0	37.4	13.9	8.9	4.9	86.7	50.7	63.6	28.7	31.1
41.0	97.7	10.9	92.9	65.9	80.6	30.0	18.4	84.8	99.1	7.1	56.6	59.4	26.8	95.7
1	2	3	4	5	6	7	8	9	10	11	12	13	14	15
1	2	3	4	5	6	7	8	9	10	11	12	13	14	15
1	2	3	4	5	6	7	8	9	10	11	12	13	14	15
1	2	3	4	5	6	7	8	9	10	11	12	13	14	15
1	2	3	4	5	6	7	8	9	10	11	12	13	14	15
1	2	3	4	5	6	7	8	9	10	11	12	13	14	15
1	2	3	4	5	6	7	8	9	10	11	12	13	14	15
1	2	3	4	5	6	7	8	9	10	11	12	13	14	15
1	2	3	4	5	6	7	8	9	10	11	12	13	14	15
1	2	3	4	5	6	7	8	9	10	11	12	13	14	15
1	2	3	4	5	6	7	8	9	10	11	12	13	14	15
1	2	3	4	5	6	7	8	9	10	11	12	13	14	15
1	2	3	4	5	6	7	8	9	10	11	12	13	14	15
1	2	3	4	5	6	7	8	9	10	11	12	13	14	15
1	2	3	4	5	6	7	8	9	10	11	12	13	14	15
1	2	3	4	5	6	7	8	9	10	11	12	13	14	15
1	2	3	4	5	6	7	8	9	10	11	12	13	14	15
1	2	3	4	5	6	7	8	9	10	11	12	13	14	15
1	2	3	4	5	6	7	8	9	10	11	12	13	14	15
1	2	3	4	5	6	7	8	9	10	11	12	13	14	15
1	2	3	4	5	6	7	8	9	10	11	12	13	14	15
1	2	3	4	5	6	7	8	9	10	11	12	13	14	15
1	2	3	4	5	6	7	8	9	10	11	12	13	14	15
1	2	3	4	5	6	7	8	9	10	11	12	13	14	15
1	2	3	4	5	6	7	8	9	10	11	12	13	14	15
1	2	3	4	5	6	7	8	9	10	11	12	13	14	15
1	2	3	4	5	6	7	8	9	10	11	12	13	14	15
1	2	3	4	5	6	7	8	9	10	11	12	13	14	15
1	2	3	4	5	6	7	8	9	10	11	12	13	14	15
1	2	3	4	5	6	7	8	9	10	11	12	13	14	15
1	2	3	4	5	6	7	8	9	10	11	12	13	14	15
1	2	3	4	5	6	7	8	9	10	11	12	13	14	15
1	2	3	4	5	6	7	8	9	10	11	12	13	14	15
1	2	3	4	5	6	7	8	9	10	11	12	13	14	15
1	2	3	4	5	6	7	8	9	10	11	12	13	14	15
1	2	3	4	5	6	7	8	9	10	11	12	13	14	15
1	2	3	4	5	6	7	8	9	10	11	12	13	14	15
1	2	3	4	5	6	7	8	9	10	11	12	13	14	15
1	2	3	4	5	6	7	8	9	10	11	12	13	14	15
1	2	3	4	5	6	7	8	9	10	11	12	13	14	15
1	2	3	4	5	6	7	8	9	10	11	12	13	14	15
1	2	3	4	5	6	7	8	9	10	11	12	13	14	15
1	2	3	4	5	6	7	8	9	10	11	12	13	14	15
1	2	3	4	5	6	7	8	9	10	11	12	13	14	15
1	2	3	4	5	6	7	8	9	10	11	12	13	14	15
1	2	3	4	5	6	7	8	9	10	11	12	13	14	15
1	2	3	4	5	6	7	8	9	10	11	12	13	14	15
1	2	3	4	5	6	7	8	9	10	11	12	13	14	15
1	2	3	4	5	6	7	8	9	10	11	12	13	14	15
1	2	3	4	5	6	7	8	9	10	11	12	13	14	15
1	2	3	4	5	6	7	8	9	10	11	12	13	14	15
1	2	3	4	5	6	7	8	9	10	11	12	13	14	15
1	2	3	4	5	6	7	8	9	10	11	12	13	14	15
1	2	3	4	5	6	7	8	9	10	11	12	13	14	15
1	2	3	4	5	6	7	8	9	10	11	12	13	14	15
1	2	3	4	5	6	7	8	9	10	11	12	13	14	15
1	2	3	4	5	6	7	8	9	10	11	12	13	14	15
1	2	3	4	5	6	7	8	9	10	11	12	13	14	15
1	2	3	4	5	6	7	8	9	10	11	12	13	14	15
1	2	3	4	5	6	7	8	9	10	11	12	13	14	15
1	2	3	4	5	6	7	8	9	10	11	12	13	14	15
1	2	3	4	5	6	7	8	9	10	11	12	13	14	15
1	2	3	4	5	6	7	8	9	10	11	12	13	14	15
1	2	3	4	5	6	7	8	9	10	11	12	13	14	15
1	2	3	4	5	6	7	8	9	10	11	12	13	14	15
1	2	3	4	5	6	7	8	9	10	11	12	13	14	15
1	2	3	4	5	6	7	8	9	10	11	12	13	14	15
1	2	3	4	5	6	7	8	9	10	11	12	13	14	15
1	2	3	4	5	6	7	8	9	10	11	12	13	14	15
1	2	3	4	5	6	7	8	9	10	11	12	13	14	15
1	2	3	4	5	6	7	8	9	10	11	12	13	14	15
1	2	3	4	5	6	7	8	9	10	11	12	13	14	15
1	2	3	4	5	6	7	8	9	10	11	12	13	14	15
1	2	3	4	5	6	7	8	9	10	11	12	13	14	15
1	2	3	4	5	6	7	8	9	10	11	12	13	14	15
1	2	3	4	5	6	7	8	9	10	11	12	13	14	15
1	2	3	4	5	6	7	8	9	10	11	12	13	14	15
1	2	3	4	5	6	7	8	9	10	11	12	13	14	15
1	2	3	4	5	6	7	8	9	10	11	12	13	14	15
1	2	3	4	5	6	7	8	9	10	11	12	13	14	15
1	2	3	4	5	6	7	8	9	10	11	12	13	14	15
1	2	3	4	5	6	7	8	9	10	11	12	13	14	15
1	2	3	4	5	6	7	8	9	10	11	12	13	14	15
1	2	3	4	5	6	7	8	9	10	11	12	13	14	15
1	2	3	4	5	6	7	8	9	10	11	12	13	14	15
1	2	3	4	5	6	7	8	9	10	11	12	13	14	15
1	2	3	4	5	6	7	8	9	10	11	12	13	14	15
1	2	3	4	5	6	7	8	9	10	11	12	13	14	15
1	2	3	4	5	6	7	8	9	10	11	12	13	14	15
1	2	3	4	5	6	7	8	9	10	11	12	13	14	15
1	2	3	4	5	6	7	8	9	10	11	12	13	14	15
1	2	3	4	5	6	7	8	9	10	11	12	13	14	15
1	2	3	4	5	6	7	8	9	10	11	12	13	14	15
1	2	3	4	5	6	7	8	9	10	11	12	13	14	15
1	2	3	4	5	6	7	8	9	10	11	12	13	14	15
1	2	3	4	5	6	7	8	9	10	11	12	13	14	15
1	2	3	4	5	6	7	8	9	10	11	12	13	14	15
1	2	3	4	5	6	7	8	9	10	11	12	13	14	15
1	2	3	4	5	6	7	8	9	10	11	12	13	14	15
1	2	3	4	5	6	7	8	9	10	11	12	13	14	15
