100	15
30.1	96.1	63.6	1.8	94.7	1.9	44.2	40.9	2.9	84.7	69.1	63.6	50.1	23.9	24.1
41.9	40.7	25.8	34.5	37.0	32.0	22.9	14.2	49.0	79.7	50.7	88.9	22.6	37.8	44.5
85.4	80.7	45.7	13.4	65.4	29.4	39.3	72.5	72.0	59.0	91.1	56.7	81.6	8.6	67.0
9.6	76.8	62.6	59.3	72.8	99.1	63.8	98.5	7.2	66.0	37.1	38.1	60.0	7.7	79.8
75.6	58.2	81.4	94.2	87.3	8.3	77.8	93.9	95.3	26.3	10.5	97.0	45.0	77.4	45.5
19.1	35.3	57.9	32.1	71.5	16.6	21.9	52.0	14.5	92.8	48.2	16.6	20.0	81.9	58.5
62.8	80.9	30.3	5.3	33.0	8.3	89.5	33.2	91.0	88.6	40.9	91.6	27.2	50.5	41.8
40.2	68.7	20.2	71.2	33.2	78.3	89.6	85.1	90.1	57.7	72.2	60.3	3.7	1.2	70.6
43.1	67.2	42.5	49.8	5.8	28.3	27.3	78.8	13.1	57.1	16.3	12.1	39.6	37.7	54.7
3.8	31.4	50.5	63.5	36.3	59.7	29.0	55.4	46.9	33.4	21.8	50.1	33.2	58.5	99.2
71.8	22.4	82.1	68.7	52.9	52.9	13.2	77.3	56.0	80.8	96.8	42.0	54.4	87.6	77.6
14.6	72.3	62.0	80.7	84.6	24.7	73.8	33.1	26.9	51.7	81.8	88.1	1.3	96.8	20.4
56.8	18.5	38.6	32.5	97.5	85.5	96.2	79.3	22.9	6.5	41.9	64.6	63.8	24.3	40.0
58.5	3.1	54.2	11.5	14.1	30.1	1.3	29.6	15.2	46.3	27.5	34.2	19.9	97.5	22.8
51.3	29.0	54.1	95.4	49.0	0.5	80.0	82.1	81.2	63.1	63.6	58.8	60.4	86.2	20.1
2.6	35.2	50.7	80.3	68.6	78.9	51.0	17.3	68.8	94.4	45.4	50.8	65.4	75.4	72.2
7.2	66.8	77.3	20.4	63.7	71.9	42.4	29.8	90.7	70.2	6.1	30.2	92.3	17.9	23.6
70.1	24.4	96.3	22.5	34.8	12.3	86.9	34.6	21.8	13.4	75.7	88.1	0.0	28.0	47.1
44.3	16.5	95.5	68.8	15.6	62.3	91.3	8.9	57.9	42.0	33.5	43.0	72.3	59.5	18.4
48.2	28.8	81.6	67.1	55.9	86.1	71.1	53.0	23.7	13.6	84.6	79.2	93.0	56.3	71.7
45.2	62.7	10.0	85.1	12.9	14.3	64.6	25.4	72.5	63.3	7.0	2.1	31.9	5.1	10.3
24.8	64.2	8.3	35.5	36.1	28.4	70.4	94.8	67.7	71.4	34.2	16.9	4.8	39.5	9.2
25.8	85.7	48.3	85.0	12.6	8.0	93.5	21.1	97.2	89.5	94.9	74.1	100.0	59.3	53.3
22.2	85.0	72.0	34.5	53.5	22.1	81.7	32.9	6.7	11.3	83.0	30.2	51.0	19.9	93.9
39.0	11.8	43.0	69.5	62.0	31.3	42.5	25.7	16.6	7.8	41.6	70.2	26.4	16.6	86.0
89.0	13.4	64.9	52.9	63.9	3.2	55.8	45.3	24.7	28.6	73.0	72.7	0.4	63.5	24.4
45.7	25.3	80.0	78.8	21.2	19.0	19.9	12.1	25.5	14.9	2.9	21.8	2.5	28.7	29.4
19.3	0.4	26.1	99.2	52.3	50.6	41.6	0.8	82.6	99.7	58.0	14.0	33.8	30.5	4.9
46.5	84.5	50.1	35.4	32.3	47.2	74.7	97.8	69.5	0.5	86.8	64.7	0.1	89.1	52.3
80.3	28.3	23.1	81.9	45.7	94.4	83.7	4.7	12.5	91.7	94.6	97.7	18.2	74.3	77.1
24.4	96.8	31.9	46.7	11.2	69.0	56.0	29.5	89.4	39.4	26.9	2.5	58.9	27.5	4.6
79.5	59.3	71.6	72.6	58.2	49.4	47.4	26.8	90.1	74.3	31.1	94.0	7.2	48.5	94.2
76.2	74.6	6.0	54.9	12.3	52.0	39.1	64.9	41.3	12.8	92.8	20.2	66.0	35.6	44.7
72.6	20.4	91.7	67.7	8.1	0.6	91.9	62.8	3.0	85.9	20.8	10.2	93.6	30.0	21.2
57.4	44.2	70.4	9.3	75.7	81.0	13.4	75.6	64.3	92.7	95.4	49.3	56.4	47.3	1.1
90.1	85.6	37.5	96.3	35.3	15.8	9.8	58.4	15.3	68.7	68.7	2.0	80.0	21.0	70.9
64.2	53.3	24.0	57.8	85.2	87.3	20.7	99.5	24.8	58.2	43.0	29.7	72.7	55.8	35.0
28.4	64.6	65.1	91.7	48.6	41.6	48.5	99.8	8.8	32.2	63.9	7.7	61.1	30.1	87.6
62.0	73.5	63.8	79.5	21.5	18.2	39.8	47.5	40.5	43.1	35.9	22.8	37.0	55.5	52.6
79.4	2.2	16.0	74.1	39.8	9.4	27.9	53.4	90.9	66.7	76.1	15.7	80.1	44.9	56.3
3.9	13.4	98.7	19.0	87.2	49.5	7.2	43.4	55.6	51.2	5.4	94.6	94.2	97.5	62.7
74.2	88.5	77.2	14.2	28.5	55.5	49.8	95.0	82.6	7.5	16.4	68.9	63.4	96.2	8.0
35.6	52.1	45.9	79.8	13.0	4.1	27.1	67.7	50.5	11.4	87.3	70.0	53.6	63.2	82.1
11.5	86.1	76.0	48.2	40.2	16.6	1.8	13.6	57.0	12.3	84.9	45.3	46.7	6.6	32.0
43.8	35.2	7.0	8.2	19.5	20.2	75.4	10.4	15.5	97.9	16.4	90.5	92.0	40.5	24.7
84.9	60.7	86.1	96.6	37.9	91.8	27.4	56.4	92.8	41.6	94.3	48.0	72.7	73.4	19.9
6.8	81.1	6.3	77.1	64.3	56.2	90.6	14.8	56.5	43.1	82.9	65.2	58.4	65.5	83.7
91.5	51.6	64.5	35.8	37.3	29.9	1.0	59.1	69.9	34.0	82.0	52.5	38.3	97.5	56.5
88.9	93.6	56.4	17.1	56.1	33.9	65.4	24.1	10.2	23.0	81.0	92.4	20.4	71.9	77.2
22.2	69.4	5.6	9.4	2.9	81.2	44.0	79.7	43.5	25.9	4.4	15.6	96.9	15.0	6.3
40.8	56.8	6.9	80.3	18.7	89.4	96.3	56.0	76.4	81.3	10.4	22.9	87.3	21.5	72.7
16.4	68.0	98.6	8.3	21.4	68.4	36.2	42.6	75.8	55.0	47.4	7.1	12.5	86.0	47.9
85.8	16.9	63.3	96.1	19.2	48.5	82.6	57.8	47.8	14.7	62.4	50.1	81.2	0.1	24.8
25.1	54.6	68.2	99.4	30.1	8.7	8.8	70.0	63.9	65.6	56.4	91.8	77.9	7.1	42.6
22.0	48.5	27.5	83.7	27.2	24.5	11.8	97.9	34.8	52.0	68.3	16.2	63.0	62.0	41.5
94.4	99.8	73.9	12.5	67.8	70.7	11.5	97.5	55.5	85.4	56.1	51.1	4.0	32.2	90.0
88.0	84.4	55.6	90.9	60.7	0.4	12.2	68.8	48.5	7.2	17.8	28.4	42.9	94.9	23.4
77.8	15.6	41.4	82.9	45.2	72.0	67.0	21.8	89.2	9.9	31.6	12.0	53.5	75.5	1.4
59.0	68.2	7.2	40.6	2.3	0.3	93.4	66.2	39.7	4.2	54.2	23.0	80.8	28.5	50.8
33.1	17.0	9.4	70.2	85.6	68.8	24.8	3.1	25.8	3.1	45.4	29.7	93.1	87.0	5.8
53.3	11.2	22.1	23.7	61.9	0.3	49.7	72.8	49.7	67.4	91.9	35.6	20.9	58.0	91.8
27.2	47.2	22.2	87.6	35.6	4.7	50.0	6.7	77.0	71.1	3.3	1.8	59.7	85.0	93.2
8.9	58.9	54.8	89.0	72.4	81.3	55.0	6.7	24.1	81.8	73.9	33.5	47.5	9.8	86.8
84.6	10.3	51.8	18.7	73.9	10.9	45.2	99.3	20.4	26.5	7.8	27.4	16.4	65.2	46.5
39.4	98.5	9.1	50.7	1.6	65.2	54.8	39.3	86.2	39.8	10.4	10.4	17.4	69.8	3.3
1.9	89.5	35.3	36.7	61.2	73.9	92.2	75.6	20.7	32.4	45.2	84.0	17.2	72.0	9.5
19.3	1.9	97.4	75.5	95.4	19.9	19.2	25.5	1.8	36.6	25.2	58.3	39.4	1.4	44.8
85.3	34.1	28.9	72.3	51.0	50.2	37.0	72.0	31.2	96.9	30.7	24.2	48.0	34.3	26.8
93.0	41.8	71.9	31.8	89.4	26.3	82.6	71.5	8.6	25.1	72.5	23.5	94.6	42.8	97.7
66.8	78.1	31.1	94.2	58.5	8.9	75.4	22.6	15.6	1.4	14.4	2.8	37.7	92.5	92.6
7.0	95.2	97.6	44.8	77.9	61.4	51.4	66.4	67.7	72.6	3.9	65.8	87.6	37.9	9.6
73.7	50.1	84.5	85.8	79.2	32.7	23.1	9.5	41.9	14.6	33.8	15.8	66.2	3.1	64.7
40.4	6.5	92.6	69.2	9.6	35.0	96.4	74.5	95.5	14.7	89.3	7.8	54.2	95.2	39.6
61.4	37.2	92.5	67.7	62.8	2.8	61.5	15.2	58.0	13.6	42.6	96.1	66.4	28.8	0.2
60.6	94.9	66.2	14.5	6.4	91.4	97.1	61.7	43.6	18.6	37.2	23.0	57.8	5.9	86.9
87.9	71.3	43.5	35.4	32.8	32.3	43.3	42.4	43.3	40.0	15.5	22.2	57.3	1.4	57.2
59.0	81.4	49.1	29.3	95.4	35.3	71.9	38.1	74.9	95.5	27.6	24.2	72.7	90.5	34.0
7.1	8.7	34.1	11.9	9.0	49.0	16.9	93.8	32.5	58.6	0.7	50.2	56.5	94.4	61.0
8.1	51.7	99.4	23.5	92.4	57.9	73.5	58.3	63.0	38.6	80.1	55.1	15.6	55.4	26.6
6.7	86.2	29.9	27.3	76.5	63.6	84.4	77.0	79.9	56.7	17.1	79.2	99.9	53.3	93.2
52.8	18.3	14.5	62.3	95.8	20.1	77.7	87.8	9.4	7.5	42.7	71.2	32.2	86.8	58.6
49.0	29.2	91.2	5.3	32.0	75.4	18.5	76.0	11.0	7.7	22.1	3.9	89.4	97.5	56.0
75.7	58.9	46.1	27.0	57.3	10.9	41.1	16.3	32.3	49.5	2.3	40.0	2.5	38.5	96.9
45.8	49.4	80.7	84.0	77.0	22.6	17.1	24.6	75.4	65.9	16.2	55.8	43.3	7.3	98.4
90.1	52.7	63.1	21.5	96.2	26.5	69.4	13.3	18.0	29.3	8.1	69.0	73.1	40.7	18.8
16.4	65.3	2.0	2.0	42.0	48.8	11.0	28.2	79.8	56.0	28.9	11.6	27.9	16.9	14.6
12.7	77.4	87.5	72.4	91.9	63.1	79.0	17.3	98.9	98.8	46.0	95.0	65.8	62.4	66.6
44.5	28.9	53.0	42.4	71.5	94.2	2.9	45.2	23.9	36.4	13.0	59.4	94.9	84.3	38.0
21.1	99.3	37.5	92.5	4.7	10.1	46.0	39.0	56.2	64.9	46.2	52.8	70.7	6.0	3.2
65.2	67.6	48.3	35.0	90.5	61.5	82.5	74.3	27.2	22.9	13.1	18.3	54.2	70.6	84.2
28.8	8.3	69.9	16.2	64.1	70.8	95.7	10.2	0.9	25.6	39.6	22.5	72.2	77.4	61.6
18.2	62.6	23.5	87.4	31.7	94.2	66.0	95.1	97.7	66.7	24.7	82.9	90.4	64.9	69.3
72.9	62.7	74.7	11.6	45.0	83.1	15.8	24.7	87.3	62.3	35.4	12.7	10.4	90.2	82.1
11.3	75.3	70.2	7.9	6.0	48.3	8.6	37.3	0.1	17.1	80.6	82.9	59.7	20.3	29.6
12.6	83.6	38.5	16.3	20.5	11.3	61.2	27.6	11.6	0.8	82.4	68.0	46.0	27.7	77.7
19.6	43.3	45.5	72.5	48.6	35.5	80.2	5.5	70.8	76.8	40.4	40.6	84.0	41.7	44.5
43.9	91.4	47.4	57.8	0.9	37.6	9.1	66.3	10.4	1.7	60.3	29.8	16.7	15.5	42.6
57.3	61.4	68.3	65.7	15.7	51.3	52.4	19.3	17.7	10.9	32.7	28.2	9.8	73.6	36.8
14.5	93.4	17.4	21.7	34.6	92.6	16.3	38.1	68.2	30.0	26.0	87.5	94.7	2.9	65.8
30.8	1.0	32.3	89.2	56.5	49.9	51.7	47.4	48.3	34.7	48.9	81.3	11.3	43.5	82.3
1	2	3	4	5	6	7	8	9	10	11	12	13	14	15
1	2	3	4	5	6	7	8	9	10	11	12	13	14	15
1	2	3	4	5	6	7	8	9	10	11	12	13	14	15
1	2	3	4	5	6	7	8	9	10	11	12	13	14	15
1	2	3	4	5	6	7	8	9	10	11	12	13	14	15
1	2	3	4	5	6	7	8	9	10	11	12	13	14	15
1	2	3	4	5	6	7	8	9	10	11	12	13	14	15
1	2	3	4	5	6	7	8	9	10	11	12	13	14	15
1	2	3	4	5	6	7	8	9	10	11	12	13	14	15
1	2	3	4	5	6	7	8	9	10	11	12	13	14	15
1	2	3	4	5	6	7	8	9	10	11	12	13	14	15
1	2	3	4	5	6	7	8	9	10	11	12	13	14	15
1	2	3	4	5	6	7	8	9	10	11	12	13	14	15
1	2	3	4	5	6	7	8	9	10	11	12	13	14	15
1	2	3	4	5	6	7	8	9	10	11	12	13	14	15
1	2	3	4	5	6	7	8	9	10	11	12	13	14	15
1	2	3	4	5	6	7	8	9	10	11	12	13	14	15
1	2	3	4	5	6	7	8	9	10	11	12	13	14	15
1	2	3	4	5	6	7	8	9	10	11	12	13	14	15
1	2	3	4	5	6	7	8	9	10	11	12	13	14	15
1	2	3	4	5	6	7	8	9	10	11	12	13	14	15
1	2	3	4	5	6	7	8	9	10	11	12	13	14	15
1	2	3	4	5	6	7	8	9	10	11	12	13	14	15
1	2	3	4	5	6	7	8	9	10	11	12	13	14	15
1	2	3	4	5	6	7	8	9	10	11	12	13	14	15
1	2	3	4	5	6	7	8	9	10	11	12	13	14	15
1	2	3	4	5	6	7	8	9	10	11	12	13	14	15
1	2	3	4	5	6	7	8	9	10	11	12	13	14	15
1	2	3	4	5	6	7	8	9	10	11	12	13	14	15
1	2	3	4	5	6	7	8	9	10	11	12	13	14	15
1	2	3	4	5	6	7	8	9	10	11	12	13	14	15
1	2	3	4	5	6	7	8	9	10	11	12	13	14	15
1	2	3	4	5	6	7	8	9	10	11	12	13	14	15
1	2	3	4	5	6	7	8	9	10	11	12	13	14	15
1	2	3	4	5	6	7	8	9	10	11	12	13	14	15
1	2	3	4	5	6	7	8	9	10	11	12	13	14	15
1	2	3	4	5	6	7	8	9	10	11	12	13	14	15
1	2	3	4	5	6	7	8	9	10	11	12	13	14	15
1	2	3	4	5	6	7	8	9	10	11	12	13	14	15
1	2	3	4	5	6	7	8	9	10	11	12	13	14	15
1	2	3	4	5	6	7	8	9	10	11	12	13	14	15
1	2	3	4	5	6	7	8	9	10	11	12	13	14	15
1	2	3	4	5	6	7	8	9	10	11	12	13	14	15
1	2	3	4	5	6	7	8	9	10	11	12	13	14	15
1	2	3	4	5	6	7	8	9	10	11	12	13	14	15
1	2	3	4	5	6	7	8	9	10	11	12	13	14	15
1	2	3	4	5	6	7	8	9	10	11	12	13	14	15
1	2	3	4	5	6	7	8	9	10	11	12	13	14	15
1	2	3	4	5	6	7	8	9	10	11	12	13	14	15
1	2	3	4	5	6	7	8	9	10	11	12	13	14	15
1	2	3	4	5	6	7	8	9	10	11	12	13	14	15
1	2	3	4	5	6	7	8	9	10	11	12	13	14	15
1	2	3	4	5	6	7	8	9	10	11	12	13	14	15
1	2	3	4	5	6	7	8	9	10	11	12	13	14	15
1	2	3	4	5	6	7	8	9	10	11	12	13	14	15
1	2	3	4	5	6	7	8	9	10	11	12	13	14	15
1	2	3	4	5	6	7	8	9	10	11	12	13	14	15
1	2	3	4	5	6	7	8	9	10	11	12	13	14	15
1	2	3	4	5	6	7	8	9	10	11	12	13	14	15
1	2	3	4	5	6	7	8	9	10	11	12	13	14	15
1	2	3	4	5	6	7	8	9	10	11	12	13	14	15
1	2	3	4	5	6	7	8	9	10	11	12	13	14	15
1	2	3	4	5	6	7	8	9	10	11	12	13	14	15
1	2	3	4	5	6	7	8	9	10	11	12	13	14	15
1	2	3	4	5	6	7	8	9	10	11	12	13	14	15
1	2	3	4	5	6	7	8	9	10	11	12	13	14	15
1	2	3	4	5	6	7	8	9	10	11	12	13	14	15
1	2	3	4	5	6	7	8	9	10	11	12	13	14	15
1	2	3	4	5	6	7	8	9	10	11	12	13	14	15
1	2	3	4	5	6	7	8	9	10	11	12	13	14	15
1	2	3	4	5	6	7	8	9	10	11	12	13	14	15
1	2	3	4	5	6	7	8	9	10	11	12	13	14	15
1	2	3	4	5	6	7	8	9	10	11	12	13	14	15
1	2	3	4	5	6	7	8	9	10	11	12	13	14	15
1	2	3	4	5	6	7	8	9	10	11	12	13	14	15
1	2	3	4	5	6	7	8	9	10	11	12	13	14	15
1	2	3	4	5	6	7	8	9	10	11	12	13	14	15
1	2	3	4	5	6	7	8	9	10	11	12	13	14	15
1	2	3	4	5	6	7	8	9	10	11	12	13	14	15
1	2	3	4	5	6	7	8	9	10	11	12	13	14	15
1	2	3	4	5	6	7	8	9	10	11	12	13	14	15
1	2	3	4	5	6	7	8	9	10	11	12	13	14	15
1	2	3	4	5	6	7	8	9	10	11	12	13	14	15
1	2	3	4	5	6	7	8	9	10	11	12	13	14	15
1	2	3	4	5	6	7	8	9	10	11	12	13	14	15
1	2	3	4	5	6	7	8	9	10	11	12	13	14	15
1	2	3	4	5	6	7	8	9	10	11	12	13	14	15
1	2	3	4	5	6	7	8	9	10	11	12	13	14	15
1	2	3	4	5	6	7	8	9	10	11	12	13	14	15
1	2	3	4	5	6	7	8	9	10	11	12	13	14	15
1	2	3	4	5	6	7	8	9	10	11	12	13	14	15
1	2	3	4	5	6	7	8	9	10	11	12	13	14	15
1	2	3	4	5	6	7	8	9	10	11	12	13	14	15
1	2	3	4	5	6	7	8	9	10	11	12	13	14	15
1	2	3	4	5	6	7	8	9	10	11	12	13	14	15
1	2	3	4	5	6	7	8	9	10	11	12	13	14	15
1	2	3	4	5	6	7	8	9	10	11	12	13	14	15
1	2	3	4	5	6	7	8	9	10	11	12	13	14	15
1	2	3	4	5	6	7	8	9	10	11	12	13	14	15
1	2	3	4	5	6	7	8	9	10	11	12	13	14	15
