200	5
81.2	65.2	29.3	43.1	57.4
78.8	96.8	41.0	73.2	2.7
19.4	13.3	7.8	74.0	9.9
45.8	76.9	53.0	82.4	50.7
25.6	62.5	13.7	55.3	28.3
98.5	58.9	33.7	17.0	41.2
39.2	13.0	13.4	20.9	87.5
19.4	71.8	79.8	39.7	30.2
3.3	59.1	79.6	2.3	83.7
83.6	49.3	23.5	23.7	46.6
17.2	36.9	33.4	83.8	32.8
21.8	32.2	37.1	67.4	12.9
92.1	70.5	46.2	82.5	54.1
37.5	45.6	94.2	81.2	5.9
60.7	3.7	14.5	46.8	24.3
50.2	19.1	86.3	71.9	93.9
85.3	34.5	89.2	14.6	8.5
38.1	43.8	18.8	48.9	12.8
37.6	93.3	12.6	56.9	91.1
77.0	38.5	1.6	63.2	24.2
58.8	37.5	68.3	82.1	80.6
41.9	24.4	11.2	36.4	45.4
75.9	35.6	39.7	28.1	26.5
87.9	21.6	0.7	11.3	23.2
7.9	58.5	57.9	10.6	80.4
5.4	34.4	24.2	76.7	4.2
81.6	95.9	40.9	74.9	0.6
92.2	45.4	55.7	69.5	74.3
14.2	71.8	36.7	41.4	7.3
62.9	23.9	29.5	89.5	85.6
20.2	30.7	19.3	55.3	3.2
57.6	92.1	10.9	93.2	85.7
42.9	91.0	61.0	93.5	3.8
51.9	45.7	21.2	70.5	66.5
59.3	35.2	64.2	49.2	78.7
64.2	77.4	89.2	78.7	19.4
64.3	49.7	4.9	69.4	48.6
26.7	24.1	43.9	35.0	54.5
12.4	23.8	52.8	38.5	13.3
48.0	2.8	1.7	57.8	11.5
50.2	61.7	85.2	65.4	71.5
50.8	62.3	60.2	86.6	97.8
30.6	56.6	67.1	2.1	11.1
29.6	85.7	14.6	40.2	21.5
72.2	13.3	15.0	87.4	71.3
78.9	8.5	0.0	30.7	48.2
36.3	29.5	76.7	17.3	2.6
62.5	98.0	15.1	87.0	17.8
73.7	20.7	66.7	32.3	96.7
71.4	92.3	99.6	32.2	8.1
20.8	1.1	31.9	25.6	40.5
63.4	67.3	43.4	93.3	72.9
28.0	57.2	22.0	31.5	70.3
94.6	46.2	79.4	39.5	42.4
84.6	32.4	60.0	65.9	0.3
90.5	69.0	32.8	66.8	10.9
6.0	38.2	94.6	47.1	26.6
15.6	97.7	49.4	46.0	36.0
9.4	98.7	36.7	14.4	17.7
6.1	4.1	69.8	86.5	88.4
39.3	52.8	55.0	77.5	65.4
48.4	89.3	19.5	61.1	2.9
45.2	3.3	28.8	59.2	2.3
6.1	98.8	6.4	22.7	35.8
52.6	42.6	19.8	64.7	13.3
22.4	19.6	16.8	19.3	2.7
52.1	13.6	43.1	37.8	81.2
70.3	93.8	42.4	32.0	49.9
11.8	93.1	95.8	15.3	29.1
5.9	13.1	22.3	39.4	49.1
64.5	64.5	84.9	58.7	42.2
71.3	28.2	70.1	56.9	6.0
97.4	57.9	98.5	91.8	48.2
67.4	72.9	3.9	72.7	33.4
86.4	73.2	29.6	14.9	5.7
24.6	14.6	18.5	51.7	21.3
30.6	29.8	29.5	8.8	48.3
31.8	31.0	68.6	5.8	7.2
86.1	78.3	89.4	1.4	91.8
34.6	93.9	33.1	46.6	49.8
21.7	37.5	11.5	49.5	45.9
75.0	11.0	75.0	65.3	61.3
54.2	9.4	76.9	0.7	72.9
13.3	68.2	41.2	54.3	49.9
75.8	10.9	42.0	86.2	32.2
91.1	19.5	22.3	95.1	73.6
0.8	59.8	84.0	42.1	79.2
91.1	79.6	14.7	37.0	21.2
74.3	5.5	40.1	91.2	25.4
78.2	51.1	56.0	83.1	45.4
39.8	20.6	46.0	25.2	53.9
15.5	39.8	40.9	34.3	67.5
92.3	47.2	40.5	61.5	48.8
44.5	100.0	41.8	94.9	50.9
29.3	55.9	68.4	56.0	69.3
69.6	37.0	0.3	96.1	93.1
34.7	9.0	91.9	32.3	46.0
40.2	54.4	90.0	87.0	16.6
55.2	23.4	40.4	41.6	14.8
9.4	65.8	100.0	76.1	40.7
52.4	66.2	90.8	49.3	39.3
39.6	50.7	3.4	10.5	37.7
43.8	94.5	50.3	68.3	45.6
25.2	92.8	64.4	54.0	92.4
38.3	16.2	67.8	86.5	21.7
81.6	2.6	12.5	61.0	78.6
35.7	53.8	78.8	58.8	38.2
88.4	90.8	27.4	25.1	81.4
19.3	91.3	72.9	73.7	93.9
73.9	32.9	1.3	12.5	56.2
36.8	53.3	95.5	11.6	13.1
88.6	8.7	95.2	63.8	62.4
32.9	28.2	49.2	5.0	93.9
34.4	78.9	75.7	83.1	58.8
77.0	77.9	26.5	8.1	99.4
37.3	14.9	14.0	71.6	62.5
10.1	40.0	99.1	62.2	65.7
50.0	52.8	13.6	76.8	16.2
11.1	37.9	18.2	91.4	31.0
89.6	47.1	64.8	28.1	25.1
53.8	20.3	19.1	93.9	70.5
55.2	36.1	58.5	54.1	79.9
75.6	16.9	10.7	22.7	58.2
2.1	46.2	39.6	57.2	58.8
38.2	6.8	32.2	71.2	62.4
93.2	58.3	38.2	35.8	72.5
19.4	75.4	56.1	5.2	61.8
37.2	42.0	93.4	7.5	29.0
16.3	18.5	84.9	91.7	28.5
76.2	52.1	16.6	68.2	12.1
60.5	43.2	70.6	87.3	85.1
13.9	15.3	83.5	38.8	48.7
28.1	82.0	94.3	95.6	21.8
16.3	11.2	73.5	79.2	93.0
8.3	18.6	38.6	74.3	41.4
60.3	74.3	2.6	54.9	64.8
29.7	42.7	6.2	40.9	95.2
82.6	78.9	50.6	53.6	24.4
59.9	33.5	0.0	33.7	73.4
2.8	28.0	99.7	79.1	15.7
91.9	39.6	85.2	96.5	73.0
63.0	86.9	64.5	9.0	37.4
2.9	0.9	73.4	4.8	8.0
81.7	16.0	45.3	66.1	92.3
59.3	6.6	92.0	51.5	23.6
99.9	15.7	36.5	21.4	92.0
98.2	70.2	58.0	98.8	45.2
53.5	17.3	94.6	86.5	63.4
58.6	49.7	50.6	62.7	86.2
74.2	34.1	45.5	36.7	21.7
52.8	20.7	38.9	15.6	83.3
31.2	26.4	42.2	66.1	5.8
96.3	24.4	16.6	31.1	83.4
60.2	23.3	31.7	40.9	12.1
63.8	81.6	81.4	32.2	59.3
57.1	11.9	47.7	51.9	67.0
16.2	87.8	36.7	14.4	84.0
60.8	9.9	44.1	42.5	66.4
79.0	48.8	26.0	51.9	33.6
78.2	98.3	92.9	95.3	53.9
57.6	37.9	46.3	20.3	19.8
85.3	73.1	27.9	73.0	5.2
14.7	86.7	88.8	80.1	55.9
92.5	79.8	13.7	95.5	56.6
37.5	29.4	96.7	44.1	26.5
11.0	74.2	38.1	34.8	98.8
26.3	27.3	34.9	97.0	47.9
33.1	87.5	76.1	10.9	14.0
63.9	12.5	82.7	7.3	72.1
59.0	73.4	5.0	96.8	26.8
51.0	57.0	79.3	33.8	24.5
52.8	63.2	1.5	77.9	82.6
69.6	81.8	26.1	33.2	41.8
94.1	1.1	40.9	62.8	93.9
7.4	20.3	70.9	2.4	43.1
22.7	25.5	85.1	50.8	72.7
17.6	69.4	0.3	71.2	95.9
8.4	73.9	1.7	99.3	60.9
63.8	71.5	8.4	14.9	54.1
85.0	43.7	1.4	3.2	96.3
50.0	43.0	67.5	45.4	78.3
41.4	36.4	9.6	20.3	10.5
44.5	57.6	44.7	53.6	22.3
47.1	86.4	33.2	62.5	17.2
98.4	48.3	40.5	57.0	62.5
59.9	12.5	99.0	50.7	82.6
61.9	93.7	52.8	53.9	60.2
76.0	35.0	66.9	88.9	90.9
38.3	97.2	66.3	55.8	38.8
25.3	12.2	6.9	48.5	44.7
66.0	64.3	45.7	14.3	44.7
78.7	33.6	30.5	32.0	65.3
48.8	16.8	90.2	98.5	2.7
15.3	26.2	34.6	92.5	57.9
25.4	5.0	75.2	17.1	38.7
71.8	97.9	12.0	1.2	61.5
38.5	78.2	34.3	42.2	6.4
22.5	20.2	43.3	4.9	12.3
62.2	74.1	65.4	17.2	7.5
50.6	68.2	94.3	16.5	70.0
1	2	3	4	5
1	2	3	4	5
1	2	3	4	5
1	2	3	4	5
1	2	3	4	5
1	2	3	4	5
1	2	3	4	5
1	2	3	4	5
1	2	3	4	5
1	2	3	4	5
1	2	3	4	5
1	2	3	4	5
1	2	3	4	5
1	2	3	4	5
1	2	3	4	5
1	2	3	4	5
1	2	3	4	5
1	2	3	4	5
1	2	3	4	5
1	2	3	4	5
1	2	3	4	5
1	2	3	4	5
1	2	3	4	5
1	2	3	4	5
1	2	3	4	5
1	2	3	4	5
1	2	3	4	5
1	2	3	4	5
1	2	3	4	5
1	2	3	4	5
1	2	3	4	5
1	2	3	4	5
1	2	3	4	5
1	2	3	4	5
1	2	3	4	5
1	2	3	4	5
1	2	3	4	5
1	2	3	4	5
1	2	3	4	5
1	2	3	4	5
1	2	3	4	5
1	2	3	4	5
1	2	3	4	5
1	2	3	4	5
1	2	3	4	5
1	2	3	4	5
1	2	3	4	5
1	2	3	4	5
1	2	3	4	5
1	2	3	4	5
1	2	3	4	5
1	2	3	4	5
1	2	3	4	5
1	2	3	4	5
1	2	3	4	5
1	2	3	4	5
1	2	3	4	5
1	2	3	4	5
1	2	3	4	5
1	2	3	4	5
1	2	3	4	5
1	2	3	4	5
1	2	3	4	5
1	2	3	4	5
1	2	3	4	5
1	2	3	4	5
1	2	3	4	5
1	2	3	4	5
1	2	3	4	5
1	2	3	4	5
1	2	3	4	5
1	2	3	4	5
1	2	3	4	5
1	2	3	4	5
1	2	3	4	5
1	2	3	4	5
1	2	3	4	5
1	2	3	4	5
1	2	3	4	5
1	2	3	4	5
1	2	3	4	5
1	2	3	4	5
1	2	3	4	5
1	2	3	4	5
1	2	3	4	5
1	2	3	4	5
1	2	3	4	5
1	2	3	4	5
1	2	3	4	5
1	2	3	4	5
1	2	3	4	5
1	2	3	4	5
1	2	3	4	5
1	2	3	4	5
1	2	3	4	5
1	2	3	4	5
1	2	3	4	5
1	2	3	4	5
1	2	3	4	5
1	2	3	4	5
1	2	3	4	5
1	2	3	4	5
1	2	3	4	5
1	2	3	4	5
1	2	3	4	5
1	2	3	4	5
1	2	3	4	5
1	2	3	4	5
1	2	3	4	5
1	2	3	4	5
1	2	3	4	5
1	2	3	4	5
1	2	3	4	5
1	2	3	4	5
1	2	3	4	5
1	2	3	4	5
1	2	3	4	5
1	2	3	4	5
1	2	3	4	5
1	2	3	4	5
1	2	3	4	5
1	2	3	4	5
1	2	3	4	5
1	2	3	4	5
1	2	3	4	5
1	2	3	4	5
1	2	3	4	5
1	2	3	4	5
1	2	3	4	5
1	2	3	4	5
1	2	3	4	5
1	2	3	4	5
1	2	3	4	5
1	2	3	4	5
1	2	3	4	5
1	2	3	4	5
1	2	3	4	5
1	2	3	4	5
1	2	3	4	5
1	2	3	4	5
1	2	3	4	5
1	2	3	4	5
1	2	3	4	5
1	2	3	4	5
1	2	3	4	5
1	2	3	4	5
1	2	3	4	5
1	2	3	4	5
1	2	3	4	5
1	2	3	4	5
1	2	3	4	5
1	2	3	4	5
1	2	3	4	5
1	2	3	4	5
1	2	3	4	5
1	2	3	4	5
1	2	3	4	5
1	2	3	4	5
1	2	3	4	5
1	2	3	4	5
1	2	3	4	5
1	2	3	4	5
1	2	3	4	5
1	2	3	4	5
1	2	3	4	5
1	2	3	4	5
1	2	3	4	5
1	2	3	4	5
1	2	3	4	5
1	2	3	4	5
1	2	3	4	5
1	2	3	4	5
1	2	3	4	5
1	2	3	4	5
1	2	3	4	5
1	2	3	4	5
1	2	3	4	5
1	2	3	4	5
1	2	3	4	5
1	2	3	4	5
1	2	3	4	5
1	2	3	4	5
1	2	3	4	5
1	2	3	4	5
1	2	3	4	5
1	2	3	4	5
1	2	3	4	5
1	2	3	4	5
1	2	3	4	5
1	2	3	4	5
1	2	3	4	5
1	2	3	4	5
1	2	3	4	5
1	2	3	4	5
1	2	3	4	5
1	2	3	4	5
1	2	3	4	5
1	2	3	4	5
1	2	3	4	5
1	2	3	4	5
