200	20
14.5	9.7	45.7	60.7	17.7	0.6	65.3	7.3	43.2	39.0	47.9	33.4	93.0	72.6	24.0	14.0	91.1	31.8	40.1	18.4
28.8	1.9	23.3	95.2	87.7	6.1	22.5	50.5	67.4	85.1	12.0	71.1	83.9	13.6	11.8	71.9	63.1	65.1	65.6	64.2
15.5	37.9	88.5	67.4	82.6	14.6	65.9	60.3	11.6	91.8	65.6	80.4	87.7	11.7	86.8	0.5	88.0	80.1	4.0	25.7
30.7	25.1	93.5	13.9	89.0	12.1	77.7	61.5	71.4	73.9	13.6	90.1	73.8	66.1	64.5	20.4	80.2	62.5	53.3	4.4
75.9	23.3	59.7	58.8	91.0	65.4	60.2	38.1	17.9	56.6	34.8	90.4	44.0	60.1	8.3	19.1	32.2	73.8	15.0	66.1
58.1	3.3	48.2	43.9	77.8	61.2	89.9	29.6	51.8	25.1	76.7	84.0	28.5	42.6	39.9	29.9	10.6	94.4	35.7	12.5
45.8	76.9	46.4	29.5	72.9	59.4	47.6	26.4	27.7	39.1	89.8	71.7	47.6	88.3	67.4	28.0	11.1	23.3	43.5	84.9
2.4	63.5	81.9	33.8	77.4	81.2	60.4	13.0	89.9	6.4	6.8	34.7	93.1	14.6	31.3	60.3	67.6	8.2	69.6	31.7
7.6	32.5	84.5	19.3	23.4	1.4	65.2	43.3	84.5	97.7	69.8	35.5	40.0	38.4	61.2	95.9	37.0	8.2	59.9	72.0
54.3	74.7	92.1	9.3	41.8	35.9	25.1	5.3	20.2	37.8	37.5	90.7	80.2	40.4	74.2	59.3	65.5	74.0	2.9	11.2
34.8	11.3	10.5	45.5	10.0	9.5	80.1	14.7	0.3	88.4	86.5	95.0	67.7	83.8	63.0	85.8	0.7	25.9	60.3	73.9
60.9	3.5	62.7	51.2	0.6	27.3	8.1	61.7	47.3	16.8	53.6	66.9	60.8	95.4	74.8	17.5	85.6	13.0	99.2	30.6
85.4	1.4	91.9	23.7	7.1	75.6	23.4	63.1	25.5	23.3	61.9	51.9	45.3	20.5	94.9	86.5	49.4	9.3	48.7	88.8
93.8	40.2	77.3	9.3	63.8	75.8	14.7	82.4	63.0	69.9	67.4	59.5	36.1	68.5	33.2	87.4	0.7	75.3	56.6	29.9
26.0	51.3	11.3	95.8	90.0	33.5	12.4	48.2	68.7	0.2	85.3	30.0	60.2	94.7	93.2	61.7	12.3	8.1	59.5	31.9
81.6	32.2	43.9	59.1	51.4	12.5	25.9	48.4	22.4	68.9	89.2	44.8	86.9	28.9	18.7	57.6	82.2	26.6	16.5	47.0
96.4	77.7	77.3	24.6	19.1	97.0	94.0	60.4	77.3	37.9	78.2	47.8	65.2	15.4	28.4	97.9	42.1	50.4	5.9	77.2
40.9	62.6	81.8	0.5	4.7	36.6	17.4	17.5	52.0	18.5	41.5	36.2	22.8	41.0	64.2	34.2	67.1	27.0	53.8	31.6
49.8	76.0	89.9	70.1	0.5	92.6	45.8	83.7	93.8	74.0	6.0	57.2	59.3	1.9	89.8	4.7	10.6	60.5	59.6	65.3
86.7	10.0	87.6	17.3	19.4	60.9	98.9	9.5	48.6	38.0	98.8	6.7	22.1	3.5	72.8	72.1	56.0	75.9	29.2	31.4
50.8	19.0	21.6	94.9	27.5	89.8	69.8	80.7	17.8	87.7	29.9	81.4	31.9	8.0	11.4	1.5	12.5	8.7	62.5	58.7
64.6	48.1	21.3	52.8	20.1	88.0	0.3	15.3	5.4	84.7	87.1	1.8	28.9	12.0	15.4	61.8	11.9	75.3	55.4	27.7
23.2	93.6	82.0	47.2	68.5	99.0	67.2	84.4	78.0	12.7	82.6	83.3	37.0	52.8	47.2	69.8	53.0	45.6	66.8	3.6
47.1	42.3	96.1	59.2	49.6	82.5	54.5	86.2	6.8	83.7	92.1	19.0	25.9	73.2	74.2	70.7	92.4	74.4	23.3	11.4
96.1	68.9	92.9	39.7	79.8	10.9	73.6	38.8	83.5	9.8	13.1	15.2	99.3	50.5	57.2	66.4	38.5	7.0	69.7	82.8
22.6	6.5	28.4	50.3	63.3	87.5	74.8	40.4	27.2	23.4	26.6	69.1	44.5	72.1	24.9	6.5	58.7	88.0	58.2	31.5
46.7	41.8	92.8	63.1	87.2	79.3	68.7	81.2	16.0	12.2	74.5	5.8	58.6	75.7	12.0	75.5	27.2	62.8	79.6	13.1
60.0	52.3	44.6	0.2	84.9	70.7	91.1	59.7	43.7	29.2	57.1	66.0	0.6	39.1	42.3	40.1	62.4	54.2	40.5	39.6
66.9	4.1	70.1	78.1	13.6	73.1	66.5	56.5	79.0	89.5	38.2	50.1	31.4	13.3	9.7	66.6	70.8	90.9	6.2	85.4
3.3	67.1	91.6	30.0	6.0	11.9	18.1	42.5	14.5	49.5	33.0	47.3	28.3	98.5	35.1	2.3	19.4	91.1	9.3	57.3
98.1	20.9	44.0	70.7	43.6	96.7	77.1	64.1	4.6	34.9	91.0	32.7	42.7	0.9	89.9	4.8	9.0	43.3	11.5	61.9
43.1	32.9	0.5	28.8	57.9	50.3	11.6	10.2	78.9	5.2	24.9	58.1	50.8	69.5	80.3	83.6	29.5	14.7	77.4	64.0
92.2	48.4	23.5	27.9	37.6	83.5	82.7	62.6	84.7	32.1	35.0	86.0	97.2	41.4	76.4	32.7	18.4	33.6	6.3	19.7
73.6	31.6	96.7	82.3	0.5	1.9	54.9	3.4	57.5	60.2	26.7	13.2	3.3	38.8	89.3	86.9	31.1	89.3	11.3	56.0
96.2	17.7	36.7	25.5	78.6	26.2	49.8	69.7	65.4	13.4	87.1	20.2	27.6	2.9	95.1	74.7	52.0	28.0	56.0	91.2
89.4	39.4	2.2	54.2	15.9	71.5	35.9	58.6	31.7	31.5	50.4	66.2	29.9	1.1	21.9	46.5	62.3	18.6	65.7	85.4
51.5	36.1	98.4	60.3	35.0	98.7	41.8	91.3	74.2	25.2	1.9	83.4	10.1	94.4	30.2	31.9	40.9	23.8	53.1	61.9
1.3	12.1	20.3	7.5	14.8	85.8	43.0	55.8	30.7	90.7	17.9	41.5	10.2	60.8	5.1	47.3	60.2	33.1	8.9	34.8
46.1	53.2	37.0	36.3	5.4	55.9	0.1	66.6	74.7	91.6	32.9	47.3	51.5	32.4	82.4	30.2	75.1	67.0	70.9	22.6
59.6	19.2	7.2	12.4	8.9	4.7	83.5	15.7	18.5	50.5	11.6	34.4	60.6	74.7	45.9	68.1	39.8	70.2	96.5	72.3
27.5	10.1	55.0	24.1	78.3	99.3	12.0	34.6	52.4	93.3	96.5	10.3	94.6	17.3	14.0	1.7	89.4	54.0	36.8	42.8
31.2	5.7	43.8	8.8	0.6	22.3	14.3	13.2	24.5	14.4	75.8	38.1	5.1	21.9	53.5	87.1	0.1	34.3	58.2	23.1
11.6	42.9	32.8	69.8	0.4	2.6	70.2	10.9	14.5	11.1	83.1	22.8	28.8	97.6	57.1	59.5	86.0	81.4	89.2	4.8
65.8	8.7	76.7	26.8	85.2	52.6	18.9	78.1	43.6	37.6	89.5	11.3	94.7	83.8	17.5	99.2	57.3	61.9	92.5	0.4
84.1	14.6	56.1	62.2	46.9	74.4	10.8	90.1	12.6	9.4	47.6	9.4	54.8	12.2	88.8	42.3	88.9	64.1	30.7	97.6
14.7	90.0	10.9	60.1	17.7	15.1	65.9	18.8	90.1	64.3	35.3	99.3	85.4	37.3	89.3	70.2	4.4	9.2	20.3	67.5
69.3	59.5	0.0	9.8	66.4	4.9	83.7	48.5	44.5	91.3	10.8	14.1	90.8	75.3	20.8	64.3	61.1	41.1	71.3	52.0
93.4	69.6	54.0	98.9	97.6	67.6	76.5	22.1	13.5	63.2	7.5	73.7	87.9	40.6	1.6	65.8	70.3	81.7	74.0	48.6
35.5	57.7	44.2	58.2	16.8	2.7	40.9	16.4	92.0	53.3	51.7	51.0	62.4	65.8	33.4	66.7	91.1	75.2	15.6	67.4
1.5	99.1	52.5	33.0	6.9	64.9	78.2	52.9	93.0	11.7	51.1	97.1	96.7	1.9	11.6	2.1	23.9	88.5	41.8	14.6
66.1	95.2	72.4	37.4	22.2	35.6	40.1	64.2	35.3	81.6	66.6	52.4	50.3	61.4	49.5	19.8	38.8	74.9	56.1	6.1
77.8	68.5	50.4	37.8	60.3	0.3	60.3	32.9	86.8	23.2	31.3	20.3	19.7	70.0	7.0	44.9	36.8	42.2	77.1	17.8
17.6	66.3	88.9	5.9	19.1	82.4	30.4	73.2	86.1	8.2	83.0	25.2	49.5	94.0	42.6	29.9	79.8	94.2	11.0	75.4
30.5	25.9	40.4	50.6	63.9	2.7	58.6	70.5	85.5	13.5	65.7	38.7	75.0	64.1	43.2	20.6	67.0	90.0	71.8	74.8
76.6	75.7	44.2	50.0	93.0	7.5	51.1	88.4	35.3	30.1	75.1	25.5	11.6	61.1	37.3	61.2	45.4	46.2	88.7	69.0
83.3	88.0	37.0	65.8	63.2	90.7	26.1	17.5	76.3	54.1	47.9	94.0	67.7	74.5	0.6	50.0	36.1	9.1	55.9	73.3
73.8	60.0	11.7	92.1	18.0	84.7	43.6	50.1	76.1	7.8	37.7	26.2	20.4	77.4	67.1	21.4	5.1	54.3	82.3	34.5
55.5	16.4	38.7	73.9	1.7	4.5	97.2	21.5	11.2	65.8	81.8	12.1	64.7	34.5	94.0	30.8	67.6	75.9	79.0	6.8
37.2	14.4	17.4	48.6	61.8	97.9	28.1	21.0	10.8	1.8	45.6	3.8	52.7	39.3	60.5	93.0	59.2	23.5	48.3	92.2
8.6	55.7	72.0	19.7	41.9	13.8	93.8	81.3	23.3	85.4	9.1	67.3	98.6	56.8	29.9	10.5	16.6	18.6	14.3	27.7
7.3	84.5	49.8	72.4	81.6	74.3	31.0	45.2	50.7	73.8	79.1	73.6	55.0	12.6	54.8	50.7	59.9	60.4	90.3	64.1
83.8	65.2	25.5	97.9	88.6	38.8	57.9	40.8	11.4	67.4	67.3	95.6	31.1	21.2	35.1	44.8	51.2	97.4	25.8	7.0
15.5	14.3	71.5	19.5	33.7	49.4	71.0	63.1	65.5	6.3	29.6	61.1	68.1	38.4	16.1	91.1	19.4	50.9	53.9	9.4
50.2	59.9	49.3	19.3	10.8	74.5	89.5	2.8	88.9	6.1	82.2	30.4	28.7	21.2	1.2	98.9	78.3	8.4	42.3	63.2
13.4	36.5	8.0	85.8	10.1	34.9	96.8	40.5	33.8	87.3	60.0	8.6	26.2	83.2	41.5	15.9	19.1	31.0	88.1	73.2
7.5	40.5	22.0	63.0	74.2	23.6	68.1	1.0	49.7	20.1	39.7	1.1	19.7	98.1	78.3	49.6	29.6	60.1	34.5	71.6
3.6	78.4	3.6	48.2	42.0	90.3	18.8	94.2	68.9	78.1	15.0	97.4	43.3	10.3	70.0	81.8	75.8	36.6	62.9	84.8
64.5	36.1	95.0	26.6	75.1	15.4	42.2	93.5	68.3	43.0	72.4	35.4	35.7	7.3	26.7	38.5	91.6	52.9	61.7	21.0
50.1	8.7	55.2	61.4	59.6	4.2	69.2	7.1	42.6	5.7	39.6	44.9	49.0	60.3	49.3	57.4	71.7	63.0	92.6	29.6
65.0	34.1	20.8	31.4	79.7	60.3	4.0	81.0	80.7	9.1	92.4	16.2	73.9	93.1	82.0	51.5	31.5	41.6	56.7	6.6
61.2	67.6	80.1	61.2	86.7	65.9	7.1	46.7	28.1	14.3	25.8	0.5	87.7	19.1	30.8	41.7	54.7	35.8	80.9	57.3
44.1	65.3	12.6	9.2	85.5	49.7	58.0	30.4	55.3	69.0	51.8	10.0	93.9	68.0	54.6	60.8	95.4	60.7	1.2	68.0
6.2	38.1	15.4	66.9	84.5	20.3	51.7	77.0	72.7	0.4	84.6	56.1	2.2	20.9	60.3	80.6	51.4	40.0	47.1	14.6
87.2	82.4	75.3	21.7	2.1	76.0	74.1	74.3	39.8	97.0	84.7	26.2	90.3	55.9	46.6	7.9	87.2	82.1	89.2	50.3
31.7	41.5	75.2	49.3	63.8	3.6	28.7	47.6	65.6	0.3	24.7	32.3	18.1	6.0	99.5	96.5	27.5	51.6	6.5	84.4
16.4	0.7	37.7	6.6	64.7	20.5	64.0	17.0	72.3	83.2	71.7	80.5	34.3	2.3	97.2	26.7	97.7	63.4	58.4	22.5
31.5	29.1	59.3	17.7	16.4	63.2	98.4	15.4	36.7	51.2	36.0	46.1	25.6	76.4	26.1	0.3	36.3	85.3	93.4	16.2
51.6	97.8	33.9	68.3	28.4	88.5	60.5	31.5	83.0	32.9	62.4	93.3	66.8	1.6	48.0	23.2	46.3	95.0	28.6	25.4
90.9	55.6	45.7	28.7	23.7	63.6	42.7	91.1	98.3	41.9	38.3	53.2	84.6	45.6	76.6	71.6	90.1	14.3	25.3	38.1
74.3	15.1	92.7	55.7	70.7	74.5	28.0	44.7	98.1	33.8	58.5	26.3	4.9	95.6	8.6	35.7	79.4	59.0	61.0	56.2
85.4	4.7	49.2	35.3	76.4	21.8	15.6	57.6	9.3	93.3	72.1	64.4	81.6	37.6	1.3	41.9	80.8	14.5	3.5	99.9
60.2	28.7	86.4	73.8	93.8	42.4	89.9	6.7	41.8	96.9	45.9	31.2	65.5	77.7	1.8	42.8	66.6	0.5	94.7	73.6
14.5	54.0	8.7	50.3	50.2	27.4	35.8	4.8	79.4	71.3	89.4	99.7	68.8	72.1	10.6	39.3	62.4	65.0	53.5	90.3
89.8	12.0	14.3	14.0	33.5	79.7	96.6	73.6	71.8	66.5	17.3	70.1	44.3	51.8	41.4	43.6	39.0	14.5	95.0	91.0
85.6	59.7	65.7	33.8	17.1	58.9	1.1	51.4	58.9	67.6	6.6	21.1	89.6	32.5	2.7	92.0	69.7	86.9	96.2	88.8
66.1	0.4	58.4	23.3	3.1	55.0	4.7	38.6	18.3	68.4	83.6	75.3	34.7	18.1	35.2	12.9	48.3	46.1	50.5	72.5
60.1	31.2	46.4	15.2	48.8	66.6	12.6	54.5	64.1	67.0	79.6	39.9	90.9	99.1	5.9	47.5	50.1	36.5	28.3	79.1
22.4	23.7	64.7	57.0	77.6	71.3	59.6	76.8	94.2	5.5	81.1	7.7	79.5	79.5	66.1	88.8	79.7	99.7	72.2	10.0
79.1	85.8	75.3	49.2	70.7	1.8	35.4	10.8	59.0	55.5	10.4	37.9	3.5	45.0	18.6	39.0	51.7	49.6	68.2	82.9
59.1	14.6	25.0	17.1	44.9	78.5	15.3	56.0	62.8	83.7	6.4	52.9	16.6	83.3	67.6	71.4	49.5	25.9	97.5	0.2
60.0	58.8	13.2	14.1	44.3	17.0	9.5	33.2	91.5	45.7	52.0	90.1	84.8	70.9	48.4	90.6	66.4	71.0	62.3	54.2
37.9	69.1	74.3	96.0	21.6	95.5	12.6	89.7	9.9	1.0	35.5	23.4	24.1	62.2	36.5	78.0	3.5	96.8	16.0	12.5
28.8	89.4	6.4	36.9	95.6	22.0	60.0	21.7	68.3	46.1	5.9	23.4	89.9	39.1	88.9	53.0	8.1	13.8	23.8	94.1
95.6	38.2	14.2	19.6	93.5	67.9	91.7	64.3	55.7	15.3	37.5	68.1	73.4	41.4	94.2	96.5	97.2	28.8	47.1	81.3
7.3	2.4	41.8	7.9	0.8	80.5	32.7	8.8	79.7	40.3	85.8	62.9	15.9	6.8	38.9	33.1	32.8	28.5	2.9	72.9
15.0	82.1	23.8	11.8	92.1	22.2	43.7	59.1	36.7	8.3	17.8	48.8	25.7	45.4	50.2	65.4	38.7	11.4	58.6	73.8
87.3	93.7	18.1	92.9	44.4	40.7	57.7	27.8	74.0	94.9	89.9	5.5	70.4	56.9	91.3	77.4	1.4	53.8	96.1	62.3
49.3	23.3	22.6	53.2	5.7	33.8	11.4	86.7	3.0	34.5	67.0	74.6	61.1	76.9	7.5	75.6	24.1	74.5	41.5	29.1
39.8	8.5	64.4	96.4	86.0	43.4	3.4	13.2	31.1	66.4	77.9	15.2	55.7	83.5	44.7	50.9	29.6	89.6	19.3	2.1
36.7	79.5	78.4	57.5	70.3	90.0	34.4	76.3	23.2	47.0	39.9	54.6	85.6	85.8	57.0	73.9	9.3	68.5	46.2	28.4
77.6	48.8	71.6	32.7	69.6	76.8	83.9	2.8	97.1	44.7	94.1	7.1	88.7	99.1	34.1	25.4	80.2	69.6	27.6	70.4
4.0	13.4	7.9	61.8	82.6	85.2	77.6	34.4	2.8	48.6	48.5	20.4	56.2	23.0	45.7	28.6	58.1	9.2	82.4	43.0
28.7	96.2	1.6	95.1	29.9	69.3	36.6	15.3	12.7	46.2	57.9	15.7	38.2	22.5	60.3	74.8	75.5	52.0	32.5	15.6
8.8	43.9	98.1	96.2	38.0	99.9	47.4	54.6	31.3	81.8	23.1	33.3	49.5	22.8	69.3	77.1	24.7	71.5	17.6	58.2
10.3	27.8	99.7	78.3	63.1	68.9	85.2	50.4	55.9	92.3	3.7	4.9	32.7	1.1	34.2	55.4	90.4	73.4	53.5	48.9
26.1	46.5	91.2	8.9	52.2	25.6	8.1	82.3	71.6	53.5	48.3	20.3	60.6	13.9	64.7	63.2	15.2	18.6	57.9	79.2
24.3	75.8	38.9	42.7	50.9	16.2	90.8	48.0	65.0	46.2	36.5	31.7	51.8	0.2	53.0	73.4	98.2	58.2	27.5	88.5
46.8	19.3	86.7	87.6	7.7	43.4	16.0	76.8	16.1	27.3	63.6	57.3	57.7	98.8	64.4	26.5	84.4	28.7	9.2	34.3
83.6	94.5	50.2	52.7	48.9	79.8	2.4	25.8	54.0	61.8	1.2	46.7	53.1	63.9	21.8	94.8	22.3	95.7	49.0	83.1
51.3	68.8	87.9	47.2	30.5	56.2	51.5	45.7	83.8	24.2	36.3	40.0	53.2	57.1	92.2	99.8	82.7	20.6	14.0	5.6
11.6	87.3	84.6	16.4	37.3	63.1	72.8	62.0	1.1	9.9	94.6	73.0	34.5	26.3	90.5	98.9	68.5	90.1	83.0	22.6
24.7	0.4	47.1	63.4	27.1	10.9	92.2	75.9	18.9	71.8	56.3	34.3	55.6	94.0	28.6	71.8	0.8	41.7	44.3	17.3
56.2	38.7	59.8	29.9	27.2	50.1	84.5	55.9	85.9	99.3	55.8	5.6	85.0	68.6	58.3	75.4	15.8	71.3	61.1	51.2
2.7	6.9	21.8	77.9	22.5	73.0	56.8	21.5	16.3	24.6	15.6	30.4	22.2	25.3	47.3	72.1	95.2	25.9	99.0	43.3
10.5	31.0	94.3	1.3	63.8	39.5	3.9	9.2	85.1	90.1	4.4	21.5	56.5	38.1	8.8	69.9	85.2	67.0	27.7	60.3
51.5	10.1	72.9	39.2	16.1	17.3	86.7	97.1	86.3	33.3	80.6	16.1	23.3	19.1	82.5	63.0	7.6	68.6	4.1	54.4
85.6	71.5	77.2	96.7	61.9	72.3	33.9	59.0	65.3	92.6	48.7	23.9	96.9	91.8	65.4	19.7	44.6	24.8	22.9	73.4
0.4	66.5	76.5	26.0	74.5	84.5	60.5	87.8	51.8	42.4	83.3	66.8	18.7	56.1	30.2	86.1	70.9	70.7	69.9	84.8
65.0	34.9	16.9	91.1	53.9	90.3	92.3	55.4	69.9	4.6	25.5	2.1	26.7	1.1	22.5	54.3	35.1	97.1	72.3	63.6
11.4	26.8	21.7	73.6	55.9	23.5	11.5	1.4	93.2	39.1	19.9	5.0	86.9	50.2	63.0	64.3	84.9	97.0	52.2	61.1
56.9	2.9	74.0	60.8	88.3	67.8	62.4	31.0	44.3	51.7	62.5	96.4	10.1	35.9	56.7	42.5	44.7	94.8	38.3	7.6
39.0	95.7	44.5	64.0	95.1	38.4	33.7	21.4	12.5	56.3	5.2	63.2	3.0	35.1	83.3	24.1	78.8	93.8	49.6	77.4
2.4	64.7	2.1	49.5	71.4	35.6	99.4	88.9	72.7	54.3	3.9	75.4	52.7	5.8	25.4	82.7	63.9	76.7	34.9	29.1
61.7	14.6	74.8	5.5	33.4	55.0	12.4	34.3	63.4	3.4	43.7	44.4	69.4	84.4	96.9	6.5	40.0	77.0	93.3	18.7
1.9	60.0	90.2	85.6	40.3	18.2	72.9	65.6	10.5	4.2	40.2	67.8	60.6	53.1	12.3	36.5	78.8	68.0	77.8	53.5
82.3	47.6	51.6	28.8	69.6	42.7	94.2	23.6	61.6	38.1	3.7	88.3	8.6	37.9	95.3	32.7	90.2	16.4	27.1	74.9
77.0	98.8	74.9	97.0	24.5	46.1	91.9	47.7	24.0	21.6	43.9	45.3	52.0	91.0	58.6	84.7	75.2	98.2	85.4	1.5
27.5	37.7	9.2	78.8	85.1	82.9	19.3	49.3	38.5	69.6	36.3	19.8	79.2	27.0	57.6	63.7	74.4	66.7	26.4	48.1
31.9	50.6	4.0	98.8	62.7	84.7	8.4	97.6	13.1	49.5	68.0	18.8	91.7	56.3	72.5	33.9	17.9	34.7	87.4	55.6
32.7	91.6	39.7	93.7	20.4	32.0	13.7	20.1	36.2	37.8	12.8	8.0	97.2	14.4	53.3	22.5	14.5	86.7	10.6	57.7
37.6	30.1	95.4	42.5	90.3	44.7	40.5	4.0	46.4	87.0	39.5	40.7	71.1	52.0	22.6	3.4	88.9	98.9	59.6	67.2
80.0	89.7	91.9	99.0	74.8	25.3	19.5	29.3	61.4	33.4	65.9	91.1	82.4	66.1	77.6	92.4	84.6	23.7	28.8	73.7
48.7	63.4	32.2	68.3	78.6	46.3	60.0	82.1	34.6	66.4	86.2	79.0	62.9	69.8	86.3	87.5	10.9	3.3	55.1	12.5
36.3	91.8	5.2	16.5	63.8	13.2	44.8	3.0	66.6	34.8	3.0	80.8	29.0	23.7	5.0	84.0	83.5	21.2	90.4	97.6
19.4	93.2	78.1	21.6	11.7	7.6	32.6	57.5	78.6	60.4	71.8	69.1	56.6	24.1	34.5	61.7	31.1	50.3	56.2	27.7
14.0	11.9	53.1	42.2	84.6	37.6	7.3	61.2	21.1	47.5	39.5	31.4	20.4	90.0	48.2	46.3	3.8	44.8	69.0	90.3
73.7	28.6	43.5	21.3	66.1	67.6	21.7	45.5	76.3	61.5	23.1	44.1	85.7	44.8	0.8	28.0	68.4	96.5	35.8	66.4
30.4	87.1	44.3	74.3	41.7	53.4	23.3	97.6	44.5	76.6	84.6	70.6	14.2	2.9	21.2	16.9	25.6	79.2	13.1	16.9
69.3	1.4	19.2	55.9	12.7	22.4	13.1	97.3	52.4	61.2	3.1	14.2	47.7	53.1	26.0	67.8	65.6	12.7	4.8	9.3
64.3	78.4	94.7	48.7	53.7	40.1	64.4	43.4	46.6	72.6	4.2	36.0	42.7	82.1	73.5	85.9	33.3	98.9	5.4	85.4
29.7	73.1	30.9	78.1	99.9	59.5	35.9	62.7	1.0	45.9	52.5	59.3	30.9	70.8	4.9	50.7	8.7	24.4	20.6	57.3
74.5	26.2	46.7	98.4	29.4	65.0	59.3	64.1	74.4	7.3	94.0	21.8	21.9	71.3	86.9	12.5	41.4	77.9	46.4	39.7
78.7	81.0	36.4	83.3	3.4	31.8	33.3	99.1	31.7	51.0	42.2	35.3	9.1	80.6	12.7	8.3	99.7	14.7	71.1	14.1
30.2	33.5	85.1	71.3	12.1	6.5	40.5	80.1	19.7	98.4	30.0	98.9	6.5	45.6	74.0	31.9	78.9	75.5	5.0	42.5
21.1	78.0	95.1	73.8	41.6	90.1	64.4	80.4	34.2	6.9	28.5	11.7	79.5	13.2	88.2	69.2	30.6	18.8	0.3	26.8
43.3	74.7	54.1	98.5	33.0	44.3	46.3	17.3	71.6	25.3	80.4	11.2	97.5	10.2	44.6	31.9	62.6	68.5	42.2	53.3
53.0	83.6	75.3	63.1	58.9	13.2	75.5	40.5	89.2	50.8	61.1	60.2	24.6	20.6	54.3	54.7	6.9	90.7	28.0	98.5
22.7	98.4	29.7	30.6	91.5	92.5	60.6	22.2	59.7	40.3	23.5	88.3	2.4	42.8	78.5	7.0	32.8	58.3	10.1	50.5
59.7	39.4	52.6	27.3	34.6	5.6	25.9	97.5	42.9	66.9	33.1	69.1	24.0	74.6	40.4	25.8	53.1	66.9	18.2	66.2
17.1	42.5	73.0	23.5	14.9	8.0	17.1	33.2	8.5	38.8	50.8	38.9	93.9	91.7	36.2	77.8	47.1	39.1	86.9	48.7
43.1	34.7	18.2	72.3	91.9	63.1	54.0	98.5	81.2	88.5	1.5	98.7	82.0	32.6	63.8	92.3	86.6	97.8	68.2	47.8
22.9	24.8	35.7	62.3	39.5	36.0	10.9	13.7	1.7	22.8	42.3	6.3	68.7	45.3	35.3	70.8	18.5	68.4	96.1	49.1
90.9	54.5	0.7	28.9	42.2	1.1	1.9	63.0	92.1	9.0	22.3	64.6	46.3	70.8	34.7	91.5	57.5	28.8	17.2	10.5
67.0	57.0	47.1	75.0	67.7	40.5	8.4	7.7	57.1	3.1	21.5	0.2	10.7	90.9	71.6	72.4	28.5	72.6	72.6	13.3
46.5	73.4	18.9	81.5	1.6	13.8	54.0	25.4	57.2	32.0	61.3	15.5	80.5	23.3	72.4	7.2	97.5	82.3	69.7	33.2
26.8	3.1	90.9	17.5	74.7	97.4	68.6	60.2	5.9	85.4	17.2	47.1	54.9	35.7	45.9	80.2	51.6	93.6	95.7	72.5
57.4	56.9	7.0	0.6	18.9	14.8	49.6	73.9	69.2	32.5	56.5	63.5	49.0	60.9	1.8	35.7	77.8	15.0	73.5	40.4
37.2	31.6	21.5	37.4	57.7	17.1	72.0	97.9	10.7	57.7	19.7	52.7	47.3	94.4	13.1	6.5	62.5	3.5	14.3	13.1
49.9	40.4	39.3	9.0	35.9	62.8	36.3	39.1	44.7	78.6	84.9	94.7	17.7	58.6	92.6	26.0	49.0	43.6	95.6	7.4
2.3	78.9	77.4	51.7	10.5	4.7	62.9	8.2	31.1	18.3	71.8	12.7	56.0	57.2	30.4	74.9	18.3	90.4	50.9	4.8
48.7	84.4	33.3	32.5	40.6	21.3	36.2	2.5	69.4	58.4	50.5	34.2	93.1	86.0	22.9	56.8	72.3	26.5	8.3	96.9
35.5	85.8	81.3	64.2	14.6	20.5	45.3	31.5	21.3	96.8	22.1	70.7	58.4	3.0	48.9	53.1	44.0	5.3	82.2	33.1
52.5	91.9	66.8	85.8	29.5	40.4	24.1	33.9	42.8	32.6	64.8	74.7	9.5	90.4	73.1	56.0	63.8	43.3	32.6	31.5
26.0	79.2	9.8	22.0	61.9	62.8	39.2	74.6	74.9	58.5	67.0	70.5	74.7	60.8	13.7	67.1	68.9	46.8	1.3	47.0
34.1	62.8	66.8	9.7	38.1	46.7	92.1	97.9	4.5	84.9	13.0	66.4	99.5	74.2	42.8	16.9	25.1	53.0	81.9	59.4
11.2	20.2	90.4	20.4	76.2	70.5	67.2	76.2	51.7	45.7	13.7	71.9	19.6	49.1	74.6	26.5	26.5	40.9	78.9	45.7
14.1	27.6	35.2	36.7	8.2	3.0	24.2	72.1	77.1	3.0	98.5	35.9	5.0	92.7	88.3	6.6	71.2	50.6	2.2	29.6
13.0	71.7	49.1	73.8	76.4	80.4	54.1	90.1	18.0	8.8	43.1	36.5	4.5	23.7	4.8	6.9	14.8	26.0	21.8	34.1
2.3	2.8	79.6	71.2	58.0	4.9	84.6	81.1	84.5	36.0	45.1	64.7	84.7	72.6	83.9	84.5	71.4	13.4	83.0	21.7
47.0	27.4	61.9	53.1	39.8	73.2	14.7	14.3	36.1	28.5	93.0	7.6	20.2	12.0	6.4	8.6	73.8	63.1	44.4	4.0
9.2	81.5	72.4	88.4	38.5	23.3	64.1	2.6	56.7	14.7	34.0	76.3	24.6	11.2	49.3	77.0	39.8	17.1	87.8	36.1
76.4	0.7	16.7	93.9	33.0	65.0	21.4	92.2	56.6	28.6	51.0	43.8	54.2	97.7	90.4	5.6	93.2	52.5	10.6	93.4
88.1	79.0	59.8	48.1	46.3	96.5	84.7	85.0	72.8	66.5	73.4	58.2	70.0	72.5	74.3	88.7	88.7	88.9	52.1	67.5
84.4	3.3	53.9	98.0	62.9	66.0	12.6	84.1	85.7	32.4	0.6	26.1	10.3	37.6	84.1	72.6	78.7	70.3	8.0	92.8
29.4	86.9	40.1	59.2	47.0	28.8	44.3	37.3	34.9	60.9	57.5	33.7	34.2	79.2	64.8	91.1	55.1	27.8	9.6	71.6
88.3	85.9	61.1	37.9	82.9	9.8	22.7	66.0	84.8	91.0	41.6	70.3	46.9	77.0	72.6	24.9	45.4	5.9	44.9	14.8
20.0	29.9	26.3	90.9	46.5	99.4	45.9	73.7	59.1	91.9	6.8	95.2	27.1	82.1	17.2	67.1	38.9	3.3	96.5	42.8
95.1	97.0	96.9	78.3	20.4	50.0	29.0	12.5	40.5	76.8	66.8	62.5	29.1	11.1	41.2	73.0	2.7	42.8	39.3	72.4
9.7	74.5	16.9	35.6	14.9	47.0	80.6	58.6	9.3	28.2	27.8	51.9	50.3	80.8	38.9	34.0	38.0	22.2	83.6	62.8
26.3	13.4	70.2	30.2	63.3	91.7	78.6	90.8	48.2	97.7	83.7	46.3	64.1	24.4	24.7	59.8	20.8	7.0	50.8	62.5
78.8	5.6	84.4	21.6	26.6	59.6	25.9	39.6	99.1	24.7	19.6	1.3	75.1	10.0	47.0	13.0	69.4	15.7	53.7	64.4
12.4	53.8	73.5	61.5	89.4	76.3	42.1	55.2	63.0	33.7	71.0	20.8	98.7	13.7	58.4	98.6	89.4	52.0	21.5	75.2
44.1	70.9	8.4	15.9	91.9	40.7	61.5	62.9	87.8	94.1	4.5	88.7	36.6	55.9	12.0	23.3	14.4	73.8	22.0	77.7
18.9	58.4	88.5	5.9	45.4	92.5	73.7	81.0	97.9	71.5	33.9	39.0	4.5	1.1	85.8	21.5	78.6	78.6	42.2	23.4
65.8	67.2	0.8	14.2	23.2	83.9	63.1	66.6	96.2	18.2	4.3	43.4	34.1	60.0	92.8	90.4	49.5	93.4	28.6	17.1
75.4	8.2	16.1	62.8	26.0	5.2	97.9	63.8	40.3	71.8	66.0	99.4	70.8	48.5	87.3	28.5	22.7	70.7	93.9	80.7
35.7	61.2	89.6	82.0	55.1	36.5	3.5	75.2	98.1	54.3	80.7	93.9	50.4	59.0	68.5	81.3	7.7	76.9	79.1	90.9
1.2	36.4	57.3	45.3	89.8	79.6	14.0	64.1	48.7	70.2	28.7	0.4	46.5	45.1	59.0	28.7	17.3	18.3	11.1	84.0
6.8	78.5	34.5	53.9	92.3	24.8	96.0	55.8	5.8	74.7	35.6	33.2	1.4	94.4	50.6	40.4	77.7	53.0	95.2	82.0
8.9	96.7	98.0	41.4	76.1	9.5	85.2	89.5	81.1	34.7	54.3	86.4	5.5	85.7	78.1	8.0	38.1	95.9	86.3	36.9
74.3	17.4	85.7	48.7	44.8	92.5	60.5	78.5	32.8	59.7	5.5	17.7	12.1	48.4	5.7	60.8	89.0	51.0	4.6	6.9
93.9	39.7	15.3	40.3	38.4	11.0	35.0	40.5	52.1	67.5	32.0	53.5	50.2	53.9	41.4	2.5	12.1	48.3	69.3	64.3
49.1	95.0	77.9	37.4	46.1	29.4	93.3	40.1	63.4	77.5	79.8	86.0	76.9	62.9	98.1	61.3	68.1	12.0	35.7	18.4
8.8	80.1	69.7	14.0	84.8	51.7	14.8	87.0	31.8	93.2	13.4	26.1	59.9	4.3	73.7	65.1	80.8	22.7	66.2	52.8
89.9	97.9	41.3	84.5	25.7	23.0	67.0	96.3	6.9	49.0	26.6	29.2	37.5	54.3	28.5	51.8	48.0	14.5	32.2	99.9
99.3	30.3	4.3	80.9	33.7	88.8	24.0	7.5	84.1	18.7	92.5	53.5	8.7	8.1	10.8	5.1	79.4	80.1	75.1	89.9
28.2	19.3	7.9	57.8	51.3	52.9	71.0	30.1	89.7	95.5	5.7	13.1	19.2	59.6	62.0	51.5	93.1	41.9	59.6	89.0
30.9	56.7	8.0	71.6	30.8	35.8	51.8	48.2	63.6	43.3	10.5	11.0	60.1	80.6	13.7	44.3	84.9	56.8	57.1	41.2
74.3	64.3	16.6	83.9	79.2	35.9	70.1	98.1	18.0	57.1	6.7	84.9	64.1	23.9	65.7	71.5	53.6	84.6	78.7	72.1
25.4	30.2	80.0	21.3	23.7	77.2	79.3	70.0	91.9	21.1	97.3	5.6	86.5	27.4	17.7	83.6	43.0	12.1	44.1	37.8
1	2	3	4	5	6	7	8	9	10	11	12	13	14	15	16	17	18	19	20
1	2	3	4	5	6	7	8	9	10	11	12	13	14	15	16	17	18	19	20
1	2	3	4	5	6	7	8	9	10	11	12	13	14	15	16	17	18	19	20
1	2	3	4	5	6	7	8	9	10	11	12	13	14	15	16	17	18	19	20
1	2	3	4	5	6	7	8	9	10	11	12	13	14	15	16	17	18	19	20
1	2	3	4	5	6	7	8	9	10	11	12	13	14	15	16	17	18	19	20
1	2	3	4	5	6	7	8	9	10	11	12	13	14	15	16	17	18	19	20
1	2	3	4	5	6	7	8	9	10	11	12	13	14	15	16	17	18	19	20
1	2	3	4	5	6	7	8	9	10	11	12	13	14	15	16	17	18	19	20
1	2	3	4	5	6	7	8	9	10	11	12	13	14	15	16	17	18	19	20
1	2	3	4	5	6	7	8	9	10	11	12	13	14	15	16	17	18	19	20
1	2	3	4	5	6	7	8	9	10	11	12	13	14	15	16	17	18	19	20
1	2	3	4	5	6	7	8	9	10	11	12	13	14	15	16	17	18	19	20
1	2	3	4	5	6	7	8	9	10	11	12	13	14	15	16	17	18	19	20
1	2	3	4	5	6	7	8	9	10	11	12	13	14	15	16	17	18	19	20
1	2	3	4	5	6	7	8	9	10	11	12	13	14	15	16	17	18	19	20
1	2	3	4	5	6	7	8	9	10	11	12	13	14	15	16	17	18	19	20
1	2	3	4	5	6	7	8	9	10	11	12	13	14	15	16	17	18	19	20
1	2	3	4	5	6	7	8	9	10	11	12	13	14	15	16	17	18	19	20
1	2	3	4	5	6	7	8	9	10	11	12	13	14	15	16	17	18	19	20
1	2	3	4	5	6	7	8	9	10	11	12	13	14	15	16	17	18	19	20
1	2	3	4	5	6	7	8	9	10	11	12	13	14	15	16	17	18	19	20
1	2	3	4	5	6	7	8	9	10	11	12	13	14	15	16	17	18	19	20
1	2	3	4	5	6	7	8	9	10	11	12	13	14	15	16	17	18	19	20
1	2	3	4	5	6	7	8	9	10	11	12	13	14	15	16	17	18	19	20
1	2	3	4	5	6	7	8	9	10	11	12	13	14	15	16	17	18	19	20
1	2	3	4	5	6	7	8	9	10	11	12	13	14	15	16	17	18	19	20
1	2	3	4	5	6	7	8	9	10	11	12	13	14	15	16	17	18	19	20
1	2	3	4	5	6	7	8	9	10	11	12	13	14	15	16	17	18	19	20
1	2	3	4	5	6	7	8	9	10	11	12	13	14	15	16	17	18	19	20
1	2	3	4	5	6	7	8	9	10	11	12	13	14	15	16	17	18	19	20
1	2	3	4	5	6	7	8	9	10	11	12	13	14	15	16	17	18	19	20
1	2	3	4	5	6	7	8	9	10	11	12	13	14	15	16	17	18	19	20
1	2	3	4	5	6	7	8	9	10	11	12	13	14	15	16	17	18	19	20
1	2	3	4	5	6	7	8	9	10	11	12	13	14	15	16	17	18	19	20
1	2	3	4	5	6	7	8	9	10	11	12	13	14	15	16	17	18	19	20
1	2	3	4	5	6	7	8	9	10	11	12	13	14	15	16	17	18	19	20
1	2	3	4	5	6	7	8	9	10	11	12	13	14	15	16	17	18	19	20
1	2	3	4	5	6	7	8	9	10	11	12	13	14	15	16	17	18	19	20
1	2	3	4	5	6	7	8	9	10	11	12	13	14	15	16	17	18	19	20
1	2	3	4	5	6	7	8	9	10	11	12	13	14	15	16	17	18	19	20
1	2	3	4	5	6	7	8	9	10	11	12	13	14	15	16	17	18	19	20
1	2	3	4	5	6	7	8	9	10	11	12	13	14	15	16	17	18	19	20
1	2	3	4	5	6	7	8	9	10	11	12	13	14	15	16	17	18	19	20
1	2	3	4	5	6	7	8	9	10	11	12	13	14	15	16	17	18	19	20
1	2	3	4	5	6	7	8	9	10	11	12	13	14	15	16	17	18	19	20
1	2	3	4	5	6	7	8	9	10	11	12	13	14	15	16	17	18	19	20
1	2	3	4	5	6	7	8	9	10	11	12	13	14	15	16	17	18	19	20
1	2	3	4	5	6	7	8	9	10	11	12	13	14	15	16	17	18	19	20
1	2	3	4	5	6	7	8	9	10	11	12	13	14	15	16	17	18	19	20
1	2	3	4	5	6	7	8	9	10	11	12	13	14	15	16	17	18	19	20
1	2	3	4	5	6	7	8	9	10	11	12	13	14	15	16	17	18	19	20
1	2	3	4	5	6	7	8	9	10	11	12	13	14	15	16	17	18	19	20
1	2	3	4	5	6	7	8	9	10	11	12	13	14	15	16	17	18	19	20
1	2	3	4	5	6	7	8	9	10	11	12	13	14	15	16	17	18	19	20
1	2	3	4	5	6	7	8	9	10	11	12	13	14	15	16	17	18	19	20
1	2	3	4	5	6	7	8	9	10	11	12	13	14	15	16	17	18	19	20
1	2	3	4	5	6	7	8	9	10	11	12	13	14	15	16	17	18	19	20
1	2	3	4	5	6	7	8	9	10	11	12	13	14	15	16	17	18	19	20
1	2	3	4	5	6	7	8	9	10	11	12	13	14	15	16	17	18	19	20
1	2	3	4	5	6	7	8	9	10	11	12	13	14	15	16	17	18	19	20
1	2	3	4	5	6	7	8	9	10	11	12	13	14	15	16	17	18	19	20
1	2	3	4	5	6	7	8	9	10	11	12	13	14	15	16	17	18	19	20
1	2	3	4	5	6	7	8	9	10	11	12	13	14	15	16	17	18	19	20
1	2	3	4	5	6	7	8	9	10	11	12	13	14	15	16	17	18	19	20
1	2	3	4	5	6	7	8	9	10	11	12	13	14	15	16	17	18	19	20
1	2	3	4	5	6	7	8	9	10	11	12	13	14	15	16	17	18	19	20
1	2	3	4	5	6	7	8	9	10	11	12	13	14	15	16	17	18	19	20
1	2	3	4	5	6	7	8	9	10	11	12	13	14	15	16	17	18	19	20
1	2	3	4	5	6	7	8	9	10	11	12	13	14	15	16	17	18	19	20
1	2	3	4	5	6	7	8	9	10	11	12	13	14	15	16	17	18	19	20
1	2	3	4	5	6	7	8	9	10	11	12	13	14	15	16	17	18	19	20
1	2	3	4	5	6	7	8	9	10	11	12	13	14	15	16	17	18	19	20
1	2	3	4	5	6	7	8	9	10	11	12	13	14	15	16	17	18	19	20
1	2	3	4	5	6	7	8	9	10	11	12	13	14	15	16	17	18	19	20
1	2	3	4	5	6	7	8	9	10	11	12	13	14	15	16	17	18	19	20
1	2	3	4	5	6	7	8	9	10	11	12	13	14	15	16	17	18	19	20
1	2	3	4	5	6	7	8	9	10	11	12	13	14	15	16	17	18	19	20
1	2	3	4	5	6	7	8	9	10	11	12	13	14	15	16	17	18	19	20
1	2	3	4	5	6	7	8	9	10	11	12	13	14	15	16	17	18	19	20
1	2	3	4	5	6	7	8	9	10	11	12	13	14	15	16	17	18	19	20
1	2	3	4	5	6	7	8	9	10	11	12	13	14	15	16	17	18	19	20
1	2	3	4	5	6	7	8	9	10	11	12	13	14	15	16	17	18	19	20
1	2	3	4	5	6	7	8	9	10	11	12	13	14	15	16	17	18	19	20
1	2	3	4	5	6	7	8	9	10	11	12	13	14	15	16	17	18	19	20
1	2	3	4	5	6	7	8	9	10	11	12	13	14	15	16	17	18	19	20
1	2	3	4	5	6	7	8	9	10	11	12	13	14	15	16	17	18	19	20
1	2	3	4	5	6	7	8	9	10	11	12	13	14	15	16	17	18	19	20
1	2	3	4	5	6	7	8	9	10	11	12	13	14	15	16	17	18	19	20
1	2	3	4	5	6	7	8	9	10	11	12	13	14	15	16	17	18	19	20
1	2	3	4	5	6	7	8	9	10	11	12	13	14	15	16	17	18	19	20
1	2	3	4	5	6	7	8	9	10	11	12	13	14	15	16	17	18	19	20
1	2	3	4	5	6	7	8	9	10	11	12	13	14	15	16	17	18	19	20
1	2	3	4	5	6	7	8	9	10	11	12	13	14	15	16	17	18	19	20
1	2	3	4	5	6	7	8	9	10	11	12	13	14	15	16	17	18	19	20
1	2	3	4	5	6	7	8	9	10	11	12	13	14	15	16	17	18	19	20
1	2	3	4	5	6	7	8	9	10	11	12	13	14	15	16	17	18	19	20
1	2	3	4	5	6	7	8	9	10	11	12	13	14	15	16	17	18	19	20
1	2	3	4	5	6	7	8	9	10	11	12	13	14	15	16	17	18	19	20
1	2	3	4	5	6	7	8	9	10	11	12	13	14	15	16	17	18	19	20
1	2	3	4	5	6	7	8	9	10	11	12	13	14	15	16	17	18	19	20
1	2	3	4	5	6	7	8	9	10	11	12	13	14	15	16	17	18	19	20
1	2	3	4	5	6	7	8	9	10	11	12	13	14	15	16	17	18	19	20
1	2	3	4	5	6	7	8	9	10	11	12	13	14	15	16	17	18	19	20
1	2	3	4	5	6	7	8	9	10	11	12	13	14	15	16	17	18	19	20
1	2	3	4	5	6	7	8	9	10	11	12	13	14	15	16	17	18	19	20
1	2	3	4	5	6	7	8	9	10	11	12	13	14	15	16	17	18	19	20
1	2	3	4	5	6	7	8	9	10	11	12	13	14	15	16	17	18	19	20
1	2	3	4	5	6	7	8	9	10	11	12	13	14	15	16	17	18	19	20
1	2	3	4	5	6	7	8	9	10	11	12	13	14	15	16	17	18	19	20
1	2	3	4	5	6	7	8	9	10	11	12	13	14	15	16	17	18	19	20
1	2	3	4	5	6	7	8	9	10	11	12	13	14	15	16	17	18	19	20
1	2	3	4	5	6	7	8	9	10	11	12	13	14	15	16	17	18	19	20
1	2	3	4	5	6	7	8	9	10	11	12	13	14	15	16	17	18	19	20
1	2	3	4	5	6	7	8	9	10	11	12	13	14	15	16	17	18	19	20
1	2	3	4	5	6	7	8	9	10	11	12	13	14	15	16	17	18	19	20
1	2	3	4	5	6	7	8	9	10	11	12	13	14	15	16	17	18	19	20
1	2	3	4	5	6	7	8	9	10	11	12	13	14	15	16	17	18	19	20
1	2	3	4	5	6	7	8	9	10	11	12	13	14	15	16	17	18	19	20
1	2	3	4	5	6	7	8	9	10	11	12	13	14	15	16	17	18	19	20
1	2	3	4	5	6	7	8	9	10	11	12	13	14	15	16	17	18	19	20
1	2	3	4	5	6	7	8	9	10	11	12	13	14	15	16	17	18	19	20
1	2	3	4	5	6	7	8	9	10	11	12	13	14	15	16	17	18	19	20
1	2	3	4	5	6	7	8	9	10	11	12	13	14	15	16	17	18	19	20
1	2	3	4	5	6	7	8	9	10	11	12	13	14	15	16	17	18	19	20
1	2	3	4	5	6	7	8	9	10	11	12	13	14	15	16	17	18	19	20
1	2	3	4	5	6	7	8	9	10	11	12	13	14	15	16	17	18	19	20
1	2	3	4	5	6	7	8	9	10	11	12	13	14	15	16	17	18	19	20
1	2	3	4	5	6	7	8	9	10	11	12	13	14	15	16	17	18	19	20
1	2	3	4	5	6	7	8	9	10	11	12	13	14	15	16	17	18	19	20
1	2	3	4	5	6	7	8	9	10	11	12	13	14	15	16	17	18	19	20
1	2	3	4	5	6	7	8	9	10	11	12	13	14	15	16	17	18	19	20
1	2	3	4	5	6	7	8	9	10	11	12	13	14	15	16	17	18	19	20
1	2	3	4	5	6	7	8	9	10	11	12	13	14	15	16	17	18	19	20
1	2	3	4	5	6	7	8	9	10	11	12	13	14	15	16	17	18	19	20
1	2	3	4	5	6	7	8	9	10	11	12	13	14	15	16	17	18	19	20
1	2	3	4	5	6	7	8	9	10	11	12	13	14	15	16	17	18	19	20
1	2	3	4	5	6	7	8	9	10	11	12	13	14	15	16	17	18	19	20
1	2	3	4	5	6	7	8	9	10	11	12	13	14	15	16	17	18	19	20
1	2	3	4	5	6	7	8	9	10	11	12	13	14	15	16	17	18	19	20
1	2	3	4	5	6	7	8	9	10	11	12	13	14	15	16	17	18	19	20
1	2	3	4	5	6	7	8	9	10	11	12	13	14	15	16	17	18	19	20
1	2	3	4	5	6	7	8	9	10	11	12	13	14	15	16	17	18	19	20
1	2	3	4	5	6	7	8	9	10	11	12	13	14	15	16	17	18	19	20
1	2	3	4	5	6	7	8	9	10	11	12	13	14	15	16	17	18	19	20
1	2	3	4	5	6	7	8	9	10	11	12	13	14	15	16	17	18	19	20
1	2	3	4	5	6	7	8	9	10	11	12	13	14	15	16	17	18	19	20
1	2	3	4	5	6	7	8	9	10	11	12	13	14	15	16	17	18	19	20
1	2	3	4	5	6	7	8	9	10	11	12	13	14	15	16	17	18	19	20
1	2	3	4	5	6	7	8	9	10	11	12	13	14	15	16	17	18	19	20
1	2	3	4	5	6	7	8	9	10	11	12	13	14	15	16	17	18	19	20
1	2	3	4	5	6	7	8	9	10	11	12	13	14	15	16	17	18	19	20
1	2	3	4	5	6	7	8	9	10	11	12	13	14	15	16	17	18	19	20
1	2	3	4	5	6	7	8	9	10	11	12	13	14	15	16	17	18	19	20
1	2	3	4	5	6	7	8	9	10	11	12	13	14	15	16	17	18	19	20
1	2	3	4	5	6	7	8	9	10	11	12	13	14	15	16	17	18	19	20
1	2	3	4	5	6	7	8	9	10	11	12	13	14	15	16	17	18	19	20
1	2	3	4	5	6	7	8	9	10	11	12	13	14	15	16	17	18	19	20
1	2	3	4	5	6	7	8	9	10	11	12	13	14	15	16	17	18	19	20
1	2	3	4	5	6	7	8	9	10	11	12	13	14	15	16	17	18	19	20
1	2	3	4	5	6	7	8	9	10	11	12	13	14	15	16	17	18	19	20
1	2	3	4	5	6	7	8	9	10	11	12	13	14	15	16	17	18	19	20
1	2	3	4	5	6	7	8	9	10	11	12	13	14	15	16	17	18	19	20
1	2	3	4	5	6	7	8	9	10	11	12	13	14	15	16	17	18	19	20
1	2	3	4	5	6	7	8	9	10	11	12	13	14	15	16	17	18	19	20
1	2	3	4	5	6	7	8	9	10	11	12	13	14	15	16	17	18	19	20
1	2	3	4	5	6	7	8	9	10	11	12	13	14	15	16	17	18	19	20
1	2	3	4	5	6	7	8	9	10	11	12	13	14	15	16	17	18	19	20
1	2	3	4	5	6	7	8	9	10	11	12	13	14	15	16	17	18	19	20
1	2	3	4	5	6	7	8	9	10	11	12	13	14	15	16	17	18	19	20
1	2	3	4	5	6	7	8	9	10	11	12	13	14	15	16	17	18	19	20
1	2	3	4	5	6	7	8	9	10	11	12	13	14	15	16	17	18	19	20
1	2	3	4	5	6	7	8	9	10	11	12	13	14	15	16	17	18	19	20
1	2	3	4	5	6	7	8	9	10	11	12	13	14	15	16	17	18	19	20
1	2	3	4	5	6	7	8	9	10	11	12	13	14	15	16	17	18	19	20
1	2	3	4	5	6	7	8	9	10	11	12	13	14	15	16	17	18	19	20
1	2	3	4	5	6	7	8	9	10	11	12	13	14	15	16	17	18	19	20
1	2	3	4	5	6	7	8	9	10	11	12	13	14	15	16	17	18	19	20
1	2	3	4	5	6	7	8	9	10	11	12	13	14	15	16	17	18	19	20
1	2	3	4	5	6	7	8	9	10	11	12	13	14	15	16	17	18	19	20
1	2	3	4	5	6	7	8	9	10	11	12	13	14	15	16	17	18	19	20
1	2	3	4	5	6	7	8	9	10	11	12	13	14	15	16	17	18	19	20
1	2	3	4	5	6	7	8	9	10	11	12	13	14	15	16	17	18	19	20
1	2	3	4	5	6	7	8	9	10	11	12	13	14	15	16	17	18	19	20
1	2	3	4	5	6	7	8	9	10	11	12	13	14	15	16	17	18	19	20
1	2	3	4	5	6	7	8	9	10	11	12	13	14	15	16	17	18	19	20
1	2	3	4	5	6	7	8	9	10	11	12	13	14	15	16	17	18	19	20
1	2	3	4	5	6	7	8	9	10	11	12	13	14	15	16	17	18	19	20
1	2	3	4	5	6	7	8	9	10	11	12	13	14	15	16	17	18	19	20
1	2	3	4	5	6	7	8	9	10	11	12	13	14	15	16	17	18	19	20
1	2	3	4	5	6	7	8	9	10	11	12	13	14	15	16	17	18	19	20
1	2	3	4	5	6	7	8	9	10	11	12	13	14	15	16	17	18	19	20
1	2	3	4	5	6	7	8	9	10	11	12	13	14	15	16	17	18	19	20
1	2	3	4	5	6	7	8	9	10	11	12	13	14	15	16	17	18	19	20
1	2	3	4	5	6	7	8	9	10	11	12	13	14	15	16	17	18	19	20
1	2	3	4	5	6	7	8	9	10	11	12	13	14	15	16	17	18	19	20
1	2	3	4	5	6	7	8	9	10	11	12	13	14	15	16	17	18	19	20
1	2	3	4	5	6	7	8	9	10	11	12	13	14	15	16	17	18	19	20
1	2	3	4	5	6	7	8	9	10	11	12	13	14	15	16	17	18	19	20
1	2	3	4	5	6	7	8	9	10	11	12	13	14	15	16	17	18	19	20
