200	20
53.0	87.0	74.6	6.7	52.1	70.2	23.4	74.0	76.1	28.7	65.6	23.5	54.7	34.0	4.8	61.1	62.5	89.0	9.3	39.7
50.0	51.3	12.5	31.0	26.6	43.3	59.0	81.4	8.6	73.5	91.2	94.7	89.3	16.3	38.6	55.1	41.1	76.4	85.9	16.5
30.4	56.2	92.8	27.3	32.7	0.4	5.3	72.9	64.3	61.6	79.5	78.4	61.5	28.9	64.2	77.1	78.0	49.7	8.0	95.6
16.1	91.6	48.1	52.3	75.5	58.4	47.9	84.1	95.7	77.9	54.2	73.5	10.5	83.1	63.9	75.5	79.0	41.5	28.8	27.8
78.8	9.9	92.0	7.4	76.1	18.8	29.7	53.1	86.0	86.4	63.7	58.0	86.8	36.7	65.4	33.7	31.0	47.7	16.4	73.8
98.2	45.8	6.6	85.9	51.1	95.8	80.6	37.6	12.8	27.2	74.3	50.4	11.8	54.8	28.1	33.3	11.2	16.8	29.0	15.0
21.3	50.7	73.6	61.0	80.1	93.3	72.2	94.0	77.4	12.7	21.6	42.5	76.2	24.6	97.7	36.2	41.0	43.5	98.4	24.8
83.5	37.6	20.4	79.3	99.9	42.0	31.0	66.9	24.0	42.9	26.0	79.0	94.7	5.2	32.8	69.4	72.3	33.5	52.1	3.6
66.8	21.2	67.5	68.6	4.5	43.9	2.8	9.8	23.4	31.6	59.2	50.5	93.9	90.6	22.9	36.6	40.2	45.4	74.9	27.8
42.5	12.8	61.8	49.5	90.9	50.3	72.3	11.7	72.2	15.6	82.9	0.6	9.8	93.5	47.5	80.9	41.4	64.6	32.4	98.5
72.2	10.2	20.8	83.0	87.4	85.3	80.8	12.6	59.8	67.5	20.9	8.6	62.5	8.1	9.6	56.0	62.7	28.7	0.6	93.4
29.0	97.5	58.7	18.0	94.8	36.7	91.5	56.8	25.1	17.4	78.2	5.9	74.6	14.7	2.9	71.2	71.0	38.8	82.9	79.1
60.3	1.4	81.5	45.7	14.7	81.7	59.9	7.5	92.4	75.9	48.8	71.3	12.0	60.3	71.7	51.6	43.9	78.8	51.6	64.6
70.0	64.3	8.5	6.3	94.3	7.8	24.2	13.6	66.7	58.0	83.1	48.9	64.6	90.8	69.8	88.4	23.0	13.4	81.3	39.2
22.2	13.4	88.2	58.3	1.4	11.7	12.1	87.8	84.1	52.2	83.9	38.6	81.4	82.5	62.5	72.4	3.4	79.6	54.2	52.0
76.7	70.6	84.0	43.8	53.6	12.8	30.9	23.6	38.5	33.3	60.2	78.7	2.0	20.5	16.9	32.6	18.9	52.4	9.3	80.3
17.6	10.9	46.9	29.7	30.6	86.1	30.4	86.8	68.4	77.1	47.7	68.4	19.5	73.1	13.2	31.9	54.9	66.6	15.5	89.0
7.1	56.9	53.0	79.9	67.8	12.5	29.9	24.8	89.9	93.1	72.4	55.2	69.3	82.3	44.2	84.3	9.4	22.4	61.7	55.7
76.5	10.6	41.5	78.4	78.6	17.7	41.6	89.7	67.1	85.3	37.0	66.5	70.3	38.8	3.5	56.5	25.5	81.5	79.3	29.3
12.7	21.4	96.4	21.4	62.6	41.3	72.2	8.8	74.1	78.4	79.6	11.8	59.4	97.7	67.3	86.5	42.0	2.3	85.6	25.1
66.2	82.6	56.1	48.5	73.2	81.9	82.7	46.9	22.6	1.4	95.4	63.3	38.8	16.6	6.1	19.8	98.5	16.3	50.6	87.7
0.9	25.8	25.1	73.8	79.1	27.9	84.8	49.5	59.3	56.4	35.6	70.3	41.0	96.3	87.7	43.3	21.4	99.6	11.6	1.9
63.5	8.2	93.1	33.3	78.5	0.8	32.5	85.1	37.4	23.8	63.3	81.2	17.8	81.8	2.4	21.3	85.5	36.5	89.4	58.2
49.0	93.7	48.7	14.6	37.7	16.6	9.7	95.2	67.0	56.0	68.1	87.7	53.6	49.6	49.1	22.5	85.0	79.9	76.9	17.0
3.6	89.7	44.4	72.5	90.8	93.9	60.1	84.9	10.8	88.9	30.0	52.8	54.3	64.3	20.5	52.2	9.1	41.9	30.9	30.8
90.8	28.5	34.9	8.0	24.5	27.7	77.7	38.9	4.4	53.7	56.4	19.8	41.6	84.3	5.3	80.0	21.1	66.7	70.2	86.8
13.0	14.5	31.1	53.9	47.4	63.6	90.1	40.2	96.8	53.7	2.9	57.2	99.3	14.0	5.8	11.0	12.2	82.8	84.9	52.5
79.0	81.8	17.4	65.9	63.5	81.8	55.1	71.3	25.4	33.8	66.7	13.1	45.0	42.5	58.4	21.4	3.7	17.8	13.6	94.7
53.5	88.7	49.0	93.6	65.6	66.7	64.6	86.7	55.7	60.6	53.4	20.4	19.6	35.4	48.9	23.9	44.9	46.3	10.4	59.5
22.5	6.2	72.6	98.5	26.1	60.3	43.5	57.3	83.9	94.8	89.8	40.2	35.7	98.8	86.8	39.7	63.4	55.5	82.1	20.2
86.0	45.1	44.0	81.4	99.6	33.1	42.7	50.9	2.0	39.5	58.2	44.3	71.1	60.5	1.1	98.3	58.0	18.3	57.1	81.1
45.7	26.0	48.8	6.0	0.6	2.8	68.5	46.5	45.2	79.0	9.0	25.0	16.4	57.5	48.5	4.3	66.7	44.2	51.9	77.4
12.8	11.0	10.7	96.6	46.0	0.5	83.5	76.5	43.2	45.7	73.8	25.4	30.9	16.1	51.7	59.2	61.7	88.2	56.1	39.1
92.2	91.1	22.8	93.2	86.4	89.8	58.2	46.7	9.7	1.0	87.6	78.4	77.2	87.7	18.6	31.8	80.4	9.9	36.2	33.8
63.0	30.9	33.7	57.5	97.1	59.3	92.1	5.5	46.7	18.8	86.7	73.5	72.7	57.1	63.0	37.8	15.9	68.9	14.3	0.4
30.3	42.7	99.3	71.2	66.2	79.2	55.5	48.6	61.4	79.5	8.3	0.2	49.4	19.5	28.6	35.8	78.2	24.8	25.3	14.0
4.0	31.0	56.4	47.0	34.2	61.7	31.9	81.9	80.0	23.3	58.8	5.6	20.5	80.8	56.9	53.6	78.2	30.6	4.4	43.2
41.0	44.4	39.2	54.9	50.7	4.0	36.6	72.2	79.8	35.0	11.4	55.0	54.8	6.6	65.7	26.4	7.4	12.5	43.8	33.1
34.0	89.2	70.7	30.7	79.0	43.7	89.9	27.6	68.0	24.6	12.2	69.7	20.7	18.0	87.2	37.4	18.6	79.8	71.5	3.5
81.3	26.5	12.2	11.1	75.6	23.1	15.8	9.5	32.8	10.1	91.0	79.5	10.6	9.7	21.5	49.4	57.4	27.2	38.2	26.6
37.7	60.9	80.5	74.4	41.9	54.1	37.8	15.1	12.8	11.2	81.7	85.9	60.0	55.2	83.9	79.2	76.6	34.4	26.0	62.9
45.9	32.0	26.2	6.4	88.9	75.7	1.7	70.4	83.7	37.0	75.3	49.3	87.7	72.4	11.8	86.6	53.5	11.3	28.1	86.6
61.2	59.8	23.3	34.7	36.4	11.8	93.7	89.7	3.5	76.7	67.4	49.0	18.0	91.5	99.5	20.9	27.9	79.8	35.5	55.2
25.5	88.8	32.5	99.6	71.7	79.4	23.6	35.2	3.8	15.6	32.1	76.3	36.8	35.0	45.8	45.2	10.2	61.8	5.1	45.5
37.4	45.3	96.0	18.5	60.8	75.1	63.0	55.2	59.7	13.3	27.8	46.4	22.5	69.1	32.5	28.4	83.2	73.3	93.2	57.1
2.7	71.9	22.0	96.9	5.4	57.4	79.0	72.7	46.9	19.2	3.2	30.6	35.6	40.3	15.2	83.3	7.1	96.6	66.6	34.0
35.7	99.4	84.1	96.8	88.9	66.2	18.7	42.5	35.9	79.3	34.5	52.9	68.4	57.0	34.2	93.6	90.0	67.1	51.5	70.2
24.4	58.9	85.8	66.8	95.2	19.5	96.5	73.6	42.4	64.6	52.4	83.5	53.0	8.8	82.1	25.5	42.3	65.8	54.0	34.5
83.3	70.7	97.9	16.2	83.4	78.8	68.0	73.8	42.7	22.1	27.5	24.8	88.6	99.9	29.2	84.0	54.6	54.5	88.3	52.8
42.4	9.9	37.6	40.3	4.1	33.0	95.8	90.3	42.8	23.6	25.1	67.6	86.6	84.6	2.1	87.0	88.7	46.4	38.0	16.1
67.0	39.0	68.0	10.9	10.5	70.7	1.1	84.6	75.4	48.8	27.3	67.8	80.8	88.5	92.3	27.6	17.6	34.0	85.8	48.4
72.2	81.3	22.4	0.6	28.7	84.5	35.4	22.3	52.6	68.2	95.2	44.7	83.5	2.5	37.6	3.7	67.9	28.9	71.4	89.3
11.5	95.9	75.7	98.3	77.5	46.5	53.7	22.4	39.1	31.3	96.7	48.5	99.1	55.6	4.7	3.1	97.3	49.6	56.2	15.2
19.6	57.5	25.9	90.5	83.6	47.3	58.5	68.5	93.6	10.1	0.6	77.1	22.9	80.2	75.0	18.2	54.4	51.4	96.3	97.3
79.8	81.5	99.2	8.3	17.3	4.6	83.8	38.4	14.0	26.2	62.2	39.3	29.5	69.4	49.0	8.5	20.9	31.2	81.5	58.5
60.8	93.9	11.2	16.5	40.3	55.7	49.8	33.4	31.3	25.1	74.5	8.5	4.1	56.0	39.6	1.2	77.6	44.4	81.4	73.2
55.4	48.6	95.2	92.0	99.2	73.7	29.7	53.6	20.5	16.7	10.1	35.9	4.1	50.4	91.6	5.9	20.2	62.0	81.6	49.3
36.2	63.3	54.1	10.3	86.0	49.8	18.2	68.4	73.1	82.2	8.5	47.7	58.3	51.0	96.9	49.8	42.6	36.1	46.4	39.8
46.9	59.1	26.3	71.8	9.0	69.6	28.8	69.6	61.2	79.8	19.0	31.7	40.0	73.6	10.0	67.9	87.4	71.1	78.5	75.0
95.2	78.6	48.6	44.8	0.9	95.8	34.9	88.8	58.0	34.4	3.9	24.6	62.8	93.4	3.5	35.0	19.3	78.1	52.0	35.7
15.2	88.7	36.4	64.7	12.8	94.4	50.3	12.6	74.1	17.5	78.4	8.6	60.8	38.6	15.2	15.5	22.7	50.4	80.7	61.9
60.5	19.0	39.0	8.3	80.4	14.6	20.7	48.0	56.0	3.9	67.6	48.4	99.2	62.3	99.0	53.9	58.3	33.9	43.5	57.5
3.1	11.5	39.4	61.4	92.9	1.8	25.5	11.0	78.6	94.6	96.7	47.3	39.9	27.9	97.8	22.3	46.0	23.6	87.0	3.4
52.9	73.6	42.1	21.2	98.4	53.7	15.6	76.7	96.2	40.7	77.5	9.9	39.7	10.5	11.5	37.9	2.6	91.0	2.2	50.3
98.3	74.6	56.7	53.6	59.1	10.4	26.6	64.2	1.0	79.4	18.8	63.4	81.7	8.8	75.2	1.9	83.0	38.9	58.6	26.1
96.0	36.0	18.2	31.2	39.9	72.7	7.0	94.9	37.2	75.7	8.2	74.3	6.9	85.4	21.1	93.8	22.8	37.8	11.4	52.0
92.6	84.9	85.1	51.0	15.8	81.7	97.1	52.9	34.3	56.3	17.5	27.5	49.1	89.9	84.9	48.0	34.0	97.5	94.2	24.4
61.7	99.5	31.0	41.8	88.8	11.9	6.4	9.0	95.7	95.2	53.3	24.7	0.9	88.9	90.6	19.9	9.2	79.6	45.6	28.9
5.6	74.7	19.7	68.7	97.2	8.9	48.9	17.7	64.1	84.2	86.5	17.0	15.7	5.8	48.3	0.2	34.8	29.4	94.6	31.1
12.6	30.5	43.6	33.1	63.1	14.7	69.8	95.7	69.8	40.7	62.0	8.5	26.7	65.6	79.2	37.7	37.3	34.6	9.3	28.1
21.5	60.5	70.6	29.0	81.1	33.7	64.4	23.3	41.5	74.4	47.9	35.3	88.1	75.0	75.1	85.3	12.7	48.4	5.9	85.4
61.8	60.9	50.2	37.5	53.2	43.1	68.4	3.5	64.7	64.5	96.0	68.6	55.4	82.5	64.8	54.8	82.2	92.6	38.4	54.2
12.2	18.2	59.8	84.0	82.5	64.0	86.5	79.5	68.3	93.1	44.9	98.9	99.0	6.5	24.9	89.2	14.2	28.8	36.5	20.9
16.0	21.1	20.3	64.1	37.4	65.6	39.6	41.4	60.9	99.5	16.3	29.7	8.2	74.8	90.1	84.7	47.0	22.9	42.5	10.5
15.8	90.5	9.2	62.9	28.7	7.1	35.5	7.7	18.5	4.7	81.0	41.0	80.0	36.7	21.6	6.7	51.9	16.9	50.0	25.8
36.4	17.9	12.6	37.4	76.7	38.4	84.4	35.1	41.3	43.3	11.9	53.7	2.7	94.7	80.9	89.6	54.2	53.6	76.5	96.7
36.5	91.6	80.6	96.0	15.8	45.8	47.5	96.6	42.2	17.1	5.2	74.1	63.7	33.9	25.9	63.0	86.8	16.4	68.8	34.6
12.6	78.8	7.9	73.0	44.6	87.6	84.8	95.7	21.1	48.9	93.0	34.9	21.8	23.1	67.1	8.6	10.1	24.0	10.6	93.9
49.7	24.9	80.1	67.3	98.0	7.6	54.2	58.7	1.7	21.0	27.2	57.0	33.4	3.6	85.9	59.7	22.9	89.8	68.3	67.4
47.7	41.0	66.9	2.0	57.7	73.4	18.4	13.8	48.5	1.2	80.0	24.7	70.7	65.7	74.7	15.0	38.0	58.7	85.5	5.7
7.2	10.3	40.5	71.6	44.3	86.3	18.4	77.2	31.7	53.1	0.1	9.4	54.6	68.8	98.4	90.5	44.3	80.1	11.8	72.3
22.2	5.3	74.7	61.7	15.1	55.9	23.9	71.5	55.9	0.5	29.5	32.0	90.2	43.4	55.4	84.5	61.6	39.0	34.2	9.1
8.3	75.4	8.2	56.0	62.4	16.0	1.0	27.7	61.7	86.6	91.3	43.6	58.4	62.7	45.4	30.6	14.1	7.0	79.1	73.4
72.3	38.5	13.2	66.9	36.3	11.8	23.4	86.0	27.0	71.4	56.4	32.9	56.3	51.1	18.2	82.2	23.4	4.1	73.8	33.6
92.4	49.7	48.2	72.5	72.9	40.2	27.6	44.4	96.8	68.2	36.9	69.7	97.4	11.2	67.0	36.1	22.5	52.1	39.5	83.2
88.2	5.3	45.5	59.6	12.3	6.7	40.3	60.1	45.1	30.5	0.3	68.8	29.3	71.5	71.4	26.7	97.8	55.2	92.2	8.6
38.2	95.2	56.0	77.1	5.2	30.4	8.7	11.2	40.0	60.1	42.5	1.0	27.3	57.5	60.5	78.8	84.0	81.3	99.2	86.3
87.7	38.4	84.1	26.2	48.2	73.9	42.5	51.0	73.7	4.5	71.8	93.2	90.3	99.0	77.5	91.8	83.8	78.7	30.0	56.4
96.1	72.1	43.0	57.7	83.6	86.2	63.2	74.7	1.2	75.8	77.3	60.6	32.6	40.8	91.6	94.9	5.7	87.9	55.6	33.8
45.7	24.2	9.9	82.3	82.8	30.4	99.6	78.8	75.3	81.1	48.8	70.1	43.3	25.9	31.6	24.5	53.3	34.5	31.8	22.3
56.9	81.6	1.0	52.5	6.4	25.7	44.7	36.5	41.6	59.2	50.7	96.0	34.1	58.9	36.2	57.9	2.8	89.6	65.4	42.8
27.5	73.1	74.3	11.8	90.1	78.4	97.7	56.3	72.7	79.3	6.7	89.6	23.1	21.7	93.7	58.6	50.5	5.6	50.3	34.8
31.3	8.4	5.9	35.1	34.2	97.5	68.7	64.2	3.7	17.1	20.9	38.5	43.3	96.1	73.3	66.7	92.2	77.5	68.6	7.1
76.7	19.7	17.9	21.1	33.7	25.7	37.6	82.8	23.9	79.7	15.9	3.3	78.9	34.0	1.7	20.2	33.1	27.1	73.9	2.4
20.8	60.2	14.8	34.4	96.5	66.0	12.2	75.2	41.0	31.8	36.0	53.4	82.3	9.6	49.9	32.9	66.0	89.0	51.9	50.1
94.9	49.9	49.4	47.1	72.8	4.7	95.4	98.9	51.8	37.5	62.8	53.8	32.0	47.1	11.4	44.5	60.9	80.2	91.6	62.7
20.8	65.5	20.6	11.1	66.6	91.3	5.9	54.3	24.1	67.0	14.0	10.6	32.3	40.5	91.6	0.0	42.3	58.7	13.0	33.8
2.3	19.7	12.0	89.9	2.3	80.3	54.8	26.8	38.8	84.3	49.5	26.5	31.0	66.5	54.2	64.5	50.7	16.1	27.9	64.5
56.5	0.0	7.9	86.9	66.7	10.8	69.1	74.1	51.5	7.0	44.0	59.7	42.8	65.4	98.5	44.4	16.6	38.8	82.7	76.9
82.3	66.1	54.6	74.7	46.0	0.2	53.8	76.5	56.5	95.0	81.8	28.3	63.7	83.7	80.2	81.1	63.3	2.7	23.8	21.9
59.3	27.3	84.5	88.3	83.6	1.2	24.9	79.7	75.3	10.5	63.6	83.4	21.7	52.4	47.8	49.5	71.6	13.6	75.7	64.1
32.4	64.7	18.2	24.1	85.9	10.3	50.4	41.0	10.0	70.9	11.1	19.0	7.6	55.0	28.6	81.3	94.6	79.6	6.5	33.2
73.5	15.5	99.8	75.4	17.6	95.2	0.3	67.7	72.9	35.0	28.8	99.5	78.8	7.9	99.5	45.4	4.5	54.7	69.6	46.9
5.1	18.7	19.5	95.1	19.4	49.3	6.1	78.0	34.2	8.4	39.7	77.2	96.2	78.4	57.2	69.0	55.4	97.3	79.9	77.4
9.4	55.2	75.5	95.7	94.9	62.0	1.8	23.3	62.5	50.4	83.2	0.5	14.9	41.3	71.8	2.9	99.2	73.7	10.6	2.1
4.0	94.4	10.9	66.6	47.5	18.2	7.4	27.4	69.9	81.7	29.4	74.2	47.6	23.0	45.3	19.6	70.4	99.7	64.7	72.2
26.1	55.0	28.3	73.9	67.2	15.0	58.7	25.4	66.5	79.1	66.4	97.7	96.3	5.0	30.7	85.3	43.9	58.6	72.0	13.2
23.6	56.1	11.2	25.6	79.9	31.9	29.7	63.5	24.2	23.7	54.3	94.0	32.1	46.5	19.1	1.5	19.1	43.0	14.9	85.3
72.9	87.2	68.6	47.0	59.6	5.6	39.4	34.4	17.7	50.2	85.8	25.0	47.9	17.8	21.7	50.5	82.8	66.9	98.0	59.1
13.5	93.2	72.2	11.9	0.8	60.3	79.2	61.5	59.1	70.0	42.9	39.6	56.7	52.4	85.9	6.4	32.6	64.3	54.7	97.1
98.5	7.1	20.2	56.5	63.4	30.7	97.4	68.3	82.7	44.7	66.6	22.0	36.4	51.2	30.0	6.9	46.9	61.2	91.6	96.5
74.3	55.6	49.3	88.3	34.1	38.2	21.6	28.0	76.0	12.7	43.5	43.0	50.8	5.3	40.4	51.3	43.6	46.2	77.0	93.7
5.3	46.2	86.8	90.4	67.2	85.1	69.8	94.9	47.3	26.7	47.9	5.7	3.8	33.3	64.7	29.5	32.5	52.1	24.0	27.8
92.4	19.7	95.0	8.4	2.8	58.4	61.8	26.4	71.1	76.9	46.8	26.6	68.9	8.1	19.3	81.6	91.8	27.8	38.9	5.1
49.6	40.3	3.0	63.0	60.8	36.9	20.9	62.0	77.2	49.6	90.7	53.4	81.2	40.2	34.6	72.1	53.6	62.5	60.7	79.5
51.2	84.4	36.2	93.4	31.4	95.5	52.2	85.4	59.8	85.9	27.4	11.0	55.9	8.0	61.2	56.3	45.4	65.6	33.6	50.2
0.1	65.7	12.9	56.6	5.1	63.5	63.9	42.2	31.9	92.5	97.6	91.3	83.2	48.6	42.4	28.1	68.3	6.5	81.7	15.1
59.6	89.2	65.3	84.8	65.9	79.6	63.8	94.7	77.4	63.6	98.9	55.4	49.0	38.5	82.4	37.1	44.8	85.9	67.0	70.9
18.1	34.1	64.6	15.4	13.0	69.4	26.1	7.5	5.8	80.1	6.2	46.1	23.3	73.5	58.5	47.4	88.4	68.3	78.2	32.3
11.8	26.8	57.6	39.6	76.9	52.9	31.7	71.1	88.5	87.8	53.7	64.2	72.3	82.5	53.8	95.3	41.5	46.6	49.0	21.5
23.4	27.0	50.2	68.8	96.8	37.8	36.6	79.3	76.0	61.4	59.8	82.6	9.4	89.1	48.8	94.9	48.2	8.3	61.3	48.3
90.0	77.3	42.1	36.3	71.6	41.6	88.8	53.3	84.9	40.1	91.7	42.8	91.2	62.5	56.9	79.3	6.0	92.4	17.4	23.5
59.9	9.0	63.3	93.7	55.1	37.5	21.3	14.2	1.2	92.1	75.6	0.8	18.8	13.4	98.3	3.5	24.1	42.5	43.9	45.4
49.0	55.6	92.7	44.3	64.1	51.8	94.5	44.9	3.4	53.9	40.8	94.4	92.7	3.5	17.5	11.3	96.5	90.5	49.8	39.3
38.5	78.2	18.6	95.3	56.6	49.2	11.0	29.9	89.0	23.8	76.6	16.7	65.2	4.1	21.7	84.3	85.9	70.3	57.7	37.0
95.4	39.9	89.8	40.7	82.2	30.8	65.0	35.7	58.7	37.4	53.0	93.9	17.4	35.7	26.6	44.8	85.0	77.0	1.0	40.6
79.1	52.5	1.9	68.9	64.7	12.2	96.0	96.4	96.6	88.6	69.3	89.5	12.9	53.2	17.6	76.3	52.9	66.3	5.5	12.3
15.5	5.2	3.2	67.0	82.6	17.9	18.5	42.4	51.2	54.7	77.8	31.2	46.5	13.6	43.3	77.9	79.3	2.0	71.4	87.9
67.0	79.3	15.1	12.5	15.5	8.9	29.6	12.7	88.7	20.7	52.0	16.2	27.5	93.2	30.0	34.9	92.4	5.7	50.5	69.4
43.1	20.0	21.7	41.1	93.6	73.5	81.5	54.8	39.5	86.6	88.5	9.1	80.5	92.8	41.5	77.7	7.5	6.0	90.4	43.5
13.2	100.0	57.4	84.3	12.8	65.6	95.9	65.2	78.1	99.8	74.3	77.5	29.7	18.4	67.8	13.0	68.4	52.3	76.0	48.0
87.1	72.3	12.8	28.8	9.5	10.0	15.6	36.0	94.4	51.9	64.9	42.8	99.4	92.8	43.4	35.7	60.1	66.8	92.8	98.3
24.7	43.1	90.1	43.2	87.3	27.8	93.5	50.3	7.0	5.0	22.1	76.2	43.7	95.6	69.8	48.0	68.5	3.6	56.7	76.2
79.9	5.1	62.8	35.2	88.8	60.5	72.8	94.7	39.5	26.9	9.5	22.4	87.9	70.8	42.0	60.2	52.5	58.6	5.1	0.5
41.4	16.3	24.4	27.2	31.4	25.0	15.2	65.4	68.9	39.0	15.0	56.0	28.5	76.9	31.0	88.6	77.1	64.9	17.9	58.6
37.3	3.2	23.0	50.5	58.5	48.4	60.9	5.2	30.2	67.8	49.5	78.0	53.5	12.0	42.8	70.7	48.3	80.3	1.7	17.0
16.9	26.3	14.7	32.6	68.5	51.8	82.6	73.4	27.4	82.2	92.1	4.5	73.9	93.9	39.3	12.4	92.2	45.7	68.7	7.7
58.0	59.8	10.9	3.3	41.3	54.9	5.7	68.5	33.9	94.5	50.1	67.7	44.5	24.7	9.8	95.0	75.6	53.5	36.8	5.0
1.4	35.6	57.4	50.0	76.9	13.3	41.5	15.9	61.2	94.3	81.8	7.5	24.2	99.8	38.9	67.7	32.9	12.1	36.1	14.6
2.3	41.6	11.9	34.2	0.2	31.1	24.7	58.2	42.0	85.4	47.7	85.3	48.1	36.7	74.0	51.8	71.6	6.7	86.9	71.2
47.0	63.5	63.5	26.3	3.7	10.4	47.4	59.0	20.3	84.3	16.7	31.3	43.5	62.4	14.7	23.8	0.9	32.8	9.1	45.2
81.9	73.5	92.5	15.2	49.2	42.8	59.6	32.7	45.6	10.9	16.1	46.5	58.9	39.2	53.8	22.6	75.9	22.5	47.8	72.7
59.1	25.5	83.1	68.0	12.8	24.8	44.0	78.3	13.3	89.4	83.4	67.3	40.2	27.5	86.3	76.2	82.1	70.6	97.8	34.3
80.7	40.0	91.9	47.4	95.5	92.7	81.0	40.6	44.0	4.2	58.3	85.9	48.4	80.2	39.0	33.5	69.5	22.5	97.6	11.4
62.5	50.5	20.8	88.5	3.2	50.2	19.2	36.7	74.2	24.3	88.6	63.5	79.0	70.2	8.4	58.3	83.6	97.8	13.3	46.2
77.4	48.4	80.4	78.0	94.1	55.7	78.1	51.8	14.0	27.5	74.7	22.2	36.6	89.6	16.5	39.5	7.0	37.3	23.0	34.2
69.9	40.4	77.6	90.7	80.0	56.8	56.2	19.4	86.5	39.0	17.8	25.1	23.5	56.4	6.0	15.2	57.8	38.1	60.7	23.2
80.9	77.1	85.6	75.8	29.1	46.0	24.6	51.5	49.3	13.8	72.2	49.4	10.2	5.2	46.5	38.4	34.7	12.6	14.6	21.8
22.3	56.9	54.3	63.8	79.7	95.8	86.2	92.0	1.7	25.0	4.3	78.9	42.5	71.2	8.2	68.6	40.6	6.2	24.3	54.2
78.7	31.2	26.4	96.7	97.4	53.1	53.9	81.8	28.5	42.9	93.0	3.4	15.2	60.9	59.4	67.8	24.7	38.8	28.7	62.3
85.8	75.7	88.5	48.4	14.3	51.8	34.0	45.3	14.7	77.9	23.2	99.1	99.6	39.6	30.9	50.8	86.7	27.2	71.1	4.1
15.0	50.6	83.3	47.7	65.4	89.3	13.3	89.6	50.4	7.3	23.7	64.3	72.9	54.9	41.8	81.0	44.7	78.9	15.3	83.8
30.7	76.0	0.1	63.3	36.8	9.4	35.8	20.5	61.8	25.6	41.7	97.7	69.2	88.2	18.9	71.9	19.5	71.0	66.0	22.7
3.6	45.9	45.2	71.9	86.4	30.7	47.8	40.3	83.7	56.2	26.2	3.9	68.6	2.9	97.4	9.8	93.4	55.7	39.6	62.3
21.7	53.2	59.5	58.8	24.2	25.8	27.9	35.6	53.5	79.1	10.3	14.7	68.0	50.6	64.0	98.0	50.6	48.5	11.4	90.3
13.0	12.0	94.7	25.0	70.6	90.0	3.7	51.9	22.7	83.5	6.0	82.4	47.7	32.5	65.5	9.6	77.2	81.2	7.8	87.0
33.3	29.0	67.2	1.1	27.4	40.7	69.2	14.6	6.2	4.0	86.7	32.0	30.0	58.5	61.8	46.9	70.9	95.5	74.7	38.0
32.5	27.9	84.2	84.5	15.4	74.7	86.2	58.8	75.2	86.4	26.2	80.1	29.7	11.2	94.9	37.5	44.8	61.6	23.8	48.3
36.4	21.6	11.4	29.0	41.5	48.6	77.2	96.2	76.3	48.7	37.5	10.3	70.0	56.5	55.4	80.4	1.5	24.5	61.8	13.1
11.8	2.2	61.2	79.5	82.4	23.9	99.9	46.5	18.7	88.2	39.8	40.2	55.5	89.9	69.4	2.2	88.9	28.9	91.1	3.1
45.1	85.2	44.8	52.7	37.5	73.6	28.1	92.3	82.1	1.1	77.1	37.5	17.1	89.2	97.2	79.0	6.5	6.3	55.9	34.8
56.5	18.1	83.9	84.1	73.0	9.3	3.1	54.9	52.4	5.3	24.6	56.1	80.7	55.2	18.6	96.7	49.3	25.0	47.3	84.9
42.0	91.1	59.7	87.2	36.7	71.9	18.2	92.0	66.2	40.5	83.5	10.6	50.3	43.6	90.3	46.5	96.7	56.3	75.7	8.7
77.4	11.2	46.2	78.5	90.0	89.0	43.3	71.7	17.1	90.3	5.3	63.9	10.4	56.3	8.3	40.3	33.7	0.2	79.3	31.8
73.6	1.6	43.9	98.4	29.9	62.0	74.6	32.5	30.0	48.1	18.9	78.5	51.0	14.8	44.3	47.8	44.2	49.8	65.1	93.4
90.8	60.9	62.4	38.9	27.8	77.2	60.9	68.0	67.1	49.6	68.0	93.6	52.3	29.9	21.7	29.6	28.4	30.8	19.9	9.2
13.1	8.4	88.7	18.1	78.3	17.5	1.7	89.8	44.6	48.8	49.7	20.5	17.9	9.8	89.6	77.1	64.1	3.1	23.7	41.8
96.6	100.0	47.4	44.0	2.1	15.6	91.6	51.0	26.6	8.4	80.1	5.2	11.3	33.0	46.6	67.1	72.3	37.9	94.0	77.4
74.6	51.4	34.8	81.6	13.6	31.0	11.3	49.8	11.4	90.6	17.5	2.7	20.4	24.9	23.4	82.1	6.0	55.4	13.1	33.0
74.4	62.9	8.0	1.4	20.0	17.4	85.9	58.4	96.8	44.4	24.5	80.5	48.8	61.8	22.6	19.3	92.7	37.3	5.3	3.8
51.3	19.2	70.0	31.0	21.7	90.5	92.0	18.6	8.4	13.8	18.3	1.7	44.5	93.3	2.0	76.7	36.4	80.1	28.0	87.6
67.2	49.8	87.9	100.0	17.6	25.9	59.4	60.9	63.0	43.4	78.6	80.4	95.9	15.5	70.2	44.3	40.3	29.2	69.0	6.7
51.6	66.2	61.6	48.2	39.8	88.3	58.7	2.8	56.0	34.0	24.2	65.6	12.1	15.9	23.5	70.3	11.7	30.3	80.0	10.6
46.9	3.4	53.9	78.4	9.9	36.4	62.5	17.9	94.9	29.1	24.4	50.4	25.0	1.3	91.9	50.1	25.8	49.5	13.7	22.5
63.0	65.5	73.8	93.2	39.4	66.2	12.2	93.9	1.0	56.3	74.9	24.0	84.7	83.6	43.1	38.8	49.3	54.4	58.5	64.4
26.9	51.5	5.5	23.1	32.3	75.6	8.2	84.6	46.9	83.2	33.8	45.8	98.6	29.3	80.0	71.2	41.9	62.1	30.4	65.5
20.4	84.4	13.1	25.1	21.1	26.0	20.6	6.4	28.7	0.2	11.6	49.8	15.8	93.9	25.3	64.7	70.3	15.9	80.8	21.4
84.8	68.2	41.5	45.4	51.5	53.3	12.7	31.2	78.0	66.1	23.7	72.9	83.1	94.5	11.6	29.2	35.1	92.9	16.6	86.5
22.9	53.1	29.6	36.0	81.3	96.7	59.7	34.7	22.2	68.5	15.1	63.7	9.8	7.3	83.9	81.6	47.3	17.9	3.2	10.0
6.4	47.2	62.1	28.1	39.5	15.0	76.9	32.6	42.0	35.7	19.2	33.2	38.2	35.7	48.2	71.6	57.1	24.0	24.5	6.9
72.7	3.4	69.7	87.0	60.7	18.5	48.1	53.0	74.1	39.2	37.8	23.0	35.7	76.2	2.1	47.0	62.2	70.5	65.4	18.5
97.9	45.0	39.5	41.4	95.1	77.6	6.4	67.2	62.6	73.7	65.1	45.6	10.3	13.9	52.3	30.2	72.1	73.8	74.5	50.8
39.7	1.0	79.9	25.8	12.5	12.1	70.1	64.0	47.9	30.9	45.1	20.5	46.6	34.0	7.3	28.8	98.7	15.9	82.5	52.6
34.1	68.2	93.2	83.6	80.0	40.2	74.7	7.6	12.9	95.7	90.6	45.3	75.8	20.6	84.9	36.1	19.0	90.0	30.2	68.6
35.5	31.7	52.7	73.0	32.3	18.3	37.4	55.0	22.3	29.0	87.3	96.4	42.8	6.3	73.4	48.1	76.5	44.4	93.8	24.3
5.2	98.0	88.8	59.4	10.8	43.3	60.6	29.3	10.5	38.9	53.6	45.1	95.7	88.9	9.3	97.5	91.7	66.0	32.7	13.4
21.9	62.5	84.3	37.0	47.6	23.1	14.5	42.4	99.0	15.6	34.5	5.2	6.1	48.2	7.8	38.0	10.7	51.3	12.7	86.3
17.5	52.8	42.9	43.0	83.7	29.8	57.0	63.8	18.0	53.3	4.3	81.1	29.5	29.3	81.6	48.9	39.0	65.2	92.3	37.6
26.7	32.1	26.8	43.2	59.4	94.4	90.3	82.4	81.6	58.9	0.4	82.2	72.8	19.1	6.4	91.0	33.1	22.4	32.7	36.1
14.1	17.3	25.9	62.6	56.7	64.1	31.3	60.0	81.1	77.2	85.9	70.2	34.4	68.8	51.5	57.6	60.1	26.3	55.6	20.5
19.0	57.5	57.7	94.5	2.9	39.3	7.2	49.3	83.4	75.4	83.1	6.6	53.5	0.4	95.4	98.1	61.3	79.1	91.6	24.4
4.0	18.0	67.1	17.7	14.2	50.6	85.7	52.2	94.9	33.8	70.6	38.4	22.8	4.5	59.9	32.5	28.2	99.3	7.0	29.5
95.8	50.5	38.2	29.6	23.7	95.8	56.8	37.8	96.0	31.1	40.3	46.2	84.0	71.4	97.7	26.7	3.4	11.7	63.2	16.5
60.2	13.3	31.0	20.8	94.4	69.6	76.9	22.5	61.3	22.8	75.6	21.6	60.9	43.0	6.9	45.2	48.3	20.2	71.2	92.4
65.4	17.4	2.7	74.2	5.2	50.0	20.4	54.6	16.0	10.7	62.2	16.8	22.9	45.0	68.6	18.2	89.4	73.9	10.3	50.7
62.4	91.3	60.7	36.8	15.7	43.3	99.8	47.5	80.4	50.4	97.6	5.6	9.3	11.9	23.0	84.0	47.6	47.3	40.0	68.2
61.3	21.1	63.2	32.1	21.6	83.9	23.3	99.6	44.2	60.0	11.7	10.0	66.5	90.3	58.5	10.0	21.9	78.4	64.6	78.0
17.2	33.6	86.2	55.7	89.9	67.4	77.4	25.3	57.9	2.2	72.9	14.0	7.8	52.7	57.8	89.7	1.0	25.4	43.0	76.8
87.4	6.9	7.4	58.9	42.7	55.0	63.1	29.8	85.8	40.3	93.5	44.7	25.1	61.7	5.9	52.8	11.7	61.2	69.1	95.0
11.8	6.6	89.6	57.7	96.5	36.3	32.7	2.5	91.7	11.3	7.4	91.0	67.4	53.4	54.1	71.8	55.3	33.0	36.3	50.0
1	2	3	4	5	6	7	8	9	10	11	12	13	14	15	16	17	18	19	20
1	2	3	4	5	6	7	8	9	10	11	12	13	14	15	16	17	18	19	20
1	2	3	4	5	6	7	8	9	10	11	12	13	14	15	16	17	18	19	20
1	2	3	4	5	6	7	8	9	10	11	12	13	14	15	16	17	18	19	20
1	2	3	4	5	6	7	8	9	10	11	12	13	14	15	16	17	18	19	20
1	2	3	4	5	6	7	8	9	10	11	12	13	14	15	16	17	18	19	20
1	2	3	4	5	6	7	8	9	10	11	12	13	14	15	16	17	18	19	20
1	2	3	4	5	6	7	8	9	10	11	12	13	14	15	16	17	18	19	20
1	2	3	4	5	6	7	8	9	10	11	12	13	14	15	16	17	18	19	20
1	2	3	4	5	6	7	8	9	10	11	12	13	14	15	16	17	18	19	20
1	2	3	4	5	6	7	8	9	10	11	12	13	14	15	16	17	18	19	20
1	2	3	4	5	6	7	8	9	10	11	12	13	14	15	16	17	18	19	20
1	2	3	4	5	6	7	8	9	10	11	12	13	14	15	16	17	18	19	20
1	2	3	4	5	6	7	8	9	10	11	12	13	14	15	16	17	18	19	20
1	2	3	4	5	6	7	8	9	10	11	12	13	14	15	16	17	18	19	20
1	2	3	4	5	6	7	8	9	10	11	12	13	14	15	16	17	18	19	20
1	2	3	4	5	6	7	8	9	10	11	12	13	14	15	16	17	18	19	20
1	2	3	4	5	6	7	8	9	10	11	12	13	14	15	16	17	18	19	20
1	2	3	4	5	6	7	8	9	10	11	12	13	14	15	16	17	18	19	20
1	2	3	4	5	6	7	8	9	10	11	12	13	14	15	16	17	18	19	20
1	2	3	4	5	6	7	8	9	10	11	12	13	14	15	16	17	18	19	20
1	2	3	4	5	6	7	8	9	10	11	12	13	14	15	16	17	18	19	20
1	2	3	4	5	6	7	8	9	10	11	12	13	14	15	16	17	18	19	20
1	2	3	4	5	6	7	8	9	10	11	12	13	14	15	16	17	18	19	20
1	2	3	4	5	6	7	8	9	10	11	12	13	14	15	16	17	18	19	20
1	2	3	4	5	6	7	8	9	10	11	12	13	14	15	16	17	18	19	20
1	2	3	4	5	6	7	8	9	10	11	12	13	14	15	16	17	18	19	20
1	2	3	4	5	6	7	8	9	10	11	12	13	14	15	16	17	18	19	20
1	2	3	4	5	6	7	8	9	10	11	12	13	14	15	16	17	18	19	20
1	2	3	4	5	6	7	8	9	10	11	12	13	14	15	16	17	18	19	20
1	2	3	4	5	6	7	8	9	10	11	12	13	14	15	16	17	18	19	20
1	2	3	4	5	6	7	8	9	10	11	12	13	14	15	16	17	18	19	20
1	2	3	4	5	6	7	8	9	10	11	12	13	14	15	16	17	18	19	20
1	2	3	4	5	6	7	8	9	10	11	12	13	14	15	16	17	18	19	20
1	2	3	4	5	6	7	8	9	10	11	12	13	14	15	16	17	18	19	20
1	2	3	4	5	6	7	8	9	10	11	12	13	14	15	16	17	18	19	20
1	2	3	4	5	6	7	8	9	10	11	12	13	14	15	16	17	18	19	20
1	2	3	4	5	6	7	8	9	10	11	12	13	14	15	16	17	18	19	20
1	2	3	4	5	6	7	8	9	10	11	12	13	14	15	16	17	18	19	20
1	2	3	4	5	6	7	8	9	10	11	12	13	14	15	16	17	18	19	20
1	2	3	4	5	6	7	8	9	10	11	12	13	14	15	16	17	18	19	20
1	2	3	4	5	6	7	8	9	10	11	12	13	14	15	16	17	18	19	20
1	2	3	4	5	6	7	8	9	10	11	12	13	14	15	16	17	18	19	20
1	2	3	4	5	6	7	8	9	10	11	12	13	14	15	16	17	18	19	20
1	2	3	4	5	6	7	8	9	10	11	12	13	14	15	16	17	18	19	20
1	2	3	4	5	6	7	8	9	10	11	12	13	14	15	16	17	18	19	20
1	2	3	4	5	6	7	8	9	10	11	12	13	14	15	16	17	18	19	20
1	2	3	4	5	6	7	8	9	10	11	12	13	14	15	16	17	18	19	20
1	2	3	4	5	6	7	8	9	10	11	12	13	14	15	16	17	18	19	20
1	2	3	4	5	6	7	8	9	10	11	12	13	14	15	16	17	18	19	20
1	2	3	4	5	6	7	8	9	10	11	12	13	14	15	16	17	18	19	20
1	2	3	4	5	6	7	8	9	10	11	12	13	14	15	16	17	18	19	20
1	2	3	4	5	6	7	8	9	10	11	12	13	14	15	16	17	18	19	20
1	2	3	4	5	6	7	8	9	10	11	12	13	14	15	16	17	18	19	20
1	2	3	4	5	6	7	8	9	10	11	12	13	14	15	16	17	18	19	20
1	2	3	4	5	6	7	8	9	10	11	12	13	14	15	16	17	18	19	20
1	2	3	4	5	6	7	8	9	10	11	12	13	14	15	16	17	18	19	20
1	2	3	4	5	6	7	8	9	10	11	12	13	14	15	16	17	18	19	20
1	2	3	4	5	6	7	8	9	10	11	12	13	14	15	16	17	18	19	20
1	2	3	4	5	6	7	8	9	10	11	12	13	14	15	16	17	18	19	20
1	2	3	4	5	6	7	8	9	10	11	12	13	14	15	16	17	18	19	20
1	2	3	4	5	6	7	8	9	10	11	12	13	14	15	16	17	18	19	20
1	2	3	4	5	6	7	8	9	10	11	12	13	14	15	16	17	18	19	20
1	2	3	4	5	6	7	8	9	10	11	12	13	14	15	16	17	18	19	20
1	2	3	4	5	6	7	8	9	10	11	12	13	14	15	16	17	18	19	20
1	2	3	4	5	6	7	8	9	10	11	12	13	14	15	16	17	18	19	20
1	2	3	4	5	6	7	8	9	10	11	12	13	14	15	16	17	18	19	20
1	2	3	4	5	6	7	8	9	10	11	12	13	14	15	16	17	18	19	20
1	2	3	4	5	6	7	8	9	10	11	12	13	14	15	16	17	18	19	20
1	2	3	4	5	6	7	8	9	10	11	12	13	14	15	16	17	18	19	20
1	2	3	4	5	6	7	8	9	10	11	12	13	14	15	16	17	18	19	20
1	2	3	4	5	6	7	8	9	10	11	12	13	14	15	16	17	18	19	20
1	2	3	4	5	6	7	8	9	10	11	12	13	14	15	16	17	18	19	20
1	2	3	4	5	6	7	8	9	10	11	12	13	14	15	16	17	18	19	20
1	2	3	4	5	6	7	8	9	10	11	12	13	14	15	16	17	18	19	20
1	2	3	4	5	6	7	8	9	10	11	12	13	14	15	16	17	18	19	20
1	2	3	4	5	6	7	8	9	10	11	12	13	14	15	16	17	18	19	20
1	2	3	4	5	6	7	8	9	10	11	12	13	14	15	16	17	18	19	20
1	2	3	4	5	6	7	8	9	10	11	12	13	14	15	16	17	18	19	20
1	2	3	4	5	6	7	8	9	10	11	12	13	14	15	16	17	18	19	20
1	2	3	4	5	6	7	8	9	10	11	12	13	14	15	16	17	18	19	20
1	2	3	4	5	6	7	8	9	10	11	12	13	14	15	16	17	18	19	20
1	2	3	4	5	6	7	8	9	10	11	12	13	14	15	16	17	18	19	20
1	2	3	4	5	6	7	8	9	10	11	12	13	14	15	16	17	18	19	20
1	2	3	4	5	6	7	8	9	10	11	12	13	14	15	16	17	18	19	20
1	2	3	4	5	6	7	8	9	10	11	12	13	14	15	16	17	18	19	20
1	2	3	4	5	6	7	8	9	10	11	12	13	14	15	16	17	18	19	20
1	2	3	4	5	6	7	8	9	10	11	12	13	14	15	16	17	18	19	20
1	2	3	4	5	6	7	8	9	10	11	12	13	14	15	16	17	18	19	20
1	2	3	4	5	6	7	8	9	10	11	12	13	14	15	16	17	18	19	20
1	2	3	4	5	6	7	8	9	10	11	12	13	14	15	16	17	18	19	20
1	2	3	4	5	6	7	8	9	10	11	12	13	14	15	16	17	18	19	20
1	2	3	4	5	6	7	8	9	10	11	12	13	14	15	16	17	18	19	20
1	2	3	4	5	6	7	8	9	10	11	12	13	14	15	16	17	18	19	20
1	2	3	4	5	6	7	8	9	10	11	12	13	14	15	16	17	18	19	20
1	2	3	4	5	6	7	8	9	10	11	12	13	14	15	16	17	18	19	20
1	2	3	4	5	6	7	8	9	10	11	12	13	14	15	16	17	18	19	20
1	2	3	4	5	6	7	8	9	10	11	12	13	14	15	16	17	18	19	20
1	2	3	4	5	6	7	8	9	10	11	12	13	14	15	16	17	18	19	20
1	2	3	4	5	6	7	8	9	10	11	12	13	14	15	16	17	18	19	20
1	2	3	4	5	6	7	8	9	10	11	12	13	14	15	16	17	18	19	20
1	2	3	4	5	6	7	8	9	10	11	12	13	14	15	16	17	18	19	20
1	2	3	4	5	6	7	8	9	10	11	12	13	14	15	16	17	18	19	20
1	2	3	4	5	6	7	8	9	10	11	12	13	14	15	16	17	18	19	20
1	2	3	4	5	6	7	8	9	10	11	12	13	14	15	16	17	18	19	20
1	2	3	4	5	6	7	8	9	10	11	12	13	14	15	16	17	18	19	20
1	2	3	4	5	6	7	8	9	10	11	12	13	14	15	16	17	18	19	20
1	2	3	4	5	6	7	8	9	10	11	12	13	14	15	16	17	18	19	20
1	2	3	4	5	6	7	8	9	10	11	12	13	14	15	16	17	18	19	20
1	2	3	4	5	6	7	8	9	10	11	12	13	14	15	16	17	18	19	20
1	2	3	4	5	6	7	8	9	10	11	12	13	14	15	16	17	18	19	20
1	2	3	4	5	6	7	8	9	10	11	12	13	14	15	16	17	18	19	20
1	2	3	4	5	6	7	8	9	10	11	12	13	14	15	16	17	18	19	20
1	2	3	4	5	6	7	8	9	10	11	12	13	14	15	16	17	18	19	20
1	2	3	4	5	6	7	8	9	10	11	12	13	14	15	16	17	18	19	20
1	2	3	4	5	6	7	8	9	10	11	12	13	14	15	16	17	18	19	20
1	2	3	4	5	6	7	8	9	10	11	12	13	14	15	16	17	18	19	20
1	2	3	4	5	6	7	8	9	10	11	12	13	14	15	16	17	18	19	20
1	2	3	4	5	6	7	8	9	10	11	12	13	14	15	16	17	18	19	20
1	2	3	4	5	6	7	8	9	10	11	12	13	14	15	16	17	18	19	20
1	2	3	4	5	6	7	8	9	10	11	12	13	14	15	16	17	18	19	20
1	2	3	4	5	6	7	8	9	10	11	12	13	14	15	16	17	18	19	20
1	2	3	4	5	6	7	8	9	10	11	12	13	14	15	16	17	18	19	20
1	2	3	4	5	6	7	8	9	10	11	12	13	14	15	16	17	18	19	20
1	2	3	4	5	6	7	8	9	10	11	12	13	14	15	16	17	18	19	20
1	2	3	4	5	6	7	8	9	10	11	12	13	14	15	16	17	18	19	20
1	2	3	4	5	6	7	8	9	10	11	12	13	14	15	16	17	18	19	20
1	2	3	4	5	6	7	8	9	10	11	12	13	14	15	16	17	18	19	20
1	2	3	4	5	6	7	8	9	10	11	12	13	14	15	16	17	18	19	20
1	2	3	4	5	6	7	8	9	10	11	12	13	14	15	16	17	18	19	20
1	2	3	4	5	6	7	8	9	10	11	12	13	14	15	16	17	18	19	20
1	2	3	4	5	6	7	8	9	10	11	12	13	14	15	16	17	18	19	20
1	2	3	4	5	6	7	8	9	10	11	12	13	14	15	16	17	18	19	20
1	2	3	4	5	6	7	8	9	10	11	12	13	14	15	16	17	18	19	20
1	2	3	4	5	6	7	8	9	10	11	12	13	14	15	16	17	18	19	20
1	2	3	4	5	6	7	8	9	10	11	12	13	14	15	16	17	18	19	20
1	2	3	4	5	6	7	8	9	10	11	12	13	14	15	16	17	18	19	20
1	2	3	4	5	6	7	8	9	10	11	12	13	14	15	16	17	18	19	20
1	2	3	4	5	6	7	8	9	10	11	12	13	14	15	16	17	18	19	20
1	2	3	4	5	6	7	8	9	10	11	12	13	14	15	16	17	18	19	20
1	2	3	4	5	6	7	8	9	10	11	12	13	14	15	16	17	18	19	20
1	2	3	4	5	6	7	8	9	10	11	12	13	14	15	16	17	18	19	20
1	2	3	4	5	6	7	8	9	10	11	12	13	14	15	16	17	18	19	20
1	2	3	4	5	6	7	8	9	10	11	12	13	14	15	16	17	18	19	20
1	2	3	4	5	6	7	8	9	10	11	12	13	14	15	16	17	18	19	20
1	2	3	4	5	6	7	8	9	10	11	12	13	14	15	16	17	18	19	20
1	2	3	4	5	6	7	8	9	10	11	12	13	14	15	16	17	18	19	20
1	2	3	4	5	6	7	8	9	10	11	12	13	14	15	16	17	18	19	20
1	2	3	4	5	6	7	8	9	10	11	12	13	14	15	16	17	18	19	20
1	2	3	4	5	6	7	8	9	10	11	12	13	14	15	16	17	18	19	20
1	2	3	4	5	6	7	8	9	10	11	12	13	14	15	16	17	18	19	20
1	2	3	4	5	6	7	8	9	10	11	12	13	14	15	16	17	18	19	20
1	2	3	4	5	6	7	8	9	10	11	12	13	14	15	16	17	18	19	20
1	2	3	4	5	6	7	8	9	10	11	12	13	14	15	16	17	18	19	20
1	2	3	4	5	6	7	8	9	10	11	12	13	14	15	16	17	18	19	20
1	2	3	4	5	6	7	8	9	10	11	12	13	14	15	16	17	18	19	20
1	2	3	4	5	6	7	8	9	10	11	12	13	14	15	16	17	18	19	20
1	2	3	4	5	6	7	8	9	10	11	12	13	14	15	16	17	18	19	20
1	2	3	4	5	6	7	8	9	10	11	12	13	14	15	16	17	18	19	20
1	2	3	4	5	6	7	8	9	10	11	12	13	14	15	16	17	18	19	20
1	2	3	4	5	6	7	8	9	10	11	12	13	14	15	16	17	18	19	20
1	2	3	4	5	6	7	8	9	10	11	12	13	14	15	16	17	18	19	20
1	2	3	4	5	6	7	8	9	10	11	12	13	14	15	16	17	18	19	20
1	2	3	4	5	6	7	8	9	10	11	12	13	14	15	16	17	18	19	20
1	2	3	4	5	6	7	8	9	10	11	12	13	14	15	16	17	18	19	20
1	2	3	4	5	6	7	8	9	10	11	12	13	14	15	16	17	18	19	20
1	2	3	4	5	6	7	8	9	10	11	12	13	14	15	16	17	18	19	20
1	2	3	4	5	6	7	8	9	10	11	12	13	14	15	16	17	18	19	20
1	2	3	4	5	6	7	8	9	10	11	12	13	14	15	16	17	18	19	20
1	2	3	4	5	6	7	8	9	10	11	12	13	14	15	16	17	18	19	20
1	2	3	4	5	6	7	8	9	10	11	12	13	14	15	16	17	18	19	20
1	2	3	4	5	6	7	8	9	10	11	12	13	14	15	16	17	18	19	20
1	2	3	4	5	6	7	8	9	10	11	12	13	14	15	16	17	18	19	20
1	2	3	4	5	6	7	8	9	10	11	12	13	14	15	16	17	18	19	20
1	2	3	4	5	6	7	8	9	10	11	12	13	14	15	16	17	18	19	20
1	2	3	4	5	6	7	8	9	10	11	12	13	14	15	16	17	18	19	20
1	2	3	4	5	6	7	8	9	10	11	12	13	14	15	16	17	18	19	20
1	2	3	4	5	6	7	8	9	10	11	12	13	14	15	16	17	18	19	20
1	2	3	4	5	6	7	8	9	10	11	12	13	14	15	16	17	18	19	20
1	2	3	4	5	6	7	8	9	10	11	12	13	14	15	16	17	18	19	20
1	2	3	4	5	6	7	8	9	10	11	12	13	14	15	16	17	18	19	20
1	2	3	4	5	6	7	8	9	10	11	12	13	14	15	16	17	18	19	20
1	2	3	4	5	6	7	8	9	10	11	12	13	14	15	16	17	18	19	20
1	2	3	4	5	6	7	8	9	10	11	12	13	14	15	16	17	18	19	20
1	2	3	4	5	6	7	8	9	10	11	12	13	14	15	16	17	18	19	20
1	2	3	4	5	6	7	8	9	10	11	12	13	14	15	16	17	18	19	20
1	2	3	4	5	6	7	8	9	10	11	12	13	14	15	16	17	18	19	20
1	2	3	4	5	6	7	8	9	10	11	12	13	14	15	16	17	18	19	20
1	2	3	4	5	6	7	8	9	10	11	12	13	14	15	16	17	18	19	20
1	2	3	4	5	6	7	8	9	10	11	12	13	14	15	16	17	18	19	20
1	2	3	4	5	6	7	8	9	10	11	12	13	14	15	16	17	18	19	20
1	2	3	4	5	6	7	8	9	10	11	12	13	14	15	16	17	18	19	20
1	2	3	4	5	6	7	8	9	10	11	12	13	14	15	16	17	18	19	20
1	2	3	4	5	6	7	8	9	10	11	12	13	14	15	16	17	18	19	20
1	2	3	4	5	6	7	8	9	10	11	12	13	14	15	16	17	18	19	20
1	2	3	4	5	6	7	8	9	10	11	12	13	14	15	16	17	18	19	20
1	2	3	4	5	6	7	8	9	10	11	12	13	14	15	16	17	18	19	20
1	2	3	4	5	6	7	8	9	10	11	12	13	14	15	16	17	18	19	20
1	2	3	4	5	6	7	8	9	10	11	12	13	14	15	16	17	18	19	20
1	2	3	4	5	6	7	8	9	10	11	12	13	14	15	16	17	18	19	20
