200	20
10.9	38.8	38.4	70.8	77.6	8.6	24.5	69.4	10.2	61.4	66.8	37.2	16.8	51.1	9.0	48.4	98.3	40.9	66.2	26.2
76.8	35.5	39.0	39.9	13.0	11.9	65.9	71.8	85.9	73.7	59.5	88.1	60.3	84.2	32.8	52.3	4.7	88.8	14.3	58.1
34.7	46.9	35.1	31.9	43.5	13.4	38.5	92.1	90.1	46.6	40.1	76.2	32.9	29.2	67.4	90.7	76.5	64.4	34.7	4.8
39.3	89.7	59.2	35.4	96.9	35.3	30.2	30.4	88.3	81.6	39.2	99.6	31.8	0.1	56.1	9.7	51.3	50.8	1.6	30.7
83.6	90.0	81.4	22.2	63.0	58.7	79.4	89.1	51.0	78.1	57.0	40.3	59.8	49.3	79.2	56.8	7.1	22.3	47.1	39.1
62.6	33.8	12.5	17.6	94.4	94.7	83.2	17.8	59.6	70.7	47.0	85.5	46.7	19.0	91.0	34.9	6.6	12.5	76.6	24.7
93.8	37.7	28.7	64.8	9.3	36.3	24.3	33.4	78.4	31.1	37.3	41.8	47.4	30.8	1.2	67.2	73.9	36.5	63.3	19.8
47.4	45.6	47.9	25.0	42.9	51.8	88.9	25.5	7.6	17.5	66.4	10.6	17.2	21.3	30.6	35.7	90.2	52.4	65.3	74.5
75.2	44.7	8.1	54.8	55.0	93.4	52.2	81.6	81.6	81.3	25.4	77.7	49.2	85.8	47.3	54.5	29.0	61.6	55.7	71.1
11.8	13.2	53.7	5.3	5.0	76.9	53.7	0.8	31.7	0.7	31.1	87.4	58.0	62.8	42.2	1.9	0.6	61.6	63.9	76.9
35.2	59.8	97.7	16.9	52.2	48.5	66.1	13.2	7.9	58.6	66.7	10.2	59.4	25.8	55.4	63.8	10.4	26.4	17.7	12.3
10.4	91.2	74.7	64.9	29.9	62.0	44.2	99.2	80.9	45.6	58.5	73.4	4.2	29.8	48.3	34.4	49.4	77.4	84.5	33.6
52.6	88.6	6.3	91.2	2.8	78.7	6.3	61.4	27.0	38.4	82.6	43.9	72.7	99.6	32.5	99.2	8.1	11.3	2.1	84.8
43.7	63.6	52.4	47.5	37.7	66.4	93.9	83.2	94.4	17.0	53.1	24.5	8.1	36.9	31.3	91.0	54.4	45.6	2.7	44.0
98.3	82.1	20.5	1.9	91.1	81.8	39.1	95.6	88.8	66.3	87.3	0.6	54.9	66.7	25.6	98.4	67.4	1.4	81.5	35.8
80.5	42.5	90.0	37.9	30.3	97.4	65.1	98.8	89.0	8.1	65.3	92.3	42.6	93.5	68.5	20.9	89.4	54.4	62.4	74.5
7.4	35.8	19.4	39.5	15.3	82.1	27.9	37.3	1.2	49.5	61.8	92.7	47.7	40.1	54.3	44.3	97.6	1.3	18.6	72.8
81.1	2.4	35.6	21.8	97.9	55.7	36.4	33.2	94.2	22.4	57.2	59.3	98.1	94.3	62.1	57.0	34.9	90.7	31.7	50.4
57.2	60.7	44.7	44.4	81.2	3.7	27.9	47.5	71.8	44.7	9.8	65.1	26.9	14.6	43.6	2.8	77.4	94.2	88.4	64.4
78.3	41.2	66.4	17.4	98.6	93.1	54.2	75.4	44.8	32.4	13.4	20.7	7.7	58.1	82.2	48.2	65.3	26.4	95.6	80.7
57.0	45.7	89.8	63.3	82.8	62.2	35.7	76.3	88.7	65.4	39.8	86.4	39.2	65.5	42.4	95.5	98.4	12.1	88.8	99.2
24.5	71.0	27.4	74.2	81.4	69.6	57.9	95.1	18.2	18.6	64.1	95.5	18.7	7.0	99.0	24.8	19.9	18.5	91.4	53.7
99.4	72.5	72.6	40.0	73.7	47.0	11.4	76.8	54.0	53.2	61.1	5.5	84.2	37.8	75.3	90.0	83.6	55.7	51.0	48.8
69.8	12.6	67.3	40.1	53.9	68.1	90.0	28.5	20.4	76.6	46.4	92.5	93.0	42.4	21.9	87.2	14.7	22.0	15.0	97.7
46.2	93.6	69.2	66.4	94.5	63.7	29.8	93.6	53.2	22.0	83.2	86.4	56.8	47.9	62.2	28.0	11.8	57.9	10.0	37.9
5.9	57.1	67.6	91.2	52.9	30.6	5.3	84.5	69.2	71.5	95.1	42.3	77.6	20.4	71.8	94.3	44.6	57.4	52.3	86.7
65.2	60.8	5.2	22.8	38.7	0.4	32.3	36.4	24.4	46.5	54.4	91.7	66.7	90.8	34.1	40.3	78.8	53.9	44.6	78.9
16.4	81.3	84.5	81.9	12.9	22.1	20.3	46.3	97.0	98.6	29.1	60.6	60.7	33.1	90.9	92.5	7.5	10.9	77.2	49.3
38.4	81.8	49.3	92.0	83.8	68.5	59.3	5.2	71.6	46.5	48.6	49.1	8.3	63.9	86.3	16.1	34.0	40.0	93.2	62.1
90.1	60.1	93.4	91.2	60.0	34.3	35.7	59.0	45.5	91.8	51.2	87.0	70.7	23.6	13.8	76.5	73.0	3.9	33.0	87.2
97.6	64.1	29.2	77.0	69.8	18.4	64.0	84.9	58.9	46.2	29.8	99.0	77.7	38.3	32.3	99.0	82.0	13.7	25.6	8.3
36.9	41.4	9.3	87.0	66.2	61.4	90.9	88.4	4.5	7.8	4.9	47.5	16.4	31.1	93.0	82.8	0.4	9.1	72.3	22.1
7.5	69.3	57.7	84.6	33.6	9.4	36.1	43.3	99.3	74.5	68.2	44.4	4.4	46.4	51.9	57.8	82.7	47.7	73.4	94.2
97.2	1.9	56.0	85.3	30.5	76.3	95.9	2.3	39.0	55.8	62.5	95.5	31.8	25.8	85.4	19.1	37.5	54.1	86.9	21.0
37.5	44.0	1.3	12.5	32.4	38.4	62.5	25.1	85.8	17.2	82.3	14.1	85.0	83.3	13.6	68.1	6.8	72.2	18.9	30.5
43.6	96.5	76.0	73.7	41.0	7.6	90.9	74.0	27.0	13.6	25.9	20.0	45.6	98.1	87.5	56.5	12.7	61.6	77.4	6.3
77.2	67.1	2.9	59.0	20.4	19.6	85.1	88.7	89.0	82.4	20.2	20.4	91.0	63.9	39.6	58.0	19.8	96.7	9.7	38.0
84.3	75.7	9.9	76.3	15.0	47.5	93.1	6.0	62.1	9.2	47.0	18.8	60.2	35.7	97.2	91.3	87.2	48.2	74.5	33.2
6.6	89.4	85.6	78.7	50.1	37.8	70.9	74.0	56.0	23.0	14.6	17.2	93.8	82.7	20.6	27.4	44.0	70.1	20.3	77.9
80.2	74.9	9.3	90.5	28.1	36.1	29.4	46.9	7.8	12.4	11.8	1.3	33.1	71.7	72.2	44.1	29.4	79.5	28.0	99.6
92.0	86.6	63.7	41.2	27.3	54.6	63.0	21.1	43.0	30.0	7.4	34.9	57.7	3.1	69.3	33.2	86.4	33.0	25.4	69.1
63.9	35.5	65.7	85.1	100.0	41.4	13.4	33.1	41.3	48.1	9.8	4.4	44.9	51.6	25.5	57.5	12.0	63.9	2.6	67.2
5.3	21.2	45.0	28.7	13.0	20.6	71.0	82.8	85.3	53.3	60.2	89.3	79.4	56.9	6.5	87.5	49.8	0.3	4.9	45.2
12.5	74.1	80.7	78.1	33.1	71.8	73.4	40.0	38.7	28.4	17.8	58.3	96.1	32.2	36.8	47.6	80.5	0.5	60.0	13.2
97.8	99.8	43.0	14.5	2.6	97.0	59.5	30.7	95.1	26.7	60.5	10.0	18.3	17.0	24.5	18.3	7.5	58.7	33.7	64.8
84.5	7.3	38.4	19.4	98.7	72.7	97.7	95.6	70.0	4.9	71.0	84.7	26.1	94.6	56.9	95.0	28.5	77.4	80.5	76.2
17.6	98.5	32.6	92.6	8.7	3.8	71.7	55.4	59.6	1.0	78.5	37.2	9.3	20.7	67.4	21.4	72.6	97.1	59.2	68.8
98.2	27.1	43.3	64.4	44.2	71.2	9.5	72.2	82.3	14.9	57.6	2.0	81.0	86.4	37.9	40.0	80.1	92.7	39.1	1.1
67.5	24.6	73.3	35.1	15.8	82.5	85.8	37.0	55.9	76.2	96.8	19.7	85.7	22.9	53.1	23.4	0.4	7.8	36.1	35.3
36.2	66.4	76.3	43.1	14.0	64.4	87.4	42.6	41.1	5.1	50.1	22.6	1.3	46.4	44.5	96.0	23.8	62.3	96.0	90.2
0.4	13.1	77.0	93.0	56.6	42.2	68.4	48.9	8.3	95.9	22.9	37.3	96.9	95.0	76.5	83.8	89.8	40.1	52.3	33.2
18.0	84.1	0.5	3.1	70.0	97.4	51.5	84.9	71.6	13.3	88.2	4.7	4.8	5.8	15.7	15.9	29.2	98.4	61.7	7.1
60.1	21.8	47.7	58.6	50.7	66.1	1.0	3.5	6.8	6.8	6.6	13.3	13.9	37.5	87.2	36.4	61.3	66.1	67.6	23.5
99.9	26.5	68.5	69.9	79.0	4.8	3.4	29.1	33.4	61.9	39.4	2.8	57.7	30.7	43.9	98.4	47.1	52.6	12.5	1.9
71.1	72.9	93.9	13.7	98.7	43.7	54.3	15.6	34.2	90.1	71.8	75.6	54.0	39.4	4.0	95.9	87.8	85.6	37.8	37.8
42.6	38.6	62.9	67.0	15.1	42.3	73.8	33.4	61.5	4.6	27.7	71.2	81.8	43.9	14.0	42.9	13.7	56.4	46.9	78.1
96.7	35.4	1.3	32.9	86.0	21.6	24.0	29.8	21.4	68.4	5.0	23.8	71.3	57.4	93.5	54.5	29.5	17.4	37.4	65.3
1.7	78.4	38.5	6.9	47.2	84.3	15.7	78.0	54.4	45.3	26.1	47.5	41.4	75.5	63.7	87.0	87.5	2.3	94.9	81.3
10.5	88.9	86.6	88.0	60.6	63.3	68.1	84.5	51.2	63.9	2.3	18.0	36.9	34.2	34.0	18.0	60.9	10.6	46.9	19.0
46.0	71.8	10.2	55.4	49.2	95.4	33.0	74.2	10.6	39.1	67.5	58.4	32.6	66.0	95.8	53.8	5.7	5.1	26.0	97.5
57.7	24.7	82.7	93.8	66.1	85.7	66.1	71.9	85.4	70.4	52.2	45.6	20.4	47.9	57.6	38.9	63.3	67.4	74.4	55.2
91.0	5.4	88.4	74.4	61.0	50.3	10.7	48.3	51.0	70.3	27.6	64.8	39.8	42.5	49.5	33.8	16.6	94.3	94.7	85.5
37.4	36.7	73.4	52.1	15.5	87.2	74.7	8.5	14.5	65.2	25.7	41.1	19.4	68.1	3.7	53.9	13.4	43.6	77.6	15.6
44.4	80.4	49.5	69.5	51.1	61.0	87.0	12.5	58.4	87.8	33.8	8.8	79.1	41.4	32.2	21.8	36.8	37.3	80.0	15.4
36.3	66.6	40.7	41.0	95.1	27.6	20.8	14.4	32.7	96.6	59.8	75.2	89.1	66.3	50.6	0.8	24.0	93.9	66.7	99.2
0.3	18.0	46.3	35.5	88.6	16.0	60.1	53.1	5.2	39.6	72.8	87.5	34.0	24.0	62.4	44.6	59.1	47.9	19.8	0.3
100.0	28.6	88.1	52.4	13.8	32.3	95.1	63.3	87.8	53.9	28.1	99.9	99.9	46.2	50.7	78.8	95.3	76.6	95.1	9.8
78.7	63.2	17.4	99.1	35.0	1.0	41.4	35.0	30.5	17.4	52.7	81.1	1.3	44.1	37.4	83.7	93.2	70.5	59.9	69.8
33.6	69.3	13.5	57.1	26.4	34.3	72.8	10.1	78.2	54.5	93.2	41.9	73.8	88.5	77.0	48.5	93.4	68.2	71.3	65.5
44.3	83.3	68.3	38.6	48.2	85.8	86.0	15.5	33.5	47.4	51.1	17.5	58.4	57.1	85.5	49.4	27.3	66.0	82.7	8.3
17.8	65.3	45.6	14.6	0.5	18.2	58.9	45.4	2.5	73.1	49.8	81.2	56.2	78.2	47.8	4.7	62.6	88.7	44.1	44.9
83.1	79.3	0.4	9.6	65.9	25.1	84.5	2.0	97.8	60.8	30.2	42.3	50.0	5.3	68.3	84.4	47.7	69.7	89.3	46.5
57.2	1.7	20.6	49.2	50.8	92.7	65.3	70.4	42.8	19.3	78.5	30.7	99.7	55.9	65.3	6.3	82.9	73.6	51.9	48.6
92.1	93.6	5.4	9.1	81.5	31.8	60.8	71.5	53.2	89.0	99.0	53.9	10.6	99.7	72.0	80.0	65.2	90.6	3.0	74.5
8.6	65.3	16.4	37.3	23.5	59.2	67.1	50.0	67.4	57.1	0.2	30.2	84.9	27.9	94.1	46.4	14.2	49.3	22.2	35.2
93.9	69.1	18.5	37.3	82.6	23.1	9.8	51.3	56.8	1.7	73.0	9.8	15.9	65.1	58.0	46.4	35.3	80.1	80.9	9.9
89.0	0.2	59.1	2.5	67.1	65.8	3.3	77.7	81.3	33.9	50.1	99.7	52.9	62.0	5.9	89.6	66.1	70.8	88.1	68.1
88.2	25.9	28.5	53.5	71.8	66.5	60.9	95.0	83.7	66.7	73.2	25.9	0.7	83.8	41.7	24.4	41.8	78.3	93.9	80.8
49.4	90.2	75.9	16.1	97.9	27.8	30.1	44.6	4.6	26.1	79.1	78.8	63.1	85.0	51.7	30.8	85.0	70.4	66.1	48.1
95.4	90.1	95.9	18.9	48.1	31.9	27.5	5.4	87.5	87.8	27.4	10.5	77.5	52.1	37.2	46.1	84.9	42.0	40.3	43.2
10.0	9.8	69.6	34.0	31.6	14.4	46.1	10.8	62.6	15.8	51.1	24.7	92.6	27.5	2.3	9.9	63.8	57.1	58.5	74.4
85.9	70.0	28.2	70.5	74.4	74.1	75.7	89.8	70.5	79.0	32.8	59.2	33.6	57.4	17.1	97.4	76.3	35.6	62.7	35.2
20.8	71.5	71.7	83.5	70.7	26.4	42.5	49.8	40.8	97.2	38.7	6.1	16.5	96.3	73.5	13.1	31.8	76.7	86.6	16.0
14.8	76.2	35.6	76.6	27.6	87.9	64.9	95.7	1.8	88.4	66.7	49.0	76.0	43.8	33.3	79.1	17.6	77.8	25.7	85.0
39.8	32.1	89.1	22.0	10.2	49.8	26.2	95.2	4.5	52.0	96.0	14.7	24.1	88.1	53.6	88.4	10.2	84.8	34.8	80.2
63.2	5.1	53.2	81.7	50.2	81.9	89.1	21.1	88.3	92.9	0.7	77.0	57.2	98.6	71.1	13.8	32.9	96.7	16.2	10.2
22.5	71.7	35.5	52.1	49.4	89.2	6.9	18.0	26.0	52.6	54.1	95.6	26.7	92.3	93.2	96.3	72.0	2.8	18.5	81.9
89.9	75.9	48.3	93.5	93.3	4.4	92.3	77.0	73.1	86.9	21.5	34.1	52.4	87.9	72.8	3.9	56.0	24.1	96.6	55.9
7.6	48.7	93.0	14.9	85.1	55.2	56.7	94.3	53.3	46.8	30.5	84.2	6.1	49.9	34.5	63.9	85.3	43.4	73.2	9.4
94.1	55.7	62.9	80.6	60.3	62.9	83.7	81.5	83.4	31.3	99.3	75.7	93.4	20.7	85.2	59.9	92.9	97.8	27.8	66.1
96.8	46.7	31.7	14.1	63.3	67.0	87.9	24.0	23.0	33.3	98.6	18.8	82.3	39.4	86.2	26.4	37.4	23.3	43.4	86.8
12.8	73.2	93.0	52.8	74.7	75.0	88.1	34.1	30.5	30.7	68.5	60.0	78.4	38.3	7.7	77.2	92.2	62.9	76.5	25.5
84.7	75.2	22.2	65.8	33.9	18.3	88.6	75.6	5.0	76.8	27.7	78.1	48.4	20.6	81.5	26.6	5.4	0.9	96.7	66.9
93.3	99.4	87.6	41.7	47.8	87.5	46.7	18.5	16.1	75.8	37.9	98.8	96.1	37.8	91.2	32.3	62.7	74.1	45.3	42.7
27.5	45.5	28.2	75.6	94.0	97.4	0.1	6.6	40.4	18.2	26.6	37.2	14.6	21.2	1.4	91.0	55.8	73.7	49.1	93.3
24.2	71.1	24.5	76.1	29.5	75.5	35.9	78.9	83.2	34.4	4.9	74.6	51.6	2.3	66.1	29.1	91.6	12.4	78.2	98.2
66.2	41.7	60.4	4.2	74.4	1.5	32.4	43.8	57.7	7.9	3.3	0.8	32.6	71.3	91.5	0.0	16.3	48.4	26.6	94.8
68.7	81.1	87.1	20.7	18.0	51.9	51.7	24.1	43.4	66.0	41.3	57.4	7.2	37.5	44.6	79.2	88.3	89.4	94.4	65.7
3.0	21.9	22.4	31.6	21.6	89.5	15.5	82.2	67.3	9.1	23.4	43.3	18.1	75.1	93.3	83.0	32.3	93.8	30.6	20.6
20.9	55.8	8.9	66.3	24.2	36.1	45.7	57.5	92.1	60.4	10.9	13.8	99.6	34.9	4.2	10.5	37.4	95.6	11.4	1.6
98.8	76.4	23.0	64.4	55.5	34.4	94.2	45.0	80.1	73.0	46.3	74.4	90.5	4.1	74.0	67.4	32.2	99.1	19.8	21.0
47.1	26.7	5.5	70.7	72.2	90.3	9.4	8.8	52.3	26.6	91.3	48.6	35.3	96.5	21.2	3.2	86.1	25.6	59.9	94.1
91.9	46.3	32.4	67.2	28.6	100.0	33.3	90.1	22.9	38.8	10.6	19.3	40.4	60.9	43.1	54.5	2.2	74.5	12.9	30.6
21.0	61.4	86.9	17.9	0.2	88.2	57.7	53.0	34.6	43.1	94.1	39.0	62.1	59.7	79.5	55.8	49.2	62.2	24.0	60.4
12.8	16.9	84.7	41.4	11.7	85.9	93.6	95.0	41.4	24.7	27.4	81.7	78.8	80.2	79.7	34.8	76.6	16.7	35.3	23.3
94.3	51.6	97.9	54.0	31.4	70.6	62.4	50.4	91.8	2.6	39.1	62.6	0.1	96.9	1.3	76.4	31.4	0.6	33.2	75.3
1.7	28.8	39.8	89.7	31.1	52.4	23.5	83.2	26.0	47.4	56.4	19.9	83.4	38.2	50.0	66.0	20.7	23.6	11.5	79.3
20.7	92.5	44.8	90.6	75.4	93.4	93.7	93.2	53.3	1.2	29.8	60.8	29.2	74.2	5.0	18.1	60.3	11.2	4.1	95.9
97.3	38.8	20.3	87.8	98.0	24.5	3.3	79.0	52.8	51.4	2.0	58.2	88.5	37.0	41.1	74.7	54.4	87.2	92.9	55.6
2.7	94.4	19.6	41.2	79.4	3.6	9.2	86.7	65.9	60.7	37.4	8.3	58.3	10.4	86.4	87.3	26.8	14.2	71.6	94.4
28.6	50.4	7.8	39.6	24.1	0.1	52.9	59.6	17.6	46.0	24.4	58.8	60.6	39.9	32.1	13.3	33.3	82.6	53.1	4.5
66.5	15.9	31.6	73.2	73.7	78.1	61.7	75.5	95.4	55.5	58.2	83.5	95.2	11.0	26.6	55.7	81.3	66.0	21.4	61.4
16.5	12.2	60.7	47.7	33.9	57.0	34.1	21.6	50.2	44.9	4.7	11.5	63.0	24.6	91.6	53.8	90.9	12.1	4.9	24.4
25.8	34.4	39.7	48.2	69.8	88.0	40.0	63.8	84.2	93.9	87.6	57.6	34.0	78.3	37.1	69.7	20.8	98.1	29.5	45.5
62.9	96.0	98.7	47.0	19.1	14.4	89.9	41.7	93.5	8.6	39.7	97.0	73.2	5.4	1.8	22.4	48.2	75.2	62.7	12.5
80.0	17.8	95.5	82.3	72.7	24.5	63.0	66.2	29.5	99.8	20.4	42.1	90.4	62.5	51.1	7.8	70.2	5.5	88.0	37.5
77.0	14.0	34.8	3.3	51.8	29.3	79.8	84.5	37.6	9.3	46.6	87.5	54.2	86.2	62.2	13.3	87.7	4.6	87.4	54.2
83.8	75.4	31.2	64.6	90.7	61.8	63.9	78.8	89.2	69.3	2.4	48.3	48.4	26.1	75.8	44.3	8.0	69.3	13.2	96.2
41.8	9.0	42.2	14.4	4.0	14.5	92.2	26.9	41.0	99.4	91.6	16.5	0.8	45.6	1.1	30.0	13.2	71.8	16.8	11.2
30.9	6.2	99.8	96.1	79.7	19.9	83.9	82.4	82.8	27.8	2.5	53.7	12.8	32.4	57.8	24.4	55.5	70.9	65.2	26.5
32.3	61.6	4.2	55.2	54.7	84.5	78.9	82.0	35.1	49.0	45.8	22.8	78.8	43.7	26.1	43.5	16.5	7.3	11.7	96.2
41.3	73.4	85.4	62.4	42.9	58.1	48.3	75.6	93.4	42.9	99.2	68.6	43.8	38.8	26.1	42.4	80.9	4.5	23.5	95.2
55.1	13.2	32.3	75.1	14.4	93.0	97.3	3.0	76.2	82.4	38.9	20.3	34.5	55.3	30.2	7.8	44.7	36.9	23.1	26.7
83.8	60.2	87.3	17.7	48.1	59.4	94.2	8.3	64.7	82.9	94.4	78.3	87.5	25.6	48.6	18.6	95.3	0.0	96.7	78.6
35.6	30.7	61.2	63.9	21.3	27.6	50.4	31.5	13.5	50.2	14.6	0.9	90.4	28.4	65.8	61.3	41.3	14.7	33.1	35.0
97.9	70.5	12.0	59.1	82.2	85.0	83.5	44.4	28.6	72.1	45.2	31.4	32.2	61.5	95.1	97.0	38.0	95.8	35.1	50.2
27.9	82.2	34.4	15.3	56.4	51.4	71.8	96.4	44.5	73.5	99.2	75.4	53.5	5.8	33.7	2.1	27.3	19.6	84.8	19.8
10.3	79.1	93.0	3.7	70.5	53.6	28.3	56.4	71.3	44.8	83.1	72.3	59.5	26.0	70.6	18.9	76.0	91.7	9.1	74.3
63.9	92.1	72.9	73.8	0.6	57.9	55.3	57.4	89.2	56.7	84.8	10.6	61.6	48.9	12.4	0.7	59.6	12.8	17.0	19.1
96.4	90.9	94.4	16.9	35.4	49.5	5.5	91.4	66.5	12.2	56.6	89.7	19.4	26.8	22.3	8.1	51.9	45.9	79.0	88.5
49.2	49.1	24.0	31.6	67.5	48.7	28.1	59.9	16.6	5.2	19.2	24.7	40.0	78.0	88.7	17.4	8.1	17.1	67.5	24.7
8.4	62.8	31.7	94.3	23.8	79.9	86.7	4.8	7.8	92.4	91.1	93.5	34.1	86.9	42.9	69.3	72.8	84.3	89.0	2.5
46.6	62.0	78.0	31.3	55.8	30.9	64.3	18.6	62.2	68.9	46.9	51.8	85.3	88.1	73.1	98.6	56.2	100.0	88.6	95.6
26.0	64.5	60.5	39.7	67.3	31.1	48.4	41.7	87.8	51.7	52.2	83.4	18.4	99.7	39.9	93.2	11.9	94.4	45.7	10.7
86.8	20.0	20.4	47.6	97.0	81.0	64.7	22.8	20.0	63.7	63.2	67.9	25.6	96.9	21.5	65.5	80.0	82.0	53.9	94.0
15.2	31.1	28.5	24.8	59.5	52.5	5.9	0.8	23.0	81.6	20.5	96.2	78.9	6.8	21.5	79.2	14.2	50.9	26.1	9.6
45.8	0.3	82.2	82.3	58.2	25.9	75.8	96.8	46.4	92.9	36.3	29.1	5.7	58.4	31.6	76.5	77.4	28.8	67.3	72.5
62.6	17.8	84.6	97.8	91.1	36.4	78.4	53.0	17.1	61.7	11.7	49.9	15.7	67.0	76.1	79.5	22.1	10.4	89.4	79.8
70.0	95.4	47.4	96.9	37.1	72.2	41.0	32.7	36.3	70.9	66.8	66.5	48.2	69.4	44.8	57.1	11.6	27.2	58.3	66.8
17.5	32.8	32.0	99.2	20.6	66.4	59.9	12.0	5.3	98.9	16.1	53.6	54.9	68.3	9.1	99.5	92.2	4.2	13.6	78.5
36.7	29.4	46.4	97.9	49.0	35.4	48.9	6.6	11.4	53.6	35.8	1.1	18.4	49.4	17.9	46.0	73.4	21.7	11.5	44.8
85.8	26.6	70.8	13.2	64.9	70.3	86.8	2.4	71.6	58.8	23.0	39.3	47.4	81.2	2.9	19.4	46.8	47.7	83.6	44.5
63.1	69.5	50.3	54.8	61.6	68.6	43.6	62.4	74.9	52.4	15.7	4.5	75.6	98.7	36.0	56.5	22.1	8.1	24.7	62.4
92.8	9.2	63.1	28.1	86.5	56.8	95.9	52.1	96.5	64.6	39.3	76.1	17.3	58.6	83.1	60.0	51.8	6.3	48.8	15.3
49.5	99.4	97.5	27.5	99.7	86.8	98.3	49.0	95.6	4.6	88.8	45.8	1.5	73.5	76.7	31.6	56.1	60.2	78.3	84.1
78.2	32.5	78.2	47.5	91.1	77.8	5.0	39.5	2.6	17.9	32.7	95.7	6.5	40.4	76.1	32.0	67.9	33.8	51.4	23.2
2.3	21.5	43.0	3.9	80.8	98.4	24.1	41.0	75.5	34.4	15.0	2.3	76.6	49.6	32.4	5.6	89.2	19.5	40.8	86.9
90.5	45.6	7.8	5.1	88.7	88.7	1.8	93.3	7.1	15.1	46.2	76.4	46.3	11.0	60.2	8.2	94.4	74.2	40.8	3.2
93.3	84.7	81.9	91.6	88.0	19.6	42.8	10.3	40.9	29.8	54.6	72.3	99.8	9.1	31.8	19.6	67.0	60.5	8.2	8.5
82.8	76.8	5.9	78.4	55.4	98.4	94.1	89.4	80.7	1.7	61.1	72.1	80.7	57.4	44.0	76.5	57.8	84.9	11.0	82.4
56.4	60.9	4.7	19.2	80.9	16.8	71.8	39.2	67.6	57.3	86.4	4.5	35.0	86.5	37.2	31.5	65.6	74.5	90.6	97.5
13.9	18.2	5.9	46.9	73.2	18.1	47.0	6.2	63.2	66.7	81.4	4.7	93.1	74.3	22.8	61.2	67.5	7.6	49.7	89.7
80.0	9.4	63.2	45.6	86.9	99.9	78.2	86.9	37.4	5.9	96.0	75.7	18.7	58.0	54.3	64.9	57.5	90.0	64.7	14.6
71.3	29.9	65.6	7.5	44.8	46.9	24.0	69.7	33.6	79.6	33.8	23.3	38.7	41.8	63.5	82.8	12.5	34.4	92.8	2.6
14.6	17.2	88.6	17.7	0.3	28.6	4.7	52.2	62.5	71.7	38.9	18.7	96.0	46.4	84.9	27.4	97.4	79.2	71.4	56.0
75.0	44.2	1.4	85.7	28.9	70.0	56.1	83.2	6.0	38.1	86.9	20.7	39.4	32.3	47.8	2.1	93.5	37.2	5.4	53.8
52.6	35.2	49.9	76.6	25.6	38.5	29.1	87.5	26.0	79.2	50.1	71.4	65.3	45.2	40.3	69.0	7.2	72.3	96.1	34.7
5.0	22.7	96.9	87.7	71.6	76.6	25.9	56.8	27.4	14.3	65.9	94.6	52.2	69.3	58.4	74.9	99.4	79.8	61.4	96.0
35.9	64.6	25.5	51.2	31.7	10.2	70.3	14.2	87.8	98.0	84.9	16.8	23.5	32.3	50.2	36.7	48.0	22.1	18.2	39.8
85.2	31.0	63.0	13.5	53.4	8.9	88.7	56.1	48.3	71.4	3.7	87.4	62.4	1.1	16.8	27.0	74.6	80.3	71.3	47.7
54.7	48.5	64.7	34.0	8.5	93.9	77.4	31.2	28.0	36.3	6.4	37.7	67.5	44.9	33.7	70.4	9.6	30.8	17.1	3.9
77.3	53.2	60.1	21.8	46.7	14.8	14.9	55.6	31.5	0.5	72.8	52.1	5.5	12.4	13.5	79.2	58.3	26.2	3.3	11.6
71.5	85.5	44.5	44.1	58.7	7.0	74.8	33.8	74.2	0.7	68.7	38.7	8.4	20.0	0.5	93.2	17.0	0.8	5.8	83.2
12.9	37.2	47.9	78.0	37.1	17.8	56.9	87.5	76.7	84.8	48.5	36.4	54.6	49.6	60.5	99.3	52.8	77.1	34.5	12.7
16.2	54.2	89.5	79.0	44.0	97.2	2.4	32.3	61.2	43.9	53.0	37.5	1.4	27.6	45.2	57.2	83.0	41.6	28.7	90.2
62.0	40.0	24.1	65.3	75.4	96.2	42.3	42.9	28.3	1.1	73.0	77.4	60.7	80.3	86.9	16.7	32.5	12.1	82.7	64.2
71.1	86.5	94.1	75.4	23.5	21.4	79.0	33.9	33.7	27.9	74.8	66.9	96.4	76.3	61.0	20.3	74.7	98.9	97.5	69.7
0.7	42.7	0.2	31.6	84.6	37.8	8.4	4.5	73.3	47.1	17.6	53.2	6.9	10.5	29.2	80.3	35.8	3.3	40.7	75.6
88.4	37.1	88.7	17.2	60.8	87.4	50.0	93.9	73.1	10.1	50.2	26.8	11.1	63.4	56.2	97.6	42.5	31.3	95.5	69.0
1.2	95.7	66.1	22.6	28.2	32.2	21.5	63.0	7.6	2.1	16.2	61.4	40.7	47.7	9.2	51.5	51.2	7.9	89.9	30.9
98.9	56.1	45.9	57.5	68.1	65.4	3.5	92.1	39.4	14.2	71.8	2.6	62.6	92.1	85.6	11.2	68.1	73.6	62.6	25.8
66.7	37.6	91.0	80.2	83.9	14.9	54.6	12.9	64.0	89.9	61.0	99.1	79.1	21.2	64.4	99.2	44.6	66.8	73.8	55.6
28.3	34.1	61.3	37.6	27.1	19.1	75.5	24.3	65.2	39.3	66.1	40.5	20.5	0.9	92.9	80.7	94.2	33.6	15.4	45.0
47.3	66.6	4.3	97.2	73.4	99.7	95.5	58.9	72.8	62.0	6.2	6.3	27.0	26.3	9.2	21.9	71.8	76.7	22.8	52.3
14.6	84.0	68.2	9.9	68.8	8.0	93.0	93.9	26.6	92.2	43.6	38.8	44.5	81.1	33.7	91.3	55.4	84.8	52.8	63.0
56.3	29.8	60.6	12.3	9.3	76.9	95.3	68.8	10.5	67.8	86.5	21.1	2.9	93.9	19.5	81.7	79.2	29.5	83.3	31.1
6.9	16.4	81.7	32.6	97.9	85.7	12.5	61.2	97.8	88.3	21.2	48.6	62.2	33.3	44.8	68.8	33.8	40.8	60.0	36.0
99.0	9.3	71.5	81.5	21.6	44.3	63.8	86.0	96.9	8.5	67.3	76.5	50.9	40.7	56.6	4.9	36.1	49.6	82.9	77.9
93.3	79.1	89.5	62.3	40.0	76.5	70.5	52.0	4.4	4.2	99.4	96.7	79.8	50.8	76.0	30.3	39.0	81.7	93.1	45.5
65.5	34.5	5.8	0.5	92.8	79.4	12.9	51.2	32.9	75.5	52.9	38.2	97.0	33.7	11.4	43.5	5.2	48.0	3.6	50.3
7.8	95.2	37.3	80.9	24.1	8.7	64.8	53.4	58.7	60.7	52.1	58.1	91.3	36.8	18.3	36.2	92.7	62.5	9.3	27.7
37.0	57.6	25.6	85.6	48.9	62.9	99.0	68.8	50.1	42.4	56.9	2.8	24.6	24.4	86.8	18.4	71.2	5.8	8.9	50.9
60.5	71.9	87.9	44.9	51.6	48.7	50.5	31.7	39.5	11.5	30.3	63.6	69.5	4.8	44.3	45.4	17.8	77.1	36.0	75.1
54.7	13.6	9.6	8.6	63.6	68.1	56.6	80.2	14.1	57.5	83.4	22.9	76.2	92.2	83.0	44.7	60.7	2.1	53.3	84.1
96.7	39.9	5.9	68.0	23.1	18.1	31.7	91.2	23.1	36.0	73.7	13.6	96.1	9.8	61.1	86.7	19.3	87.0	97.6	3.6
60.4	72.3	15.4	43.7	8.3	78.9	61.7	0.1	44.5	19.6	0.2	54.1	87.5	92.8	3.0	9.8	65.5	75.7	65.0	7.4
21.4	80.6	19.5	79.1	94.8	48.5	36.5	54.7	54.9	14.5	63.6	92.7	69.5	85.7	67.6	68.5	41.9	41.4	7.3	17.6
80.4	55.2	14.6	25.6	45.0	2.8	78.0	3.9	7.1	68.1	65.8	46.8	0.9	41.3	63.6	56.7	6.5	12.1	3.3	30.5
76.4	91.6	84.8	82.7	45.5	8.0	56.6	80.6	73.0	50.4	19.9	81.5	78.8	91.9	22.2	33.8	34.9	23.1	82.9	69.9
83.7	16.9	78.1	49.2	72.7	18.2	53.0	79.1	95.0	91.4	12.8	0.8	23.1	5.1	93.6	66.2	73.2	41.8	30.2	3.3
32.4	30.2	64.8	69.6	82.6	83.7	52.5	79.1	15.6	41.7	24.8	26.6	84.5	6.6	35.5	59.1	14.5	4.4	45.0	98.1
39.6	61.5	29.5	57.8	19.8	25.6	97.9	66.0	36.9	44.1	69.6	75.2	94.6	0.5	78.8	13.6	77.1	10.5	79.5	76.7
82.8	72.1	15.5	97.7	99.0	7.6	79.3	20.5	66.6	18.2	77.8	61.6	64.5	97.3	69.4	2.1	12.0	1.1	34.6	36.5
46.9	86.0	60.5	8.1	61.7	68.5	92.4	43.7	29.6	80.5	96.3	80.1	64.8	23.9	54.3	87.3	32.0	26.8	17.6	30.0
50.6	66.0	65.0	44.8	8.0	71.3	58.1	48.3	36.1	81.7	36.5	76.9	86.4	83.8	11.5	72.9	58.9	37.2	96.9	80.5
14.5	11.6	90.9	77.2	40.0	31.6	71.7	25.0	5.2	87.1	4.3	13.5	66.8	44.7	60.5	53.3	6.1	2.5	46.4	46.7
45.3	61.7	95.8	34.4	36.3	63.7	66.7	32.8	20.1	58.1	70.7	64.1	97.5	36.7	40.3	26.3	44.2	97.4	98.0	90.2
62.3	69.1	41.0	48.2	22.8	8.4	43.7	21.6	23.3	38.0	44.3	52.3	96.6	98.1	84.7	74.0	56.7	20.2	53.3	96.7
97.6	68.7	62.4	15.8	60.1	35.0	16.2	8.2	80.2	41.8	13.4	0.9	31.5	70.3	91.8	25.8	48.7	45.8	54.2	48.1
58.0	85.1	6.7	0.4	6.1	91.3	48.8	77.3	88.7	33.0	62.1	27.6	40.5	25.5	74.4	35.1	22.3	73.7	16.8	73.6
1	2	3	4	5	6	7	8	9	10	11	12	13	14	15	16	17	18	19	20
1	2	3	4	5	6	7	8	9	10	11	12	13	14	15	16	17	18	19	20
1	2	3	4	5	6	7	8	9	10	11	12	13	14	15	16	17	18	19	20
1	2	3	4	5	6	7	8	9	10	11	12	13	14	15	16	17	18	19	20
1	2	3	4	5	6	7	8	9	10	11	12	13	14	15	16	17	18	19	20
1	2	3	4	5	6	7	8	9	10	11	12	13	14	15	16	17	18	19	20
1	2	3	4	5	6	7	8	9	10	11	12	13	14	15	16	17	18	19	20
1	2	3	4	5	6	7	8	9	10	11	12	13	14	15	16	17	18	19	20
1	2	3	4	5	6	7	8	9	10	11	12	13	14	15	16	17	18	19	20
1	2	3	4	5	6	7	8	9	10	11	12	13	14	15	16	17	18	19	20
1	2	3	4	5	6	7	8	9	10	11	12	13	14	15	16	17	18	19	20
1	2	3	4	5	6	7	8	9	10	11	12	13	14	15	16	17	18	19	20
1	2	3	4	5	6	7	8	9	10	11	12	13	14	15	16	17	18	19	20
1	2	3	4	5	6	7	8	9	10	11	12	13	14	15	16	17	18	19	20
1	2	3	4	5	6	7	8	9	10	11	12	13	14	15	16	17	18	19	20
1	2	3	4	5	6	7	8	9	10	11	12	13	14	15	16	17	18	19	20
1	2	3	4	5	6	7	8	9	10	11	12	13	14	15	16	17	18	19	20
1	2	3	4	5	6	7	8	9	10	11	12	13	14	15	16	17	18	19	20
1	2	3	4	5	6	7	8	9	10	11	12	13	14	15	16	17	18	19	20
1	2	3	4	5	6	7	8	9	10	11	12	13	14	15	16	17	18	19	20
1	2	3	4	5	6	7	8	9	10	11	12	13	14	15	16	17	18	19	20
1	2	3	4	5	6	7	8	9	10	11	12	13	14	15	16	17	18	19	20
1	2	3	4	5	6	7	8	9	10	11	12	13	14	15	16	17	18	19	20
1	2	3	4	5	6	7	8	9	10	11	12	13	14	15	16	17	18	19	20
1	2	3	4	5	6	7	8	9	10	11	12	13	14	15	16	17	18	19	20
1	2	3	4	5	6	7	8	9	10	11	12	13	14	15	16	17	18	19	20
1	2	3	4	5	6	7	8	9	10	11	12	13	14	15	16	17	18	19	20
1	2	3	4	5	6	7	8	9	10	11	12	13	14	15	16	17	18	19	20
1	2	3	4	5	6	7	8	9	10	11	12	13	14	15	16	17	18	19	20
1	2	3	4	5	6	7	8	9	10	11	12	13	14	15	16	17	18	19	20
1	2	3	4	5	6	7	8	9	10	11	12	13	14	15	16	17	18	19	20
1	2	3	4	5	6	7	8	9	10	11	12	13	14	15	16	17	18	19	20
1	2	3	4	5	6	7	8	9	10	11	12	13	14	15	16	17	18	19	20
1	2	3	4	5	6	7	8	9	10	11	12	13	14	15	16	17	18	19	20
1	2	3	4	5	6	7	8	9	10	11	12	13	14	15	16	17	18	19	20
1	2	3	4	5	6	7	8	9	10	11	12	13	14	15	16	17	18	19	20
1	2	3	4	5	6	7	8	9	10	11	12	13	14	15	16	17	18	19	20
1	2	3	4	5	6	7	8	9	10	11	12	13	14	15	16	17	18	19	20
1	2	3	4	5	6	7	8	9	10	11	12	13	14	15	16	17	18	19	20
1	2	3	4	5	6	7	8	9	10	11	12	13	14	15	16	17	18	19	20
1	2	3	4	5	6	7	8	9	10	11	12	13	14	15	16	17	18	19	20
1	2	3	4	5	6	7	8	9	10	11	12	13	14	15	16	17	18	19	20
1	2	3	4	5	6	7	8	9	10	11	12	13	14	15	16	17	18	19	20
1	2	3	4	5	6	7	8	9	10	11	12	13	14	15	16	17	18	19	20
1	2	3	4	5	6	7	8	9	10	11	12	13	14	15	16	17	18	19	20
1	2	3	4	5	6	7	8	9	10	11	12	13	14	15	16	17	18	19	20
1	2	3	4	5	6	7	8	9	10	11	12	13	14	15	16	17	18	19	20
1	2	3	4	5	6	7	8	9	10	11	12	13	14	15	16	17	18	19	20
1	2	3	4	5	6	7	8	9	10	11	12	13	14	15	16	17	18	19	20
1	2	3	4	5	6	7	8	9	10	11	12	13	14	15	16	17	18	19	20
1	2	3	4	5	6	7	8	9	10	11	12	13	14	15	16	17	18	19	20
1	2	3	4	5	6	7	8	9	10	11	12	13	14	15	16	17	18	19	20
1	2	3	4	5	6	7	8	9	10	11	12	13	14	15	16	17	18	19	20
1	2	3	4	5	6	7	8	9	10	11	12	13	14	15	16	17	18	19	20
1	2	3	4	5	6	7	8	9	10	11	12	13	14	15	16	17	18	19	20
1	2	3	4	5	6	7	8	9	10	11	12	13	14	15	16	17	18	19	20
1	2	3	4	5	6	7	8	9	10	11	12	13	14	15	16	17	18	19	20
1	2	3	4	5	6	7	8	9	10	11	12	13	14	15	16	17	18	19	20
1	2	3	4	5	6	7	8	9	10	11	12	13	14	15	16	17	18	19	20
1	2	3	4	5	6	7	8	9	10	11	12	13	14	15	16	17	18	19	20
1	2	3	4	5	6	7	8	9	10	11	12	13	14	15	16	17	18	19	20
1	2	3	4	5	6	7	8	9	10	11	12	13	14	15	16	17	18	19	20
1	2	3	4	5	6	7	8	9	10	11	12	13	14	15	16	17	18	19	20
1	2	3	4	5	6	7	8	9	10	11	12	13	14	15	16	17	18	19	20
1	2	3	4	5	6	7	8	9	10	11	12	13	14	15	16	17	18	19	20
1	2	3	4	5	6	7	8	9	10	11	12	13	14	15	16	17	18	19	20
1	2	3	4	5	6	7	8	9	10	11	12	13	14	15	16	17	18	19	20
1	2	3	4	5	6	7	8	9	10	11	12	13	14	15	16	17	18	19	20
1	2	3	4	5	6	7	8	9	10	11	12	13	14	15	16	17	18	19	20
1	2	3	4	5	6	7	8	9	10	11	12	13	14	15	16	17	18	19	20
1	2	3	4	5	6	7	8	9	10	11	12	13	14	15	16	17	18	19	20
1	2	3	4	5	6	7	8	9	10	11	12	13	14	15	16	17	18	19	20
1	2	3	4	5	6	7	8	9	10	11	12	13	14	15	16	17	18	19	20
1	2	3	4	5	6	7	8	9	10	11	12	13	14	15	16	17	18	19	20
1	2	3	4	5	6	7	8	9	10	11	12	13	14	15	16	17	18	19	20
1	2	3	4	5	6	7	8	9	10	11	12	13	14	15	16	17	18	19	20
1	2	3	4	5	6	7	8	9	10	11	12	13	14	15	16	17	18	19	20
1	2	3	4	5	6	7	8	9	10	11	12	13	14	15	16	17	18	19	20
1	2	3	4	5	6	7	8	9	10	11	12	13	14	15	16	17	18	19	20
1	2	3	4	5	6	7	8	9	10	11	12	13	14	15	16	17	18	19	20
1	2	3	4	5	6	7	8	9	10	11	12	13	14	15	16	17	18	19	20
1	2	3	4	5	6	7	8	9	10	11	12	13	14	15	16	17	18	19	20
1	2	3	4	5	6	7	8	9	10	11	12	13	14	15	16	17	18	19	20
1	2	3	4	5	6	7	8	9	10	11	12	13	14	15	16	17	18	19	20
1	2	3	4	5	6	7	8	9	10	11	12	13	14	15	16	17	18	19	20
1	2	3	4	5	6	7	8	9	10	11	12	13	14	15	16	17	18	19	20
1	2	3	4	5	6	7	8	9	10	11	12	13	14	15	16	17	18	19	20
1	2	3	4	5	6	7	8	9	10	11	12	13	14	15	16	17	18	19	20
1	2	3	4	5	6	7	8	9	10	11	12	13	14	15	16	17	18	19	20
1	2	3	4	5	6	7	8	9	10	11	12	13	14	15	16	17	18	19	20
1	2	3	4	5	6	7	8	9	10	11	12	13	14	15	16	17	18	19	20
1	2	3	4	5	6	7	8	9	10	11	12	13	14	15	16	17	18	19	20
1	2	3	4	5	6	7	8	9	10	11	12	13	14	15	16	17	18	19	20
1	2	3	4	5	6	7	8	9	10	11	12	13	14	15	16	17	18	19	20
1	2	3	4	5	6	7	8	9	10	11	12	13	14	15	16	17	18	19	20
1	2	3	4	5	6	7	8	9	10	11	12	13	14	15	16	17	18	19	20
1	2	3	4	5	6	7	8	9	10	11	12	13	14	15	16	17	18	19	20
1	2	3	4	5	6	7	8	9	10	11	12	13	14	15	16	17	18	19	20
1	2	3	4	5	6	7	8	9	10	11	12	13	14	15	16	17	18	19	20
1	2	3	4	5	6	7	8	9	10	11	12	13	14	15	16	17	18	19	20
1	2	3	4	5	6	7	8	9	10	11	12	13	14	15	16	17	18	19	20
1	2	3	4	5	6	7	8	9	10	11	12	13	14	15	16	17	18	19	20
1	2	3	4	5	6	7	8	9	10	11	12	13	14	15	16	17	18	19	20
1	2	3	4	5	6	7	8	9	10	11	12	13	14	15	16	17	18	19	20
1	2	3	4	5	6	7	8	9	10	11	12	13	14	15	16	17	18	19	20
1	2	3	4	5	6	7	8	9	10	11	12	13	14	15	16	17	18	19	20
1	2	3	4	5	6	7	8	9	10	11	12	13	14	15	16	17	18	19	20
1	2	3	4	5	6	7	8	9	10	11	12	13	14	15	16	17	18	19	20
1	2	3	4	5	6	7	8	9	10	11	12	13	14	15	16	17	18	19	20
1	2	3	4	5	6	7	8	9	10	11	12	13	14	15	16	17	18	19	20
1	2	3	4	5	6	7	8	9	10	11	12	13	14	15	16	17	18	19	20
1	2	3	4	5	6	7	8	9	10	11	12	13	14	15	16	17	18	19	20
1	2	3	4	5	6	7	8	9	10	11	12	13	14	15	16	17	18	19	20
1	2	3	4	5	6	7	8	9	10	11	12	13	14	15	16	17	18	19	20
1	2	3	4	5	6	7	8	9	10	11	12	13	14	15	16	17	18	19	20
1	2	3	4	5	6	7	8	9	10	11	12	13	14	15	16	17	18	19	20
1	2	3	4	5	6	7	8	9	10	11	12	13	14	15	16	17	18	19	20
1	2	3	4	5	6	7	8	9	10	11	12	13	14	15	16	17	18	19	20
1	2	3	4	5	6	7	8	9	10	11	12	13	14	15	16	17	18	19	20
1	2	3	4	5	6	7	8	9	10	11	12	13	14	15	16	17	18	19	20
1	2	3	4	5	6	7	8	9	10	11	12	13	14	15	16	17	18	19	20
1	2	3	4	5	6	7	8	9	10	11	12	13	14	15	16	17	18	19	20
1	2	3	4	5	6	7	8	9	10	11	12	13	14	15	16	17	18	19	20
1	2	3	4	5	6	7	8	9	10	11	12	13	14	15	16	17	18	19	20
1	2	3	4	5	6	7	8	9	10	11	12	13	14	15	16	17	18	19	20
1	2	3	4	5	6	7	8	9	10	11	12	13	14	15	16	17	18	19	20
1	2	3	4	5	6	7	8	9	10	11	12	13	14	15	16	17	18	19	20
1	2	3	4	5	6	7	8	9	10	11	12	13	14	15	16	17	18	19	20
1	2	3	4	5	6	7	8	9	10	11	12	13	14	15	16	17	18	19	20
1	2	3	4	5	6	7	8	9	10	11	12	13	14	15	16	17	18	19	20
1	2	3	4	5	6	7	8	9	10	11	12	13	14	15	16	17	18	19	20
1	2	3	4	5	6	7	8	9	10	11	12	13	14	15	16	17	18	19	20
1	2	3	4	5	6	7	8	9	10	11	12	13	14	15	16	17	18	19	20
1	2	3	4	5	6	7	8	9	10	11	12	13	14	15	16	17	18	19	20
1	2	3	4	5	6	7	8	9	10	11	12	13	14	15	16	17	18	19	20
1	2	3	4	5	6	7	8	9	10	11	12	13	14	15	16	17	18	19	20
1	2	3	4	5	6	7	8	9	10	11	12	13	14	15	16	17	18	19	20
1	2	3	4	5	6	7	8	9	10	11	12	13	14	15	16	17	18	19	20
1	2	3	4	5	6	7	8	9	10	11	12	13	14	15	16	17	18	19	20
1	2	3	4	5	6	7	8	9	10	11	12	13	14	15	16	17	18	19	20
1	2	3	4	5	6	7	8	9	10	11	12	13	14	15	16	17	18	19	20
1	2	3	4	5	6	7	8	9	10	11	12	13	14	15	16	17	18	19	20
1	2	3	4	5	6	7	8	9	10	11	12	13	14	15	16	17	18	19	20
1	2	3	4	5	6	7	8	9	10	11	12	13	14	15	16	17	18	19	20
1	2	3	4	5	6	7	8	9	10	11	12	13	14	15	16	17	18	19	20
1	2	3	4	5	6	7	8	9	10	11	12	13	14	15	16	17	18	19	20
1	2	3	4	5	6	7	8	9	10	11	12	13	14	15	16	17	18	19	20
1	2	3	4	5	6	7	8	9	10	11	12	13	14	15	16	17	18	19	20
1	2	3	4	5	6	7	8	9	10	11	12	13	14	15	16	17	18	19	20
1	2	3	4	5	6	7	8	9	10	11	12	13	14	15	16	17	18	19	20
1	2	3	4	5	6	7	8	9	10	11	12	13	14	15	16	17	18	19	20
1	2	3	4	5	6	7	8	9	10	11	12	13	14	15	16	17	18	19	20
1	2	3	4	5	6	7	8	9	10	11	12	13	14	15	16	17	18	19	20
1	2	3	4	5	6	7	8	9	10	11	12	13	14	15	16	17	18	19	20
1	2	3	4	5	6	7	8	9	10	11	12	13	14	15	16	17	18	19	20
1	2	3	4	5	6	7	8	9	10	11	12	13	14	15	16	17	18	19	20
1	2	3	4	5	6	7	8	9	10	11	12	13	14	15	16	17	18	19	20
1	2	3	4	5	6	7	8	9	10	11	12	13	14	15	16	17	18	19	20
1	2	3	4	5	6	7	8	9	10	11	12	13	14	15	16	17	18	19	20
1	2	3	4	5	6	7	8	9	10	11	12	13	14	15	16	17	18	19	20
1	2	3	4	5	6	7	8	9	10	11	12	13	14	15	16	17	18	19	20
1	2	3	4	5	6	7	8	9	10	11	12	13	14	15	16	17	18	19	20
1	2	3	4	5	6	7	8	9	10	11	12	13	14	15	16	17	18	19	20
1	2	3	4	5	6	7	8	9	10	11	12	13	14	15	16	17	18	19	20
1	2	3	4	5	6	7	8	9	10	11	12	13	14	15	16	17	18	19	20
1	2	3	4	5	6	7	8	9	10	11	12	13	14	15	16	17	18	19	20
1	2	3	4	5	6	7	8	9	10	11	12	13	14	15	16	17	18	19	20
1	2	3	4	5	6	7	8	9	10	11	12	13	14	15	16	17	18	19	20
1	2	3	4	5	6	7	8	9	10	11	12	13	14	15	16	17	18	19	20
1	2	3	4	5	6	7	8	9	10	11	12	13	14	15	16	17	18	19	20
1	2	3	4	5	6	7	8	9	10	11	12	13	14	15	16	17	18	19	20
1	2	3	4	5	6	7	8	9	10	11	12	13	14	15	16	17	18	19	20
1	2	3	4	5	6	7	8	9	10	11	12	13	14	15	16	17	18	19	20
1	2	3	4	5	6	7	8	9	10	11	12	13	14	15	16	17	18	19	20
1	2	3	4	5	6	7	8	9	10	11	12	13	14	15	16	17	18	19	20
1	2	3	4	5	6	7	8	9	10	11	12	13	14	15	16	17	18	19	20
1	2	3	4	5	6	7	8	9	10	11	12	13	14	15	16	17	18	19	20
1	2	3	4	5	6	7	8	9	10	11	12	13	14	15	16	17	18	19	20
1	2	3	4	5	6	7	8	9	10	11	12	13	14	15	16	17	18	19	20
1	2	3	4	5	6	7	8	9	10	11	12	13	14	15	16	17	18	19	20
1	2	3	4	5	6	7	8	9	10	11	12	13	14	15	16	17	18	19	20
1	2	3	4	5	6	7	8	9	10	11	12	13	14	15	16	17	18	19	20
1	2	3	4	5	6	7	8	9	10	11	12	13	14	15	16	17	18	19	20
1	2	3	4	5	6	7	8	9	10	11	12	13	14	15	16	17	18	19	20
1	2	3	4	5	6	7	8	9	10	11	12	13	14	15	16	17	18	19	20
1	2	3	4	5	6	7	8	9	10	11	12	13	14	15	16	17	18	19	20
1	2	3	4	5	6	7	8	9	10	11	12	13	14	15	16	17	18	19	20
1	2	3	4	5	6	7	8	9	10	11	12	13	14	15	16	17	18	19	20
1	2	3	4	5	6	7	8	9	10	11	12	13	14	15	16	17	18	19	20
1	2	3	4	5	6	7	8	9	10	11	12	13	14	15	16	17	18	19	20
1	2	3	4	5	6	7	8	9	10	11	12	13	14	15	16	17	18	19	20
1	2	3	4	5	6	7	8	9	10	11	12	13	14	15	16	17	18	19	20
1	2	3	4	5	6	7	8	9	10	11	12	13	14	15	16	17	18	19	20
1	2	3	4	5	6	7	8	9	10	11	12	13	14	15	16	17	18	19	20
1	2	3	4	5	6	7	8	9	10	11	12	13	14	15	16	17	18	19	20
1	2	3	4	5	6	7	8	9	10	11	12	13	14	15	16	17	18	19	20
1	2	3	4	5	6	7	8	9	10	11	12	13	14	15	16	17	18	19	20
1	2	3	4	5	6	7	8	9	10	11	12	13	14	15	16	17	18	19	20
1	2	3	4	5	6	7	8	9	10	11	12	13	14	15	16	17	18	19	20
1	2	3	4	5	6	7	8	9	10	11	12	13	14	15	16	17	18	19	20
