200	20
69.1	78.2	24.1	0.7	81.6	3.7	78.1	4.0	52.1	30.9	57.9	1.1	35.9	33.6	47.3	25.2	98.6	40.2	47.2	55.8
53.5	44.2	12.3	80.9	11.4	22.2	68.0	68.6	37.7	78.0	33.2	12.1	99.3	95.9	56.7	3.6	52.2	2.5	52.4	31.5
9.4	14.9	55.1	14.6	83.9	46.2	24.9	23.3	16.7	68.2	60.7	83.6	68.1	5.1	26.6	85.0	84.3	18.2	5.4	55.2
76.4	4.3	79.0	15.9	34.7	64.5	15.2	19.0	22.6	92.9	76.7	63.6	11.1	40.0	30.8	41.1	31.6	78.5	44.8	46.8
66.5	26.0	84.1	0.0	60.8	7.8	24.3	52.9	77.6	82.8	25.4	26.1	48.1	41.3	41.4	33.7	38.7	23.0	12.0	59.8
94.4	83.0	9.8	99.2	72.0	38.6	78.1	75.4	11.4	63.4	48.7	29.5	41.5	68.7	38.6	79.6	28.1	80.4	64.2	42.7
45.2	60.0	95.7	11.4	62.8	75.6	90.4	16.6	55.5	45.2	55.3	51.0	93.2	85.8	83.6	12.6	47.7	65.2	51.0	88.6
4.0	75.1	96.7	68.3	59.4	71.2	89.0	86.2	93.8	56.8	40.3	66.4	93.4	87.9	3.3	54.6	60.0	11.8	37.7	81.5
1.3	44.9	37.5	32.2	10.6	26.5	50.9	99.8	16.8	42.4	83.7	28.5	48.6	74.5	68.0	81.5	41.6	90.8	99.3	22.4
88.0	65.4	99.3	50.4	28.9	34.8	83.4	68.6	3.6	43.3	21.5	86.1	44.6	85.5	45.0	17.5	55.1	42.1	67.5	88.7
57.6	80.6	31.5	32.8	43.2	2.6	57.7	8.2	95.4	79.2	9.5	18.3	39.5	62.7	57.4	13.0	81.7	9.9	46.4	29.9
28.1	66.6	27.5	31.8	50.2	84.1	27.7	82.5	73.7	22.8	21.8	12.6	91.4	29.6	80.7	37.4	28.4	65.4	91.9	71.5
24.8	59.7	96.1	44.3	80.1	72.7	14.3	83.5	31.5	37.3	73.2	26.4	84.4	8.7	54.0	14.7	60.4	44.4	9.6	17.7
65.5	97.8	13.6	30.8	37.6	44.9	24.5	76.7	10.1	54.5	49.5	89.4	62.4	34.8	19.7	54.3	23.6	27.2	93.5	9.3
68.5	48.1	83.7	79.1	82.2	30.2	85.8	9.0	50.4	69.9	14.0	20.5	73.6	72.0	83.6	54.3	50.1	77.3	17.7	89.5
65.6	55.5	32.4	81.7	33.3	61.3	53.2	1.1	15.1	84.6	9.0	67.6	27.4	1.0	66.4	24.6	7.9	1.6	62.4	16.0
40.5	6.3	6.3	61.9	16.5	14.3	64.6	19.3	83.9	42.6	53.7	84.0	8.6	19.7	66.3	44.0	94.0	10.3	99.1	33.5
51.4	41.9	20.2	95.9	62.7	52.8	17.2	43.2	27.6	75.5	39.9	17.1	66.6	5.8	28.8	89.8	80.7	86.9	48.3	82.4
63.5	87.1	30.4	65.5	70.8	27.1	13.1	9.6	72.1	41.8	23.5	3.8	61.6	72.3	72.3	1.4	47.5	28.3	68.6	31.9
52.2	94.4	61.2	76.4	66.2	87.4	68.4	5.0	34.9	76.0	49.9	36.3	75.7	60.6	27.0	67.3	96.3	94.7	6.2	40.8
54.4	56.6	56.3	3.4	4.5	15.1	82.7	83.6	39.0	11.9	32.6	50.9	37.4	24.9	73.7	93.5	6.2	31.0	78.9	13.4
96.3	89.5	50.0	53.3	84.8	24.8	5.7	4.3	97.6	14.5	13.2	0.1	27.1	41.5	88.5	90.9	53.7	9.5	43.7	19.0
45.2	50.8	57.9	21.5	26.5	82.8	23.2	14.2	58.7	24.7	53.4	53.5	83.5	77.7	3.5	88.2	79.7	46.8	41.8	16.4
79.9	16.9	55.0	72.2	9.3	55.6	6.7	31.2	17.6	12.5	76.9	1.5	4.0	38.1	19.4	51.9	40.5	14.2	67.7	10.3
29.1	86.8	62.1	46.9	37.6	67.5	73.7	96.6	28.5	13.1	15.3	14.3	91.5	45.4	35.6	42.8	84.3	62.9	82.2	79.0
17.9	21.7	85.6	24.5	89.7	87.0	52.1	37.0	73.0	70.3	38.4	5.3	71.1	52.8	73.6	3.5	97.5	59.9	92.5	49.1
23.9	1.1	39.6	83.5	82.4	87.3	75.8	81.3	28.0	3.5	70.2	55.9	57.1	9.7	70.2	96.1	72.5	32.5	99.9	55.4
49.1	0.0	49.1	95.4	61.7	81.4	65.7	10.5	20.9	23.3	84.3	69.6	91.2	98.1	22.5	49.1	46.3	46.5	84.9	79.9
18.0	31.7	37.1	44.6	78.3	61.6	24.3	54.4	39.3	0.2	18.7	37.4	4.7	80.1	21.9	63.9	64.6	67.5	37.9	84.6
65.3	14.9	68.3	68.4	15.8	66.8	90.6	32.7	82.6	28.3	95.3	52.0	21.6	71.3	4.9	82.5	86.2	42.2	8.2	88.5
73.3	0.8	67.0	98.7	75.7	59.1	39.4	7.1	32.7	30.2	49.2	26.7	94.8	80.8	3.5	41.0	1.7	20.1	9.6	24.5
82.8	1.1	69.1	39.6	24.0	77.0	90.9	1.5	41.0	50.5	78.9	18.9	87.9	81.3	8.4	66.4	58.4	79.4	62.1	84.8
90.8	43.7	7.2	98.6	98.7	15.8	48.5	81.8	85.0	81.9	74.1	21.1	93.9	40.9	72.6	47.8	4.1	63.8	68.0	69.3
99.1	12.3	58.7	66.4	24.5	20.7	93.2	75.5	54.8	9.8	11.0	40.6	94.0	5.9	56.4	43.2	89.8	50.3	93.6	15.3
99.1	94.1	41.0	10.8	33.0	36.5	20.3	58.3	77.0	51.9	73.8	97.1	86.6	11.0	57.3	17.3	54.4	31.1	27.4	18.4
19.3	20.0	5.2	97.5	46.6	0.4	75.1	93.4	68.4	18.6	29.3	89.5	48.5	31.3	37.6	92.1	54.2	88.2	75.2	39.9
66.2	37.9	72.5	74.0	44.0	30.3	21.7	98.1	46.8	33.2	14.4	7.9	62.6	93.6	64.0	44.9	64.4	55.1	29.4	48.5
36.4	30.5	54.2	72.8	37.4	62.8	58.2	55.2	37.6	75.8	14.5	67.4	44.8	45.0	18.8	99.4	21.6	28.4	28.2	1.9
86.5	52.1	98.8	46.7	99.8	85.6	56.2	90.6	58.4	14.6	19.2	62.8	28.4	96.8	36.7	87.6	57.3	93.2	35.7	82.2
8.8	98.7	13.9	22.2	43.6	89.7	25.3	9.4	4.1	81.7	45.7	11.6	21.3	39.8	94.9	92.8	67.0	30.1	52.4	82.4
57.0	54.1	30.6	96.2	37.1	74.9	75.3	91.4	43.0	3.4	60.9	45.8	60.2	52.5	89.3	24.0	60.6	20.9	5.0	45.1
31.6	61.0	27.5	66.2	82.0	54.3	8.7	99.3	60.4	90.1	15.8	56.1	10.3	45.6	10.9	94.2	37.6	1.3	68.8	30.1
14.6	32.6	61.4	51.0	52.9	2.0	46.8	50.7	25.5	59.9	18.4	96.3	74.1	4.6	11.0	3.0	29.2	53.9	12.4	100.0
92.1	86.3	37.0	56.2	10.0	14.0	74.9	35.4	23.6	85.2	3.4	89.4	41.3	7.4	39.4	95.1	45.7	90.9	14.7	57.8
32.3	8.8	69.9	36.1	58.6	9.3	89.2	28.1	76.0	27.5	97.1	88.0	12.5	44.5	3.3	89.2	65.9	16.4	93.9	52.7
18.3	60.8	4.6	70.7	92.5	89.4	90.6	96.5	99.6	83.6	37.7	18.5	32.1	10.5	4.7	88.6	96.0	62.5	11.5	82.5
54.1	81.3	61.1	47.5	13.6	44.4	28.1	86.4	25.6	19.0	13.2	95.7	80.2	5.9	13.8	56.4	37.0	48.0	2.7	2.0
41.7	75.4	49.5	58.7	92.3	4.1	14.7	34.6	84.5	16.9	24.2	28.9	58.3	51.9	27.5	96.2	38.4	60.7	90.4	55.0
20.5	71.3	47.6	81.2	0.2	54.8	25.0	84.7	63.5	41.4	59.0	57.8	81.5	25.8	4.2	6.6	74.6	24.0	48.5	5.7
81.5	59.0	14.5	72.4	40.3	99.8	89.4	56.6	81.7	99.1	12.6	63.1	77.8	6.2	81.8	26.4	80.2	73.0	15.4	96.1
56.3	63.5	8.5	16.2	19.7	37.8	73.1	59.3	98.7	37.1	90.7	11.8	91.9	17.6	85.7	47.6	55.6	69.8	29.9	37.3
0.8	80.2	14.4	21.7	68.8	74.4	96.3	41.3	66.1	51.7	78.1	13.2	83.3	23.4	85.3	19.9	99.4	87.8	26.5	91.9
2.5	27.3	69.8	17.1	71.5	64.4	4.1	77.3	19.5	19.9	9.0	75.8	51.3	0.5	70.7	98.5	95.8	57.3	51.6	8.3
60.8	91.8	54.8	37.8	33.6	10.8	32.5	32.9	58.6	67.7	16.3	99.2	4.7	99.4	32.5	74.9	77.2	29.0	6.3	74.0
34.3	46.7	15.8	25.6	64.2	80.3	4.2	16.8	12.4	77.6	46.8	48.9	73.0	85.6	58.9	36.7	23.7	77.2	4.4	5.2
22.4	91.7	80.6	34.7	25.3	16.9	86.0	24.4	86.9	23.0	73.0	83.2	34.3	96.7	28.4	60.8	26.7	4.5	91.1	69.7
65.6	82.2	6.0	40.1	92.0	70.8	23.8	26.7	18.8	99.5	26.4	99.8	50.0	51.4	97.7	74.1	56.4	51.8	11.3	2.1
75.2	32.3	25.5	18.6	96.7	42.6	72.9	30.3	84.0	72.4	86.9	62.6	50.2	64.9	14.0	86.6	83.7	69.3	65.9	53.8
82.8	25.5	20.8	48.8	4.4	88.4	97.1	82.2	47.6	31.2	75.3	4.5	58.3	74.2	37.1	99.5	93.8	92.5	66.5	93.3
46.5	66.8	63.7	67.3	38.5	77.2	58.4	4.1	83.4	42.4	25.1	54.7	93.6	56.3	32.2	56.9	8.9	99.6	28.2	81.7
43.1	14.7	82.0	0.3	14.3	64.4	8.2	75.2	85.7	52.1	33.3	25.1	29.6	25.4	60.3	88.1	10.5	27.6	39.8	7.1
0.8	19.0	23.1	80.7	17.1	28.6	15.3	11.0	64.4	29.5	9.5	63.2	91.0	28.3	46.4	91.7	60.6	44.8	11.1	81.8
42.7	51.1	45.4	45.3	33.4	57.9	53.3	16.5	74.7	73.1	32.1	67.9	0.8	19.8	4.1	71.2	69.0	60.4	16.3	84.2
18.8	31.5	51.5	80.8	46.5	65.5	13.9	35.9	94.0	51.7	8.2	11.6	53.4	5.7	69.0	81.2	13.4	87.9	71.8	5.7
64.0	93.6	75.0	42.5	30.7	98.0	51.7	87.2	0.2	64.9	97.1	37.0	86.2	43.7	0.8	41.7	50.7	45.6	60.3	26.7
31.4	99.7	36.4	59.6	15.4	34.8	86.7	50.6	84.5	67.6	11.0	48.7	76.4	38.2	19.6	35.7	47.3	44.0	6.9	61.7
43.4	38.2	3.2	67.7	34.0	52.8	86.8	45.1	80.6	90.4	71.5	19.0	80.6	38.4	30.3	86.8	22.1	35.6	66.0	89.6
5.9	69.6	32.1	78.7	98.7	50.0	8.6	7.5	63.8	0.9	65.8	97.1	72.0	38.6	49.5	45.5	76.1	36.3	78.6	9.4
8.3	47.4	70.5	18.1	43.2	21.1	65.4	62.1	51.0	85.5	34.3	52.2	96.3	1.7	71.9	3.7	11.9	34.0	80.8	37.0
93.3	93.5	27.4	43.3	78.3	26.4	10.6	70.8	78.2	40.0	52.8	34.3	10.5	7.9	38.4	58.2	89.9	25.0	49.7	70.9
36.1	65.0	87.3	32.5	87.7	1.8	54.7	73.0	17.7	32.5	2.9	79.4	91.9	52.9	63.9	54.6	48.8	97.1	80.3	93.1
52.7	49.8	23.5	86.7	52.5	98.9	34.7	54.1	44.2	6.7	42.1	37.6	77.8	64.7	47.3	35.1	53.6	26.1	42.2	26.2
48.2	92.8	48.9	19.4	20.7	30.6	39.1	39.6	1.0	53.2	83.7	73.1	41.9	47.5	3.8	47.5	8.4	98.3	52.7	30.5
21.1	24.2	42.7	56.6	100.0	83.2	2.4	67.5	84.6	17.3	81.6	65.1	56.3	34.0	49.3	83.6	93.1	28.1	82.0	6.8
59.8	91.6	91.8	77.7	28.5	45.5	5.0	51.1	33.5	33.8	95.3	62.0	65.7	53.5	65.9	33.3	43.4	86.2	49.9	10.7
63.7	2.7	18.3	27.0	32.3	73.6	55.3	69.9	34.0	97.5	41.4	17.2	70.7	24.0	32.4	53.7	3.4	68.5	28.4	52.4
18.0	88.9	41.7	2.5	29.7	66.1	60.0	61.9	35.9	68.2	91.9	68.4	87.1	51.9	95.4	34.0	97.8	89.6	35.4	22.5
62.7	42.9	95.3	28.9	73.3	98.1	57.3	23.8	52.1	71.1	37.5	17.2	94.8	32.7	92.7	83.2	11.6	39.0	31.6	70.6
27.5	61.3	70.1	35.4	85.9	40.8	52.2	46.6	4.8	31.7	41.9	38.7	94.7	71.6	34.8	33.1	7.8	10.1	34.8	11.9
29.5	44.1	95.0	25.6	22.9	14.1	56.7	2.6	30.6	74.2	86.5	24.7	58.3	25.7	5.2	71.6	64.3	87.1	89.4	22.3
34.7	31.0	14.7	84.7	69.0	97.2	94.4	95.7	64.6	32.1	0.1	41.1	69.2	30.7	16.3	24.9	46.9	35.2	3.8	24.3
1.8	36.0	51.9	32.9	44.4	12.9	63.4	71.9	47.0	80.3	50.7	23.6	44.3	96.7	36.3	62.9	61.8	67.3	88.8	96.5
91.9	22.5	74.3	55.2	24.0	37.2	73.4	27.6	41.0	13.1	34.0	64.3	98.9	13.7	10.4	73.9	0.5	93.6	96.4	87.1
56.4	79.0	1.6	11.2	33.4	46.4	81.5	33.0	54.9	52.5	43.4	37.1	36.9	62.7	47.0	70.7	6.0	1.2	34.6	41.8
71.0	67.3	75.8	33.1	65.8	12.3	14.8	34.3	83.7	90.7	2.8	91.0	66.8	55.3	6.1	77.3	89.7	62.5	50.8	98.5
98.2	75.7	93.1	39.6	62.4	54.3	92.2	71.6	96.7	43.4	59.7	66.2	37.1	73.4	47.4	96.0	87.7	46.2	51.3	42.7
29.8	5.6	30.2	14.8	75.6	8.1	22.0	89.1	6.6	70.3	2.9	25.3	50.9	36.9	78.2	35.2	68.3	22.0	6.1	33.3
91.8	81.3	85.9	77.8	17.9	65.6	45.2	58.8	65.6	74.0	18.0	83.5	43.4	75.8	23.3	0.5	50.0	36.3	35.2	32.8
70.0	64.3	63.0	59.9	41.4	69.3	93.5	33.3	66.2	50.0	8.1	80.1	94.9	71.5	53.9	44.9	54.1	13.7	71.3	25.6
77.0	25.6	10.1	12.0	75.3	24.1	9.0	63.4	99.3	44.2	68.1	96.2	96.2	51.2	78.9	21.3	23.3	13.6	89.5	65.3
64.2	85.9	0.6	60.8	68.3	77.2	27.9	20.1	4.6	61.2	13.8	54.9	90.4	64.6	54.3	79.0	13.7	82.0	92.7	0.3
99.9	45.9	32.6	56.7	88.8	8.6	0.9	33.4	13.7	88.2	84.1	20.6	83.9	22.6	16.8	40.1	37.3	86.0	50.8	95.0
33.9	54.3	92.9	87.6	92.7	27.3	54.6	91.5	19.3	74.6	64.0	54.8	22.0	68.1	67.7	90.3	47.6	36.3	30.3	97.9
55.1	64.5	30.2	70.6	70.3	78.2	22.1	27.7	48.7	43.7	13.3	40.6	9.6	52.4	46.5	82.3	98.8	28.0	13.7	61.2
20.7	3.5	51.7	13.2	88.5	28.7	24.7	28.9	32.0	23.9	96.6	39.8	3.4	78.0	24.1	33.6	22.5	36.8	48.3	38.9
77.5	79.3	95.2	22.5	26.4	49.3	13.5	86.2	95.6	32.3	2.1	49.6	59.4	60.7	50.4	57.4	31.9	81.6	48.9	10.0
91.1	1.3	39.2	33.1	49.3	99.5	4.3	45.2	9.4	63.3	52.8	25.0	82.6	17.5	57.8	66.0	69.4	68.2	66.8	7.2
10.3	24.0	48.2	89.6	44.1	19.8	93.1	54.6	19.5	88.3	53.2	21.5	71.4	99.3	56.4	70.1	66.9	61.3	18.4	65.7
89.4	68.4	1.3	31.7	69.1	66.8	75.7	33.9	55.1	13.1	69.3	23.4	76.1	98.3	33.8	97.9	58.1	18.4	93.7	60.1
74.4	52.3	80.7	77.7	80.1	47.7	74.4	9.3	0.4	28.0	83.4	16.2	65.9	25.3	42.9	16.4	40.9	42.8	41.4	60.6
64.3	84.2	65.4	53.5	15.7	26.3	88.4	60.9	0.1	50.6	38.7	67.0	32.4	38.1	0.7	80.7	25.8	64.2	23.5	25.8
68.7	58.5	21.7	95.8	59.4	93.7	69.0	62.4	29.5	23.6	96.9	80.4	88.2	66.4	7.2	96.6	1.3	78.2	27.4	59.3
23.1	19.9	28.5	42.4	77.8	15.5	59.5	4.6	37.0	76.0	32.8	83.7	43.4	88.6	1.6	90.3	55.6	30.8	88.8	29.7
49.6	5.0	50.9	16.3	90.6	19.6	44.3	40.8	10.4	33.0	82.0	98.7	52.2	94.9	96.8	89.9	69.4	22.8	95.7	77.3
33.8	59.1	67.6	46.4	60.7	42.3	17.5	5.8	98.0	17.4	87.3	57.7	32.4	0.5	44.1	6.3	79.2	44.0	61.4	94.7
58.4	97.9	27.8	85.8	71.0	62.7	15.6	18.0	62.2	74.7	26.4	11.5	78.3	66.0	72.7	76.4	87.3	75.3	93.5	52.9
72.5	71.4	14.7	62.9	80.7	85.7	15.5	61.8	21.9	82.6	92.7	46.2	67.4	13.0	32.9	8.9	34.1	61.5	11.7	47.8
56.0	50.3	72.8	39.8	0.1	51.0	52.9	72.2	42.3	55.9	28.7	9.4	52.3	87.1	93.1	12.6	46.2	65.9	59.1	53.6
93.5	0.6	77.7	46.0	12.6	3.2	94.1	72.8	82.1	15.2	7.8	54.2	51.5	95.4	2.0	93.4	16.6	32.6	33.0	11.8
63.4	60.6	61.5	39.7	84.9	81.1	63.8	84.2	4.4	57.0	11.2	68.1	98.9	30.1	12.7	81.3	3.5	10.8	98.4	48.5
67.9	57.7	34.7	13.1	37.4	71.0	36.5	64.8	60.9	28.2	69.8	63.6	79.4	25.1	4.9	21.6	1.8	6.2	12.8	2.5
28.6	12.6	14.1	37.1	11.3	17.6	41.2	12.5	74.4	23.7	83.2	65.7	15.7	99.0	63.4	12.4	38.6	48.0	47.9	48.6
84.7	61.8	0.3	53.1	71.4	85.4	83.0	22.2	62.5	96.8	72.3	63.3	75.3	59.5	36.3	30.2	70.6	80.7	59.0	58.5
49.8	99.2	86.9	80.8	13.3	56.7	51.7	11.8	4.7	33.3	37.6	28.0	28.9	54.8	9.2	14.7	10.3	12.3	77.1	41.1
86.3	66.9	77.3	89.9	20.0	37.5	18.9	25.4	44.4	90.4	40.3	0.9	56.9	51.9	36.9	7.8	92.7	69.3	82.6	63.0
26.9	71.4	66.1	60.2	79.0	66.1	85.0	79.7	10.2	48.2	22.2	6.7	62.1	16.8	49.6	13.5	36.7	62.1	54.4	84.2
19.3	25.7	19.8	23.0	81.8	27.9	83.8	94.2	99.3	30.1	7.3	89.8	49.0	49.8	80.7	39.7	1.6	71.9	5.9	93.2
96.8	91.0	48.1	87.7	27.4	66.1	14.5	11.2	36.3	40.1	24.1	20.7	54.3	4.1	3.5	77.6	92.3	38.8	6.3	57.7
25.4	36.2	87.9	1.4	53.6	3.6	13.1	12.4	96.8	40.2	33.8	0.7	82.5	21.6	25.8	14.0	92.6	76.3	78.2	79.7
50.2	83.2	30.1	33.3	39.8	91.8	89.9	82.7	75.4	23.8	82.2	19.2	64.9	10.0	53.9	3.6	25.5	46.9	48.2	4.5
40.2	30.3	10.9	10.5	29.7	78.4	95.1	2.0	91.3	35.7	53.6	44.4	37.0	37.3	23.8	26.9	83.9	86.5	62.1	0.8
92.7	98.5	57.1	76.1	91.7	63.4	29.4	84.7	9.3	41.4	63.6	37.8	40.4	85.3	57.8	40.7	77.6	29.3	94.6	13.8
0.6	68.6	81.9	74.5	72.5	17.4	91.7	21.8	75.5	45.2	49.4	33.1	19.5	24.5	42.9	57.3	44.1	63.4	68.6	81.3
23.9	13.1	36.5	5.2	61.0	20.2	33.6	27.4	74.8	3.2	91.0	60.3	19.4	59.4	16.2	96.0	35.3	96.4	48.2	31.1
82.2	40.1	90.4	87.0	76.1	72.1	53.4	37.0	0.9	8.7	80.5	32.6	51.8	43.9	4.8	1.4	0.3	44.1	72.2	73.3
77.5	67.6	81.6	7.5	42.1	69.3	58.6	45.4	96.1	23.0	20.7	0.6	49.8	56.2	8.7	60.0	67.8	35.0	86.8	55.3
1.0	79.1	57.1	80.7	45.9	50.4	79.9	22.0	21.7	8.4	67.8	19.0	53.0	39.4	45.5	13.1	98.7	6.7	24.0	31.8
38.2	72.3	33.0	61.6	95.7	1.4	89.4	9.2	59.3	33.5	92.1	6.0	56.3	12.7	78.4	65.8	80.8	55.8	35.7	33.0
16.3	40.5	42.5	80.8	77.3	12.4	31.4	8.5	13.0	48.1	3.1	95.5	52.2	33.1	16.3	61.0	46.0	51.4	14.9	33.4
12.7	48.1	17.3	54.4	18.9	45.9	86.7	86.9	22.1	62.1	84.2	68.3	47.7	20.5	75.0	77.7	64.7	42.6	32.0	34.7
14.0	81.2	65.6	91.6	59.7	99.5	7.9	6.3	78.5	52.7	17.3	13.9	78.8	30.9	3.5	84.1	87.5	70.7	25.6	63.3
12.4	86.4	82.4	51.2	76.0	42.6	29.9	5.5	94.8	77.8	75.0	18.7	0.3	29.4	47.5	48.5	85.5	14.7	41.4	58.1
29.0	87.5	89.3	7.2	15.4	40.9	77.8	54.3	23.4	73.8	97.4	46.8	57.9	97.8	56.1	35.9	92.9	30.9	79.3	59.5
40.9	42.9	29.7	94.5	56.3	1.0	94.1	10.5	99.7	63.8	1.8	83.9	70.2	72.9	93.0	27.0	4.4	0.9	44.3	58.7
86.3	59.5	57.8	49.8	13.8	14.5	16.8	48.2	2.4	60.7	60.7	18.9	20.4	63.6	65.9	80.1	45.7	91.1	67.3	79.7
70.1	34.6	58.0	37.4	0.8	42.2	91.4	85.3	86.2	17.1	78.8	67.0	10.7	17.2	35.4	40.8	98.8	16.3	75.4	11.0
80.1	44.6	90.8	46.6	12.3	91.1	63.4	12.6	19.5	75.9	48.6	93.1	35.3	76.8	78.1	0.0	87.0	79.1	95.6	82.9
23.4	68.7	3.4	41.0	26.2	16.5	48.3	19.4	14.9	42.5	65.6	57.5	1.7	4.8	72.7	26.1	22.6	37.0	50.7	64.4
84.2	3.6	10.6	19.6	22.2	77.4	15.3	26.4	25.3	77.8	1.7	40.0	62.4	92.8	7.6	87.1	54.3	97.1	71.5	26.0
52.3	63.5	14.6	33.0	48.3	74.4	59.7	89.5	77.5	21.7	16.3	81.1	99.6	46.3	97.0	67.1	82.0	92.7	83.4	64.7
75.3	26.0	69.9	36.2	44.2	8.2	78.3	31.6	97.4	23.5	9.8	85.9	65.2	31.2	46.8	80.6	58.8	72.3	61.1	93.9
95.2	99.9	67.6	15.5	87.3	9.1	2.3	98.5	72.5	64.1	79.3	89.7	96.7	51.2	90.6	29.7	39.8	63.8	82.1	65.2
22.1	29.1	12.9	44.0	79.0	78.4	40.7	72.9	72.0	72.6	78.1	57.3	71.0	34.5	86.0	10.1	50.3	22.2	34.3	33.0
39.3	72.6	63.6	38.3	56.9	20.1	15.8	48.0	50.4	13.3	24.6	50.3	58.6	30.1	52.3	70.7	11.4	44.1	98.3	82.3
94.1	22.1	16.4	31.0	25.4	69.8	7.3	5.7	95.7	12.6	95.1	19.4	87.0	97.5	61.2	47.3	82.1	9.4	42.3	85.0
71.1	70.2	37.3	18.8	94.8	38.5	1.9	85.0	21.7	86.5	4.4	14.4	31.2	42.1	74.5	19.4	12.7	54.1	96.0	66.4
82.3	48.1	8.1	42.5	73.1	29.8	29.9	92.3	61.7	62.7	32.3	60.3	97.3	71.0	88.1	49.3	98.6	22.5	71.1	21.4
65.7	26.4	12.8	26.9	66.4	24.1	61.9	14.0	90.0	56.4	41.9	8.1	52.6	59.9	44.0	70.2	94.7	51.1	68.8	45.5
44.6	88.0	56.7	78.2	59.8	0.1	54.6	33.5	17.7	49.1	14.4	43.7	9.1	40.6	36.7	49.7	49.3	70.1	72.8	72.0
65.9	83.3	4.7	2.4	51.9	99.4	15.0	83.8	16.7	82.0	45.7	75.7	46.4	22.2	6.6	66.7	86.1	94.3	84.4	88.1
35.2	62.0	14.5	80.2	68.0	46.4	6.6	31.4	77.3	80.0	75.4	69.9	68.4	75.2	91.9	40.2	45.6	72.5	22.6	0.2
27.2	56.9	37.1	40.6	46.1	97.1	20.9	19.5	35.5	26.1	32.2	26.2	71.8	48.8	86.0	42.8	10.9	60.2	80.7	72.5
65.6	0.4	37.6	27.1	8.8	32.1	1.9	64.5	20.5	39.2	14.5	12.3	35.6	5.6	28.2	71.3	15.7	41.6	48.8	31.0
1.5	73.3	4.1	54.7	62.9	99.8	78.6	66.9	33.1	42.3	1.6	66.5	71.1	86.7	61.6	61.3	80.9	67.3	72.6	82.8
69.6	23.2	55.6	79.5	79.0	21.9	17.9	3.3	10.2	53.6	48.7	27.5	66.4	8.5	61.4	35.7	41.5	21.1	17.9	8.2
45.5	6.0	72.0	95.1	26.6	67.9	83.3	2.4	3.8	49.8	59.9	70.3	66.7	100.0	36.1	10.6	37.8	16.0	21.4	41.6
87.1	51.8	61.6	36.6	34.9	7.4	58.7	54.6	88.1	18.1	41.7	44.9	5.5	69.3	94.8	41.7	13.2	45.4	89.7	55.4
58.0	38.1	94.3	4.3	82.5	70.4	76.6	53.6	26.5	82.9	4.4	36.9	32.6	51.1	69.8	94.4	22.0	77.7	39.2	96.9
63.2	2.2	32.8	37.9	98.2	1.0	92.4	55.2	10.8	1.3	28.0	97.7	91.5	8.5	43.1	29.7	53.5	96.4	21.9	77.7
45.9	92.6	4.9	48.5	54.9	19.1	11.6	64.2	31.2	52.8	55.1	20.6	47.9	73.0	36.2	34.6	33.2	16.9	36.2	93.5
89.9	80.8	53.1	95.0	21.0	44.2	43.2	67.2	51.7	28.2	7.9	87.8	15.8	90.9	79.3	17.3	17.8	65.6	52.7	48.5
49.2	94.2	47.4	26.1	81.1	47.9	99.5	20.3	38.1	83.7	39.1	54.9	87.6	0.8	34.6	0.7	90.2	18.7	15.8	81.3
48.6	20.6	23.0	85.6	60.0	98.9	18.9	19.0	0.8	78.0	4.5	53.1	74.7	74.9	81.0	71.4	73.0	78.7	99.1	45.2
17.1	7.0	83.2	70.4	89.4	27.9	47.1	26.2	79.2	2.3	44.6	66.6	44.9	63.4	47.7	81.8	4.4	46.4	53.8	20.8
72.1	87.7	77.9	71.2	50.4	56.9	98.8	95.8	52.3	47.8	99.2	39.4	59.8	59.7	41.6	57.6	63.8	5.4	63.8	58.1
76.1	28.5	39.2	62.5	0.5	4.4	78.5	31.3	56.5	91.7	66.6	27.3	60.8	62.6	13.4	63.9	80.2	21.2	39.6	46.0
85.2	86.8	7.5	49.2	88.2	37.5	31.0	81.1	62.3	46.9	6.3	98.6	15.6	79.2	36.4	40.9	73.5	0.5	6.0	55.0
28.9	76.7	54.7	32.5	37.5	43.7	86.4	93.1	39.0	53.5	35.6	80.4	94.3	78.2	92.9	31.5	23.4	71.1	38.8	74.2
0.3	55.3	17.8	52.3	0.7	40.3	99.0	41.0	7.7	46.6	60.2	83.0	77.7	1.6	37.9	25.7	83.5	3.3	3.8	61.9
87.5	24.9	48.8	16.3	95.2	83.5	70.5	37.2	16.4	50.8	92.0	24.7	63.1	98.7	59.5	75.0	24.8	91.6	17.3	4.5
6.7	56.3	40.6	55.6	75.4	13.8	89.2	94.9	18.2	33.1	97.4	2.4	55.5	51.3	64.0	98.5	84.6	70.8	10.6	75.2
63.2	54.0	72.5	21.9	68.7	51.4	90.4	10.0	46.5	37.2	29.1	25.3	38.3	61.1	73.8	14.6	94.8	76.9	39.4	42.4
9.5	81.1	77.2	74.6	73.7	80.8	52.4	12.7	93.4	60.8	83.7	6.4	59.7	52.6	73.3	69.5	70.4	90.9	13.7	20.0
31.8	19.5	59.6	42.1	30.0	66.7	38.8	14.4	17.4	80.3	55.9	25.4	59.6	57.0	78.6	40.3	33.1	26.5	37.7	19.0
39.9	94.2	73.7	20.9	64.0	16.2	8.4	26.2	39.7	66.0	24.9	97.1	45.2	72.1	66.8	14.6	73.9	48.9	41.9	72.2
83.3	88.0	56.8	68.7	63.0	99.8	9.7	76.9	44.6	81.4	57.9	67.0	67.8	99.2	58.3	46.5	61.4	3.5	15.2	21.1
19.5	88.7	74.7	82.5	76.0	66.8	64.6	84.1	85.1	90.9	84.1	92.6	40.0	98.3	27.3	60.7	26.2	26.6	93.8	4.6
17.7	6.0	28.0	42.0	88.8	57.3	3.3	64.9	97.3	25.0	88.1	21.8	46.7	44.9	11.0	97.6	14.9	21.3	99.8	44.1
50.5	63.8	84.4	82.0	38.3	37.4	56.8	28.3	94.1	81.5	42.2	30.8	96.5	15.6	53.2	21.1	61.2	59.6	10.5	43.0
43.8	51.0	50.2	89.2	54.9	62.6	59.1	3.3	1.0	21.8	96.0	40.1	2.9	58.9	1.2	0.3	60.2	9.2	5.0	27.9
76.5	5.3	66.9	81.9	85.6	84.4	85.2	4.5	43.5	85.4	78.5	6.9	99.6	9.3	94.5	91.0	18.1	3.9	12.8	77.3
78.7	81.0	84.3	93.1	62.1	72.3	67.9	41.8	32.6	26.4	99.4	22.6	98.1	70.3	1.3	79.1	69.6	41.9	48.5	23.0
90.6	31.6	26.5	9.5	37.4	46.9	41.2	77.8	46.4	46.0	27.5	59.4	77.3	2.5	1.4	73.1	27.0	35.9	41.4	51.8
37.8	62.1	69.8	1.9	69.7	62.3	21.9	61.3	14.0	82.9	30.0	12.8	71.0	6.2	57.5	60.4	11.4	49.5	41.8	88.1
2.6	61.1	67.2	25.2	11.4	27.2	57.7	89.9	61.2	67.8	92.6	50.0	66.2	73.0	62.2	37.7	4.4	22.0	6.2	28.6
92.9	72.6	56.8	45.6	38.8	51.4	17.2	69.3	74.6	97.4	5.0	12.3	53.3	45.5	47.5	36.2	56.5	65.6	50.5	19.0
44.0	47.0	46.2	79.2	51.1	81.7	43.9	52.9	68.2	27.1	14.3	32.5	27.1	91.9	53.1	33.4	15.5	85.2	47.8	12.6
92.9	6.2	68.1	11.9	71.5	92.4	16.7	25.6	34.0	55.9	67.3	84.6	83.7	39.2	79.7	9.7	84.6	96.5	91.9	55.1
61.8	1.1	22.7	11.6	44.7	16.3	90.4	6.7	68.4	74.6	18.1	25.6	94.0	40.8	49.9	22.5	71.6	89.7	73.1	14.3
52.3	66.6	0.9	96.0	23.2	14.8	9.1	72.8	28.2	76.5	39.4	77.1	55.3	3.0	9.3	53.7	19.0	84.7	67.0	83.3
47.6	22.6	91.6	99.1	13.8	20.2	87.1	60.5	13.1	19.4	76.6	67.1	82.7	4.5	82.8	24.0	74.0	11.6	1.1	10.0
80.5	19.0	90.8	16.8	36.7	86.2	59.4	78.5	4.2	54.6	28.1	21.5	12.8	62.8	65.8	73.0	86.2	86.0	82.6	5.0
42.6	23.0	84.7	93.4	49.9	37.3	29.8	48.3	68.5	77.8	35.4	9.3	64.7	21.8	74.8	59.5	46.5	52.2	40.7	46.8
29.3	61.2	51.7	76.9	7.1	22.8	18.5	46.5	17.1	83.8	82.4	55.7	75.6	86.1	76.0	68.3	89.0	85.2	83.9	39.3
39.5	18.8	3.1	64.8	77.3	6.2	59.3	91.5	80.2	67.2	80.0	94.5	39.2	18.1	25.0	7.3	54.0	71.8	52.0	14.3
44.7	95.0	19.1	46.7	87.0	38.9	89.4	99.9	86.0	98.0	46.0	10.0	20.2	81.3	93.5	36.4	0.9	89.0	68.1	84.2
94.4	78.5	36.3	27.6	15.7	30.4	68.5	68.9	47.3	1.5	77.7	25.1	42.2	23.5	5.9	32.2	48.5	98.4	97.3	24.4
86.6	48.0	82.6	60.4	57.5	51.5	98.7	84.3	89.5	57.7	0.2	55.5	84.0	52.5	96.2	27.9	86.5	76.4	84.9	7.0
39.9	44.6	20.2	52.5	70.5	21.7	64.4	98.3	91.0	96.5	74.8	84.1	97.0	54.1	86.8	36.5	61.3	78.5	68.5	27.9
51.4	2.5	78.3	74.0	62.1	43.4	66.4	90.1	49.9	87.8	91.4	80.6	78.2	61.6	86.5	80.8	11.4	24.2	77.9	82.4
1	2	3	4	5	6	7	8	9	10	11	12	13	14	15	16	17	18	19	20
1	2	3	4	5	6	7	8	9	10	11	12	13	14	15	16	17	18	19	20
1	2	3	4	5	6	7	8	9	10	11	12	13	14	15	16	17	18	19	20
1	2	3	4	5	6	7	8	9	10	11	12	13	14	15	16	17	18	19	20
1	2	3	4	5	6	7	8	9	10	11	12	13	14	15	16	17	18	19	20
1	2	3	4	5	6	7	8	9	10	11	12	13	14	15	16	17	18	19	20
1	2	3	4	5	6	7	8	9	10	11	12	13	14	15	16	17	18	19	20
1	2	3	4	5	6	7	8	9	10	11	12	13	14	15	16	17	18	19	20
1	2	3	4	5	6	7	8	9	10	11	12	13	14	15	16	17	18	19	20
1	2	3	4	5	6	7	8	9	10	11	12	13	14	15	16	17	18	19	20
1	2	3	4	5	6	7	8	9	10	11	12	13	14	15	16	17	18	19	20
1	2	3	4	5	6	7	8	9	10	11	12	13	14	15	16	17	18	19	20
1	2	3	4	5	6	7	8	9	10	11	12	13	14	15	16	17	18	19	20
1	2	3	4	5	6	7	8	9	10	11	12	13	14	15	16	17	18	19	20
1	2	3	4	5	6	7	8	9	10	11	12	13	14	15	16	17	18	19	20
1	2	3	4	5	6	7	8	9	10	11	12	13	14	15	16	17	18	19	20
1	2	3	4	5	6	7	8	9	10	11	12	13	14	15	16	17	18	19	20
1	2	3	4	5	6	7	8	9	10	11	12	13	14	15	16	17	18	19	20
1	2	3	4	5	6	7	8	9	10	11	12	13	14	15	16	17	18	19	20
1	2	3	4	5	6	7	8	9	10	11	12	13	14	15	16	17	18	19	20
1	2	3	4	5	6	7	8	9	10	11	12	13	14	15	16	17	18	19	20
1	2	3	4	5	6	7	8	9	10	11	12	13	14	15	16	17	18	19	20
1	2	3	4	5	6	7	8	9	10	11	12	13	14	15	16	17	18	19	20
1	2	3	4	5	6	7	8	9	10	11	12	13	14	15	16	17	18	19	20
1	2	3	4	5	6	7	8	9	10	11	12	13	14	15	16	17	18	19	20
1	2	3	4	5	6	7	8	9	10	11	12	13	14	15	16	17	18	19	20
1	2	3	4	5	6	7	8	9	10	11	12	13	14	15	16	17	18	19	20
1	2	3	4	5	6	7	8	9	10	11	12	13	14	15	16	17	18	19	20
1	2	3	4	5	6	7	8	9	10	11	12	13	14	15	16	17	18	19	20
1	2	3	4	5	6	7	8	9	10	11	12	13	14	15	16	17	18	19	20
1	2	3	4	5	6	7	8	9	10	11	12	13	14	15	16	17	18	19	20
1	2	3	4	5	6	7	8	9	10	11	12	13	14	15	16	17	18	19	20
1	2	3	4	5	6	7	8	9	10	11	12	13	14	15	16	17	18	19	20
1	2	3	4	5	6	7	8	9	10	11	12	13	14	15	16	17	18	19	20
1	2	3	4	5	6	7	8	9	10	11	12	13	14	15	16	17	18	19	20
1	2	3	4	5	6	7	8	9	10	11	12	13	14	15	16	17	18	19	20
1	2	3	4	5	6	7	8	9	10	11	12	13	14	15	16	17	18	19	20
1	2	3	4	5	6	7	8	9	10	11	12	13	14	15	16	17	18	19	20
1	2	3	4	5	6	7	8	9	10	11	12	13	14	15	16	17	18	19	20
1	2	3	4	5	6	7	8	9	10	11	12	13	14	15	16	17	18	19	20
1	2	3	4	5	6	7	8	9	10	11	12	13	14	15	16	17	18	19	20
1	2	3	4	5	6	7	8	9	10	11	12	13	14	15	16	17	18	19	20
1	2	3	4	5	6	7	8	9	10	11	12	13	14	15	16	17	18	19	20
1	2	3	4	5	6	7	8	9	10	11	12	13	14	15	16	17	18	19	20
1	2	3	4	5	6	7	8	9	10	11	12	13	14	15	16	17	18	19	20
1	2	3	4	5	6	7	8	9	10	11	12	13	14	15	16	17	18	19	20
1	2	3	4	5	6	7	8	9	10	11	12	13	14	15	16	17	18	19	20
1	2	3	4	5	6	7	8	9	10	11	12	13	14	15	16	17	18	19	20
1	2	3	4	5	6	7	8	9	10	11	12	13	14	15	16	17	18	19	20
1	2	3	4	5	6	7	8	9	10	11	12	13	14	15	16	17	18	19	20
1	2	3	4	5	6	7	8	9	10	11	12	13	14	15	16	17	18	19	20
1	2	3	4	5	6	7	8	9	10	11	12	13	14	15	16	17	18	19	20
1	2	3	4	5	6	7	8	9	10	11	12	13	14	15	16	17	18	19	20
1	2	3	4	5	6	7	8	9	10	11	12	13	14	15	16	17	18	19	20
1	2	3	4	5	6	7	8	9	10	11	12	13	14	15	16	17	18	19	20
1	2	3	4	5	6	7	8	9	10	11	12	13	14	15	16	17	18	19	20
1	2	3	4	5	6	7	8	9	10	11	12	13	14	15	16	17	18	19	20
1	2	3	4	5	6	7	8	9	10	11	12	13	14	15	16	17	18	19	20
1	2	3	4	5	6	7	8	9	10	11	12	13	14	15	16	17	18	19	20
1	2	3	4	5	6	7	8	9	10	11	12	13	14	15	16	17	18	19	20
1	2	3	4	5	6	7	8	9	10	11	12	13	14	15	16	17	18	19	20
1	2	3	4	5	6	7	8	9	10	11	12	13	14	15	16	17	18	19	20
1	2	3	4	5	6	7	8	9	10	11	12	13	14	15	16	17	18	19	20
1	2	3	4	5	6	7	8	9	10	11	12	13	14	15	16	17	18	19	20
1	2	3	4	5	6	7	8	9	10	11	12	13	14	15	16	17	18	19	20
1	2	3	4	5	6	7	8	9	10	11	12	13	14	15	16	17	18	19	20
1	2	3	4	5	6	7	8	9	10	11	12	13	14	15	16	17	18	19	20
1	2	3	4	5	6	7	8	9	10	11	12	13	14	15	16	17	18	19	20
1	2	3	4	5	6	7	8	9	10	11	12	13	14	15	16	17	18	19	20
1	2	3	4	5	6	7	8	9	10	11	12	13	14	15	16	17	18	19	20
1	2	3	4	5	6	7	8	9	10	11	12	13	14	15	16	17	18	19	20
1	2	3	4	5	6	7	8	9	10	11	12	13	14	15	16	17	18	19	20
1	2	3	4	5	6	7	8	9	10	11	12	13	14	15	16	17	18	19	20
1	2	3	4	5	6	7	8	9	10	11	12	13	14	15	16	17	18	19	20
1	2	3	4	5	6	7	8	9	10	11	12	13	14	15	16	17	18	19	20
1	2	3	4	5	6	7	8	9	10	11	12	13	14	15	16	17	18	19	20
1	2	3	4	5	6	7	8	9	10	11	12	13	14	15	16	17	18	19	20
1	2	3	4	5	6	7	8	9	10	11	12	13	14	15	16	17	18	19	20
1	2	3	4	5	6	7	8	9	10	11	12	13	14	15	16	17	18	19	20
1	2	3	4	5	6	7	8	9	10	11	12	13	14	15	16	17	18	19	20
1	2	3	4	5	6	7	8	9	10	11	12	13	14	15	16	17	18	19	20
1	2	3	4	5	6	7	8	9	10	11	12	13	14	15	16	17	18	19	20
1	2	3	4	5	6	7	8	9	10	11	12	13	14	15	16	17	18	19	20
1	2	3	4	5	6	7	8	9	10	11	12	13	14	15	16	17	18	19	20
1	2	3	4	5	6	7	8	9	10	11	12	13	14	15	16	17	18	19	20
1	2	3	4	5	6	7	8	9	10	11	12	13	14	15	16	17	18	19	20
1	2	3	4	5	6	7	8	9	10	11	12	13	14	15	16	17	18	19	20
1	2	3	4	5	6	7	8	9	10	11	12	13	14	15	16	17	18	19	20
1	2	3	4	5	6	7	8	9	10	11	12	13	14	15	16	17	18	19	20
1	2	3	4	5	6	7	8	9	10	11	12	13	14	15	16	17	18	19	20
1	2	3	4	5	6	7	8	9	10	11	12	13	14	15	16	17	18	19	20
1	2	3	4	5	6	7	8	9	10	11	12	13	14	15	16	17	18	19	20
1	2	3	4	5	6	7	8	9	10	11	12	13	14	15	16	17	18	19	20
1	2	3	4	5	6	7	8	9	10	11	12	13	14	15	16	17	18	19	20
1	2	3	4	5	6	7	8	9	10	11	12	13	14	15	16	17	18	19	20
1	2	3	4	5	6	7	8	9	10	11	12	13	14	15	16	17	18	19	20
1	2	3	4	5	6	7	8	9	10	11	12	13	14	15	16	17	18	19	20
1	2	3	4	5	6	7	8	9	10	11	12	13	14	15	16	17	18	19	20
1	2	3	4	5	6	7	8	9	10	11	12	13	14	15	16	17	18	19	20
1	2	3	4	5	6	7	8	9	10	11	12	13	14	15	16	17	18	19	20
1	2	3	4	5	6	7	8	9	10	11	12	13	14	15	16	17	18	19	20
1	2	3	4	5	6	7	8	9	10	11	12	13	14	15	16	17	18	19	20
1	2	3	4	5	6	7	8	9	10	11	12	13	14	15	16	17	18	19	20
1	2	3	4	5	6	7	8	9	10	11	12	13	14	15	16	17	18	19	20
1	2	3	4	5	6	7	8	9	10	11	12	13	14	15	16	17	18	19	20
1	2	3	4	5	6	7	8	9	10	11	12	13	14	15	16	17	18	19	20
1	2	3	4	5	6	7	8	9	10	11	12	13	14	15	16	17	18	19	20
1	2	3	4	5	6	7	8	9	10	11	12	13	14	15	16	17	18	19	20
1	2	3	4	5	6	7	8	9	10	11	12	13	14	15	16	17	18	19	20
1	2	3	4	5	6	7	8	9	10	11	12	13	14	15	16	17	18	19	20
1	2	3	4	5	6	7	8	9	10	11	12	13	14	15	16	17	18	19	20
1	2	3	4	5	6	7	8	9	10	11	12	13	14	15	16	17	18	19	20
1	2	3	4	5	6	7	8	9	10	11	12	13	14	15	16	17	18	19	20
1	2	3	4	5	6	7	8	9	10	11	12	13	14	15	16	17	18	19	20
1	2	3	4	5	6	7	8	9	10	11	12	13	14	15	16	17	18	19	20
1	2	3	4	5	6	7	8	9	10	11	12	13	14	15	16	17	18	19	20
1	2	3	4	5	6	7	8	9	10	11	12	13	14	15	16	17	18	19	20
1	2	3	4	5	6	7	8	9	10	11	12	13	14	15	16	17	18	19	20
1	2	3	4	5	6	7	8	9	10	11	12	13	14	15	16	17	18	19	20
1	2	3	4	5	6	7	8	9	10	11	12	13	14	15	16	17	18	19	20
1	2	3	4	5	6	7	8	9	10	11	12	13	14	15	16	17	18	19	20
1	2	3	4	5	6	7	8	9	10	11	12	13	14	15	16	17	18	19	20
1	2	3	4	5	6	7	8	9	10	11	12	13	14	15	16	17	18	19	20
1	2	3	4	5	6	7	8	9	10	11	12	13	14	15	16	17	18	19	20
1	2	3	4	5	6	7	8	9	10	11	12	13	14	15	16	17	18	19	20
1	2	3	4	5	6	7	8	9	10	11	12	13	14	15	16	17	18	19	20
1	2	3	4	5	6	7	8	9	10	11	12	13	14	15	16	17	18	19	20
1	2	3	4	5	6	7	8	9	10	11	12	13	14	15	16	17	18	19	20
1	2	3	4	5	6	7	8	9	10	11	12	13	14	15	16	17	18	19	20
1	2	3	4	5	6	7	8	9	10	11	12	13	14	15	16	17	18	19	20
1	2	3	4	5	6	7	8	9	10	11	12	13	14	15	16	17	18	19	20
1	2	3	4	5	6	7	8	9	10	11	12	13	14	15	16	17	18	19	20
1	2	3	4	5	6	7	8	9	10	11	12	13	14	15	16	17	18	19	20
1	2	3	4	5	6	7	8	9	10	11	12	13	14	15	16	17	18	19	20
1	2	3	4	5	6	7	8	9	10	11	12	13	14	15	16	17	18	19	20
1	2	3	4	5	6	7	8	9	10	11	12	13	14	15	16	17	18	19	20
1	2	3	4	5	6	7	8	9	10	11	12	13	14	15	16	17	18	19	20
1	2	3	4	5	6	7	8	9	10	11	12	13	14	15	16	17	18	19	20
1	2	3	4	5	6	7	8	9	10	11	12	13	14	15	16	17	18	19	20
1	2	3	4	5	6	7	8	9	10	11	12	13	14	15	16	17	18	19	20
1	2	3	4	5	6	7	8	9	10	11	12	13	14	15	16	17	18	19	20
1	2	3	4	5	6	7	8	9	10	11	12	13	14	15	16	17	18	19	20
1	2	3	4	5	6	7	8	9	10	11	12	13	14	15	16	17	18	19	20
1	2	3	4	5	6	7	8	9	10	11	12	13	14	15	16	17	18	19	20
1	2	3	4	5	6	7	8	9	10	11	12	13	14	15	16	17	18	19	20
1	2	3	4	5	6	7	8	9	10	11	12	13	14	15	16	17	18	19	20
1	2	3	4	5	6	7	8	9	10	11	12	13	14	15	16	17	18	19	20
1	2	3	4	5	6	7	8	9	10	11	12	13	14	15	16	17	18	19	20
1	2	3	4	5	6	7	8	9	10	11	12	13	14	15	16	17	18	19	20
1	2	3	4	5	6	7	8	9	10	11	12	13	14	15	16	17	18	19	20
1	2	3	4	5	6	7	8	9	10	11	12	13	14	15	16	17	18	19	20
1	2	3	4	5	6	7	8	9	10	11	12	13	14	15	16	17	18	19	20
1	2	3	4	5	6	7	8	9	10	11	12	13	14	15	16	17	18	19	20
1	2	3	4	5	6	7	8	9	10	11	12	13	14	15	16	17	18	19	20
1	2	3	4	5	6	7	8	9	10	11	12	13	14	15	16	17	18	19	20
1	2	3	4	5	6	7	8	9	10	11	12	13	14	15	16	17	18	19	20
1	2	3	4	5	6	7	8	9	10	11	12	13	14	15	16	17	18	19	20
1	2	3	4	5	6	7	8	9	10	11	12	13	14	15	16	17	18	19	20
1	2	3	4	5	6	7	8	9	10	11	12	13	14	15	16	17	18	19	20
1	2	3	4	5	6	7	8	9	10	11	12	13	14	15	16	17	18	19	20
1	2	3	4	5	6	7	8	9	10	11	12	13	14	15	16	17	18	19	20
1	2	3	4	5	6	7	8	9	10	11	12	13	14	15	16	17	18	19	20
1	2	3	4	5	6	7	8	9	10	11	12	13	14	15	16	17	18	19	20
1	2	3	4	5	6	7	8	9	10	11	12	13	14	15	16	17	18	19	20
1	2	3	4	5	6	7	8	9	10	11	12	13	14	15	16	17	18	19	20
1	2	3	4	5	6	7	8	9	10	11	12	13	14	15	16	17	18	19	20
1	2	3	4	5	6	7	8	9	10	11	12	13	14	15	16	17	18	19	20
1	2	3	4	5	6	7	8	9	10	11	12	13	14	15	16	17	18	19	20
1	2	3	4	5	6	7	8	9	10	11	12	13	14	15	16	17	18	19	20
1	2	3	4	5	6	7	8	9	10	11	12	13	14	15	16	17	18	19	20
1	2	3	4	5	6	7	8	9	10	11	12	13	14	15	16	17	18	19	20
1	2	3	4	5	6	7	8	9	10	11	12	13	14	15	16	17	18	19	20
1	2	3	4	5	6	7	8	9	10	11	12	13	14	15	16	17	18	19	20
1	2	3	4	5	6	7	8	9	10	11	12	13	14	15	16	17	18	19	20
1	2	3	4	5	6	7	8	9	10	11	12	13	14	15	16	17	18	19	20
1	2	3	4	5	6	7	8	9	10	11	12	13	14	15	16	17	18	19	20
1	2	3	4	5	6	7	8	9	10	11	12	13	14	15	16	17	18	19	20
1	2	3	4	5	6	7	8	9	10	11	12	13	14	15	16	17	18	19	20
1	2	3	4	5	6	7	8	9	10	11	12	13	14	15	16	17	18	19	20
1	2	3	4	5	6	7	8	9	10	11	12	13	14	15	16	17	18	19	20
1	2	3	4	5	6	7	8	9	10	11	12	13	14	15	16	17	18	19	20
1	2	3	4	5	6	7	8	9	10	11	12	13	14	15	16	17	18	19	20
1	2	3	4	5	6	7	8	9	10	11	12	13	14	15	16	17	18	19	20
1	2	3	4	5	6	7	8	9	10	11	12	13	14	15	16	17	18	19	20
1	2	3	4	5	6	7	8	9	10	11	12	13	14	15	16	17	18	19	20
1	2	3	4	5	6	7	8	9	10	11	12	13	14	15	16	17	18	19	20
1	2	3	4	5	6	7	8	9	10	11	12	13	14	15	16	17	18	19	20
1	2	3	4	5	6	7	8	9	10	11	12	13	14	15	16	17	18	19	20
1	2	3	4	5	6	7	8	9	10	11	12	13	14	15	16	17	18	19	20
1	2	3	4	5	6	7	8	9	10	11	12	13	14	15	16	17	18	19	20
1	2	3	4	5	6	7	8	9	10	11	12	13	14	15	16	17	18	19	20
1	2	3	4	5	6	7	8	9	10	11	12	13	14	15	16	17	18	19	20
1	2	3	4	5	6	7	8	9	10	11	12	13	14	15	16	17	18	19	20
1	2	3	4	5	6	7	8	9	10	11	12	13	14	15	16	17	18	19	20
1	2	3	4	5	6	7	8	9	10	11	12	13	14	15	16	17	18	19	20
1	2	3	4	5	6	7	8	9	10	11	12	13	14	15	16	17	18	19	20
1	2	3	4	5	6	7	8	9	10	11	12	13	14	15	16	17	18	19	20
1	2	3	4	5	6	7	8	9	10	11	12	13	14	15	16	17	18	19	20
1	2	3	4	5	6	7	8	9	10	11	12	13	14	15	16	17	18	19	20
1	2	3	4	5	6	7	8	9	10	11	12	13	14	15	16	17	18	19	20
