200	20
29.0	38.5	8.3	58.7	58.2	57.0	93.3	92.3	50.4	10.4	32.4	42.2	96.5	59.5	61.8	72.6	22.6	14.2	5.3	18.2
3.9	39.6	16.0	8.7	93.3	73.7	99.6	21.3	37.1	3.0	81.0	61.7	68.7	38.3	94.0	8.7	10.2	13.1	99.4	72.6
95.6	35.0	48.6	98.1	1.4	12.0	69.7	58.1	97.0	22.5	18.8	90.7	85.7	7.1	86.1	80.9	54.4	91.1	16.4	19.1
63.6	54.7	79.5	78.4	42.4	61.1	47.9	86.1	47.8	70.5	97.7	65.7	36.4	66.0	28.7	68.0	89.6	51.4	74.9	77.1
44.7	9.3	92.1	46.4	30.6	71.7	29.0	47.7	2.8	39.2	37.5	45.7	16.5	63.2	98.4	65.9	2.2	49.1	65.9	29.4
59.7	20.1	57.7	95.9	14.0	58.6	86.7	39.3	89.8	49.6	44.8	97.5	53.0	82.6	59.5	16.3	47.5	75.9	76.7	59.3
93.4	36.8	79.9	3.6	36.0	77.7	58.0	55.9	30.3	77.6	30.5	75.9	2.7	39.8	47.5	69.3	81.9	60.9	84.7	40.6
92.4	15.1	98.0	31.1	25.9	15.0	49.8	86.1	41.5	10.8	95.3	80.0	58.2	55.1	24.8	60.7	5.8	56.1	42.9	76.8
38.6	99.9	86.8	24.2	81.2	34.8	10.2	94.0	68.8	10.0	45.1	17.3	68.2	4.1	11.8	27.4	73.0	86.8	77.9	0.3
37.9	97.2	84.7	5.9	81.4	74.8	76.7	53.1	27.9	23.6	41.6	97.7	90.9	80.6	24.6	73.4	98.7	26.7	42.4	31.6
52.9	96.2	97.8	18.3	81.7	55.7	29.7	2.0	11.6	75.7	76.7	93.1	31.5	54.3	64.8	50.7	22.8	84.7	81.7	85.6
2.7	10.7	70.1	15.6	2.0	5.7	58.7	0.5	78.6	40.2	81.0	46.9	77.7	57.4	71.9	13.2	22.4	84.9	8.3	66.4
43.0	32.3	89.9	18.3	85.4	67.6	11.6	78.9	28.9	3.1	95.5	1.9	69.2	27.2	59.5	72.3	19.4	94.3	8.0	0.6
42.8	25.8	45.8	77.2	22.2	42.0	66.4	83.8	28.2	66.4	52.2	77.2	61.1	30.2	33.3	41.7	71.3	60.4	74.2	26.4
99.5	62.0	42.8	74.6	71.3	45.3	34.4	26.4	71.4	94.6	39.5	61.1	59.9	88.1	38.5	20.6	52.0	41.9	3.8	25.3
35.5	57.8	44.2	15.4	6.7	75.3	60.8	96.2	52.5	77.3	69.0	71.9	88.3	71.3	85.5	48.5	34.1	43.9	14.8	8.6
69.6	50.7	53.8	30.0	64.1	75.6	81.3	97.2	80.5	84.0	92.6	9.8	29.8	62.2	56.6	41.5	93.7	91.0	34.1	87.7
97.1	52.3	9.6	72.0	18.5	88.7	61.2	51.8	55.8	26.7	80.3	70.4	7.9	27.0	37.6	9.9	41.7	23.6	87.8	24.7
60.0	92.9	0.9	44.5	52.7	13.8	65.3	48.4	0.8	61.0	28.3	34.2	61.4	75.0	40.4	34.3	33.3	39.8	41.1	6.3
26.3	16.0	22.6	26.6	99.0	46.6	26.1	25.3	14.6	89.5	46.6	56.8	54.5	60.5	0.0	20.2	67.9	85.4	45.3	34.0
70.0	57.8	67.7	80.5	29.0	79.7	6.7	40.2	75.1	90.6	0.6	8.6	99.2	82.4	56.6	37.0	100.0	88.0	82.4	36.5
45.7	58.8	35.6	16.1	45.8	3.5	46.4	63.9	76.6	90.7	55.4	51.8	99.8	94.4	40.4	12.1	50.2	92.8	44.6	28.4
91.2	61.2	90.4	95.1	57.8	69.8	57.7	71.3	6.5	18.7	12.2	37.9	50.3	37.4	3.5	69.0	66.3	2.8	87.1	85.8
88.2	25.7	72.1	68.7	15.5	61.1	98.5	28.6	88.1	8.7	23.0	24.9	38.1	16.4	51.1	47.6	7.1	40.8	11.0	21.3
26.2	88.4	10.6	6.0	61.1	30.4	0.4	23.5	22.7	80.8	6.1	30.8	70.8	50.6	24.6	29.1	31.4	66.6	8.7	94.7
44.5	53.9	82.4	71.0	8.6	97.2	31.4	99.8	20.8	59.2	59.7	97.7	71.5	38.3	61.9	37.7	93.3	47.2	54.1	80.1
91.9	0.5	86.5	46.7	19.9	37.5	22.8	31.5	84.6	13.5	21.0	0.4	22.8	39.6	66.7	70.0	22.9	95.2	93.6	34.2
16.9	38.6	92.0	86.6	1.4	18.1	22.3	42.0	62.1	86.7	12.4	19.0	18.6	6.8	7.4	24.3	97.0	3.5	55.2	84.6
49.5	48.8	35.8	68.6	99.0	44.6	63.8	9.8	18.3	80.1	43.2	22.0	21.3	42.2	2.3	3.0	77.0	65.2	55.6	17.6
59.7	48.5	56.2	0.5	94.9	55.4	20.7	59.4	72.2	23.2	57.2	29.0	91.8	61.9	28.3	58.1	26.7	68.3	2.7	42.3
97.4	72.2	99.3	2.2	86.5	69.9	35.2	72.8	20.0	68.9	23.1	53.7	54.4	26.4	91.2	99.0	15.4	43.3	11.6	68.6
26.9	29.3	1.2	96.8	20.5	32.9	58.5	88.6	4.8	52.2	54.0	62.7	33.3	38.9	43.6	41.8	40.7	7.8	19.7	98.8
71.2	22.6	80.2	84.9	4.8	78.6	75.7	19.3	51.6	52.2	4.4	27.3	18.1	46.3	29.4	71.2	82.9	2.8	74.6	45.7
72.7	11.8	59.8	9.7	24.8	50.0	27.4	71.9	34.2	3.2	5.1	97.8	39.3	35.3	1.0	47.5	45.1	12.4	33.9	87.6
79.6	40.0	46.3	85.3	57.6	82.2	47.9	3.9	26.2	4.1	52.5	19.4	10.9	15.5	72.0	67.2	97.8	6.8	78.2	64.8
54.1	35.8	28.1	6.6	50.8	72.3	45.6	44.8	71.1	61.7	7.6	62.7	26.7	9.2	75.1	71.5	26.7	58.9	30.7	92.4
6.2	72.3	64.5	25.3	21.8	25.6	58.3	29.5	36.0	77.5	55.8	16.4	82.0	29.3	94.6	29.0	17.5	80.0	12.0	16.3
57.3	31.0	58.1	92.2	41.2	64.7	10.9	26.5	96.1	91.7	98.5	11.2	5.6	98.5	82.9	35.5	68.2	14.1	36.7	47.6
60.0	36.9	89.8	52.2	5.4	36.8	19.0	82.5	26.7	92.3	77.5	33.6	47.6	15.9	73.3	52.0	14.1	15.1	60.3	21.0
69.7	62.7	50.6	12.7	75.6	57.2	4.4	1.9	54.2	36.6	53.5	43.7	53.0	19.5	79.1	66.2	18.5	47.1	40.0	22.9
12.7	84.2	82.9	92.5	71.0	56.1	13.6	31.2	88.6	1.4	63.3	41.4	93.5	27.3	89.9	32.3	66.3	5.3	45.0	56.2
47.0	54.1	33.5	50.5	49.2	24.2	75.9	15.7	88.8	32.4	53.9	66.6	42.6	21.3	57.6	73.5	90.5	88.6	60.7	17.5
18.1	66.4	25.7	28.3	51.2	11.0	0.7	16.4	65.0	29.5	1.2	83.6	52.1	80.0	89.8	70.0	73.0	37.2	57.5	27.0
13.4	50.8	41.2	43.9	53.9	11.4	2.4	79.7	90.2	54.9	90.9	69.9	48.9	44.5	1.1	18.6	98.9	28.9	3.6	54.9
70.4	54.5	8.0	1.7	9.2	83.5	28.1	73.3	79.4	44.8	9.5	76.5	92.3	57.5	62.3	63.0	54.1	23.1	39.5	23.5
40.9	57.6	3.8	19.0	76.2	69.6	12.7	32.0	63.3	54.1	92.2	97.7	80.7	84.8	79.0	64.4	57.4	30.4	62.9	58.1
70.1	49.7	49.6	58.7	39.0	7.4	4.2	97.5	82.8	20.2	65.7	58.4	22.4	50.6	87.6	69.6	63.2	38.8	7.1	40.0
40.5	60.2	0.4	80.9	40.8	27.4	38.1	82.2	72.7	78.5	57.6	0.1	92.8	3.5	26.4	97.4	21.3	53.1	62.1	89.0
47.6	40.3	57.6	9.3	36.8	17.9	91.0	81.3	56.8	11.0	64.6	31.0	34.1	9.1	94.9	8.8	8.4	45.8	0.4	0.5
49.7	20.6	56.0	92.9	77.1	42.5	46.5	71.0	45.1	52.5	91.6	44.4	1.4	48.5	15.5	87.9	26.7	54.3	44.1	7.0
55.0	14.4	4.7	42.5	73.7	70.1	22.3	47.5	66.6	8.3	39.6	46.8	21.0	44.5	99.7	35.2	25.3	25.4	67.6	80.4
97.1	60.3	11.0	34.9	8.0	14.2	95.3	38.4	68.6	48.1	2.7	60.6	39.8	33.4	83.5	90.3	35.4	66.7	93.1	97.1
48.9	12.2	95.9	3.3	66.3	72.3	45.1	0.7	92.8	95.4	69.6	56.3	12.1	35.3	51.8	53.0	35.0	1.4	20.7	12.0
76.6	10.9	62.9	90.8	27.3	67.9	48.9	9.8	70.3	82.1	60.3	59.7	49.3	72.3	64.1	18.0	97.7	65.2	16.7	50.6
15.0	60.2	4.3	93.9	94.4	48.9	19.2	67.5	33.6	6.7	52.3	39.0	57.3	75.6	96.8	1.5	69.6	83.2	39.9	15.3
27.0	22.9	73.9	35.7	84.2	42.9	91.3	42.0	13.4	21.2	77.8	29.6	31.5	84.8	40.4	30.4	71.9	9.9	8.7	68.9
68.5	18.8	77.0	56.4	89.2	10.1	44.0	30.8	45.5	36.2	80.6	47.2	90.9	35.1	73.6	82.2	69.6	67.0	72.4	91.6
1.7	38.9	80.2	72.5	78.3	22.8	2.2	93.9	79.1	50.6	27.5	49.4	85.0	6.6	53.2	32.9	73.8	71.4	90.7	22.0
52.0	89.5	1.1	7.4	97.4	66.0	89.5	42.6	99.7	15.8	90.6	37.7	46.1	70.9	36.0	27.7	19.3	61.5	64.5	95.1
71.3	14.9	54.9	94.4	18.9	81.1	1.2	38.7	10.0	77.9	32.4	4.1	53.9	44.9	46.7	85.5	79.6	71.4	70.2	54.4
66.3	34.5	48.8	59.4	39.4	60.9	64.2	83.3	38.1	10.2	50.3	54.5	98.0	71.3	30.0	92.6	50.0	98.8	75.7	76.9
17.2	29.8	47.0	1.5	78.8	41.6	48.9	15.9	22.6	76.2	87.5	77.4	19.2	79.8	17.0	99.2	31.6	15.2	84.3	81.8
81.2	93.1	71.1	42.8	15.9	26.9	91.5	52.2	50.6	17.9	9.8	92.7	67.6	58.1	26.8	89.9	82.3	50.2	35.0	84.1
52.3	12.2	91.3	71.8	15.9	82.9	29.2	23.6	41.0	99.4	36.9	60.0	35.9	47.3	27.3	6.7	5.1	30.8	29.0	11.2
1.8	66.3	73.2	72.9	86.7	49.5	17.5	14.4	74.8	77.9	20.6	58.9	89.9	31.6	48.8	93.3	29.8	15.4	76.2	69.5
87.9	6.2	27.8	43.0	15.0	4.2	34.6	52.3	90.9	52.4	22.6	99.6	77.6	84.5	50.3	32.8	2.8	9.7	96.5	25.0
36.4	10.7	15.3	47.8	48.0	62.4	52.5	55.4	66.7	12.4	46.0	99.2	19.1	67.4	38.0	20.4	18.4	45.4	78.3	49.4
50.4	55.7	2.9	76.0	67.1	58.7	62.2	10.8	75.1	48.2	72.9	76.7	34.4	84.5	69.4	64.3	84.8	37.6	23.7	13.3
60.0	44.6	55.0	22.2	67.5	22.5	26.4	48.3	49.9	19.4	43.2	66.6	88.9	28.4	8.3	87.7	80.4	58.4	19.8	15.6
38.8	27.7	94.0	99.8	88.8	37.8	6.1	43.1	52.4	28.0	68.9	0.1	13.5	30.2	50.6	93.2	30.6	43.7	36.7	20.7
6.7	8.1	76.1	98.9	35.3	18.8	78.2	54.4	12.4	88.4	2.0	97.1	38.4	86.1	59.9	16.2	86.6	74.4	83.7	3.1
49.8	79.8	83.3	13.5	68.6	18.3	30.4	42.7	14.3	68.1	14.9	68.6	48.6	23.3	97.6	38.9	1.7	13.9	49.7	50.5
34.7	79.7	36.6	85.9	15.5	73.4	89.8	44.9	86.4	29.1	88.3	55.6	83.1	15.0	42.3	15.9	66.9	86.5	70.1	80.2
48.7	46.4	69.3	5.1	44.4	12.0	16.9	24.9	24.0	76.8	93.6	77.0	95.1	57.1	35.6	7.4	96.0	56.3	51.0	99.2
40.6	94.1	62.9	42.3	71.5	65.4	36.8	33.8	17.7	82.7	63.7	15.2	52.4	20.1	50.2	19.4	6.4	37.2	13.0	72.9
68.1	34.1	16.8	59.8	63.0	18.1	80.4	81.2	30.7	72.6	58.3	97.3	90.1	91.4	28.1	66.7	95.4	89.2	3.5	40.1
12.9	86.5	11.4	27.8	82.6	35.8	37.7	48.7	47.3	74.3	21.9	81.2	36.9	66.1	78.1	13.0	59.2	28.3	61.7	89.4
54.0	56.3	7.5	69.9	0.3	69.0	18.1	90.3	72.5	37.1	54.6	91.4	23.9	72.5	40.0	96.4	51.6	60.1	19.2	22.3
81.3	25.9	7.4	61.0	24.5	27.9	27.1	54.2	86.2	31.4	7.9	94.0	32.3	52.1	60.7	65.3	89.2	61.9	66.0	44.6
29.5	33.5	31.7	1.4	7.8	11.0	28.9	7.9	98.7	12.1	92.7	39.7	95.4	5.0	29.4	96.8	75.9	10.3	84.6	11.0
60.0	36.8	59.4	24.1	96.6	37.3	55.2	70.2	70.8	8.9	79.1	88.1	53.3	86.6	85.7	3.1	91.6	27.8	11.1	83.8
81.9	63.5	26.7	39.3	99.3	70.2	95.2	83.0	67.7	36.6	100.0	74.5	63.3	71.0	87.5	80.1	66.7	45.7	71.2	74.4
63.4	97.4	4.4	70.6	44.1	7.4	20.3	79.8	18.8	99.2	2.9	23.6	92.4	35.4	9.8	89.8	4.1	23.9	19.5	13.2
1.0	40.6	95.2	31.9	81.3	63.1	62.9	43.6	3.7	38.4	74.7	33.3	85.2	77.0	95.8	15.2	10.4	52.2	81.9	26.5
26.6	22.6	36.1	64.4	96.6	20.2	15.5	1.5	85.9	95.5	42.1	12.5	4.8	31.2	35.0	73.4	62.2	44.0	1.0	95.9
27.7	29.4	96.7	45.0	49.9	23.2	45.6	11.5	18.8	62.7	10.9	58.8	75.8	48.8	73.1	98.7	77.7	10.8	43.5	46.6
21.4	1.6	47.9	76.2	93.7	48.1	78.6	52.5	87.3	45.1	93.2	97.9	68.7	55.2	83.4	49.1	28.4	10.7	84.8	96.3
22.4	94.9	19.5	74.0	59.2	91.5	72.5	64.4	25.6	30.0	78.1	92.5	34.0	61.8	49.1	54.2	56.8	10.5	81.9	15.5
55.8	19.1	72.4	71.1	34.0	66.1	85.6	17.2	0.9	77.3	56.6	71.0	2.5	78.1	55.3	76.2	51.0	89.5	71.4	4.8
73.1	80.8	57.2	61.5	99.0	31.4	57.5	34.3	27.6	20.0	62.0	9.5	73.5	72.3	37.3	63.1	89.2	32.0	0.7	67.9
91.3	95.1	79.3	91.4	16.3	36.6	99.5	36.9	75.5	79.2	59.6	74.6	27.0	19.5	85.4	52.0	58.3	24.8	24.2	52.5
56.1	39.5	61.9	58.3	60.4	55.4	49.7	77.2	21.3	75.2	51.8	27.9	58.0	0.9	30.3	69.6	89.6	31.2	61.1	32.8
7.3	26.6	56.3	9.2	59.5	45.0	12.4	14.4	68.8	81.8	58.0	57.9	17.3	46.0	24.8	8.0	1.3	87.9	82.6	26.5
33.0	53.1	22.7	7.3	14.7	60.2	79.9	10.8	29.8	63.6	39.9	33.4	84.3	38.3	29.1	15.5	9.7	77.8	70.2	17.5
33.6	22.3	92.4	64.6	63.0	66.0	28.3	86.7	5.9	26.5	89.6	75.2	49.9	85.2	16.6	31.3	94.3	75.1	21.5	1.8
15.3	62.1	25.1	59.9	3.1	31.6	37.3	48.6	56.3	26.6	39.3	14.1	57.3	29.8	85.0	43.4	97.6	47.6	72.8	2.1
40.2	23.9	27.0	55.5	42.3	94.4	66.9	89.7	40.4	68.5	67.2	54.5	37.7	67.5	10.9	87.3	10.6	29.1	74.3	46.2
7.3	66.1	44.3	55.2	16.1	40.9	34.9	28.6	48.0	78.8	46.4	73.8	17.8	74.1	17.6	91.9	19.9	34.5	67.4	28.8
41.6	94.2	25.0	48.6	64.6	83.7	80.6	65.9	93.9	86.5	92.9	59.4	91.0	79.4	82.3	33.7	6.3	11.2	56.8	17.2
7.8	63.6	1.8	47.8	88.8	98.2	35.8	83.3	14.9	29.7	26.1	18.4	1.6	20.9	80.0	79.7	52.7	48.0	34.0	85.3
71.1	58.5	29.2	22.5	51.3	46.0	46.3	19.2	51.6	26.5	99.4	73.9	99.7	28.0	59.2	71.5	37.8	14.7	89.0	72.5
25.1	55.6	46.8	51.1	15.8	30.1	54.6	91.4	10.7	16.3	55.5	27.0	90.7	2.3	85.0	3.8	37.7	91.9	13.2	19.6
7.4	32.5	7.4	31.3	66.2	10.3	98.8	70.6	37.0	12.5	24.4	55.9	71.3	69.4	96.0	88.8	44.9	78.0	52.7	51.1
83.6	3.6	94.0	52.3	56.2	37.7	61.1	59.4	46.9	36.8	49.1	69.6	17.5	3.7	56.1	90.7	4.1	35.0	20.7	17.9
58.1	72.3	63.1	85.3	40.8	89.6	78.2	50.8	99.6	88.7	24.4	77.5	55.1	80.7	49.0	61.4	71.8	43.8	55.4	93.9
38.0	69.9	10.8	49.4	33.4	14.9	36.0	86.9	45.3	87.9	56.7	26.7	78.4	16.5	28.1	18.8	84.8	78.7	89.1	76.3
19.7	94.9	46.3	27.6	54.3	87.7	81.4	93.7	65.2	76.4	1.3	35.6	56.2	87.4	54.8	18.2	97.0	19.2	60.0	8.0
63.9	51.9	40.4	54.4	56.6	40.1	52.5	35.6	5.4	90.6	33.3	3.6	10.2	61.7	26.2	94.1	53.1	79.5	19.0	44.1
25.0	84.9	79.4	43.4	13.3	27.1	58.3	16.9	57.3	86.8	34.8	25.0	73.4	72.9	40.9	54.2	19.4	64.7	86.2	24.8
85.5	60.0	9.3	17.1	12.3	41.4	69.3	1.3	54.0	7.8	87.1	36.5	15.4	5.0	8.5	9.4	95.6	69.3	97.8	47.2
10.8	19.0	48.8	46.8	46.9	52.0	86.9	10.5	20.2	27.7	3.7	18.3	29.6	48.4	3.9	51.0	19.9	0.3	13.7	22.1
84.8	95.4	3.9	31.8	19.7	60.5	4.8	47.3	72.2	34.0	71.8	86.8	66.3	65.4	7.9	52.0	96.3	71.1	17.8	16.3
11.4	29.0	49.7	88.6	92.2	36.4	78.2	22.0	88.8	72.1	64.1	20.1	68.5	48.6	80.1	58.4	28.2	58.2	25.4	68.7
35.2	16.4	2.1	88.3	33.6	11.9	94.9	50.7	79.4	79.2	1.0	51.9	68.5	77.5	23.0	45.6	49.9	24.9	76.1	34.0
9.1	63.6	23.4	30.6	88.1	90.8	93.0	44.9	69.3	11.5	69.6	29.8	39.9	58.2	18.5	84.7	78.9	97.9	32.3	9.7
24.6	79.6	64.4	64.6	43.5	97.7	46.0	24.7	3.5	7.5	72.6	93.5	33.3	96.0	75.8	30.5	11.6	12.1	1.7	80.6
86.7	59.0	95.0	61.8	26.3	20.7	91.0	25.6	1.3	26.7	72.6	66.2	66.4	93.1	20.0	10.6	21.9	78.6	16.0	99.4
16.3	52.5	69.1	75.1	26.8	61.8	99.8	60.2	34.7	58.2	79.0	5.4	44.1	13.9	88.0	57.0	79.3	49.4	21.0	41.9
82.1	21.2	89.8	39.9	69.8	85.4	72.8	21.7	84.0	19.5	81.5	57.1	50.1	74.2	82.8	10.8	40.5	37.8	29.0	25.6
76.5	73.8	90.6	89.7	79.1	11.8	49.2	33.9	37.1	67.2	98.5	3.0	30.8	52.9	54.6	41.6	76.1	69.1	27.4	28.2
25.4	41.3	41.9	86.9	48.2	3.9	16.6	86.7	23.4	43.6	65.9	32.6	70.9	36.4	78.7	34.1	18.6	27.7	12.7	1.4
64.4	12.1	17.2	76.8	83.9	75.4	67.6	65.1	6.2	69.0	60.3	12.0	23.1	30.5	71.0	65.0	31.4	37.8	61.2	19.8
81.8	32.4	56.8	81.3	20.1	31.3	83.4	24.9	20.1	11.7	25.9	74.2	71.9	92.7	52.2	31.1	62.4	88.3	66.2	58.7
83.7	61.3	78.1	26.6	93.0	3.1	38.2	24.5	32.8	84.6	25.8	95.7	62.4	18.5	13.9	3.1	78.6	43.0	24.2	77.7
24.2	2.5	26.9	63.6	21.7	65.3	49.2	79.7	15.0	2.0	86.2	56.0	73.1	77.8	86.3	57.3	19.0	97.0	27.2	30.6
35.4	83.6	10.4	8.6	94.4	22.8	41.2	58.8	91.6	3.0	57.5	29.8	35.1	66.9	59.4	56.2	60.8	57.4	99.8	6.8
94.8	88.3	85.8	99.0	96.2	80.7	19.2	63.4	71.5	29.4	55.9	43.4	69.8	9.9	93.7	3.9	0.1	4.1	83.1	96.7
42.8	67.5	100.0	48.0	41.6	2.9	78.2	82.2	43.9	59.9	32.6	53.4	45.2	29.0	40.6	90.5	26.1	36.9	39.8	41.3
81.2	74.5	11.8	32.6	35.2	43.4	44.4	52.9	40.2	13.9	34.7	18.5	45.4	35.9	75.6	16.8	53.9	29.0	12.4	25.1
76.5	71.8	55.5	81.7	80.8	11.2	0.0	92.4	22.9	14.2	66.0	34.1	32.5	66.4	62.5	5.5	50.9	34.6	43.4	12.5
33.3	75.9	23.4	78.0	34.5	26.6	3.8	87.2	36.2	51.0	84.2	19.2	70.8	45.4	83.0	97.6	14.1	17.4	44.7	68.5
31.3	91.1	72.8	17.9	22.2	53.3	98.4	2.3	75.1	3.6	82.4	89.3	15.8	97.2	53.2	96.4	64.5	63.1	94.4	17.1
10.0	51.8	53.4	37.7	30.8	2.9	87.2	44.3	54.9	27.5	22.6	65.9	33.6	37.9	53.9	35.7	74.4	42.4	67.6	30.0
25.7	47.2	75.0	9.0	82.8	11.0	51.0	94.8	71.2	99.8	62.6	2.8	59.8	77.2	58.0	53.8	15.5	57.8	15.4	6.4
70.5	38.9	37.0	58.7	35.9	35.1	14.3	67.0	71.1	23.9	23.2	1.1	71.1	89.5	59.3	22.8	3.0	7.3	41.8	70.9
62.9	55.7	72.1	43.0	43.8	29.1	12.8	93.8	63.5	43.5	3.6	89.3	4.1	14.9	61.6	12.6	77.6	9.0	0.2	70.1
47.3	8.8	1.1	96.8	87.5	53.8	15.7	39.8	18.9	48.2	96.8	5.1	1.4	79.2	25.7	50.1	27.4	86.9	81.8	46.4
91.0	53.5	93.4	65.2	85.8	58.6	85.7	22.6	85.9	73.8	4.6	10.5	64.4	31.6	61.0	76.1	7.2	73.2	56.3	61.2
20.5	47.4	26.1	51.7	22.0	75.6	22.5	29.8	22.0	18.0	32.3	6.6	36.1	85.6	14.1	29.0	17.0	13.1	24.4	54.5
1.0	6.4	15.6	24.4	27.2	44.0	77.1	20.1	23.8	11.7	85.8	65.5	83.5	24.8	44.1	3.8	43.8	82.8	68.7	14.8
24.5	55.0	32.4	60.0	29.6	36.5	9.2	20.1	4.3	80.3	40.5	99.2	3.4	67.3	26.6	56.9	78.5	51.1	59.5	60.4
80.2	83.5	6.8	40.9	68.0	14.1	46.1	11.3	57.2	56.5	6.7	91.2	34.7	64.9	14.2	25.7	45.1	86.9	36.1	51.2
2.8	42.4	8.5	20.5	68.6	16.3	49.2	51.6	21.0	76.7	16.2	63.2	96.8	51.0	64.2	96.1	29.6	26.6	96.8	26.9
43.8	85.8	41.3	42.6	6.5	97.1	79.5	19.6	68.4	97.6	27.0	49.5	71.9	43.3	79.8	53.2	99.1	45.6	95.1	85.0
92.4	11.6	2.5	16.1	32.1	29.4	70.6	50.0	89.7	74.6	16.8	94.9	97.9	26.6	79.7	69.8	7.5	52.4	77.3	89.7
83.3	78.9	5.4	32.7	66.6	53.8	45.7	26.3	42.2	75.5	31.6	39.0	87.6	43.7	23.3	37.1	27.3	60.8	95.3	97.3
59.0	95.3	7.7	32.9	86.5	22.9	0.3	65.9	58.0	1.5	4.6	51.8	61.6	67.9	24.5	80.8	10.2	34.4	74.2	30.2
9.8	9.3	84.1	83.7	94.8	78.8	10.7	18.2	98.0	24.1	23.8	44.0	50.1	25.7	40.3	77.8	43.5	94.1	5.9	79.1
63.1	81.2	85.1	98.5	63.6	10.0	28.4	0.3	37.1	2.6	43.1	52.7	25.3	21.5	76.8	98.4	52.8	79.1	41.4	90.5
94.4	8.2	74.7	51.7	3.5	42.3	30.6	64.3	9.5	64.9	14.4	75.5	9.1	1.7	52.5	68.6	58.7	13.9	90.2	80.6
87.2	50.7	74.1	85.7	17.7	59.2	85.1	41.6	39.0	82.8	47.0	67.1	9.4	22.3	57.7	16.8	46.3	43.1	38.6	38.8
39.2	38.0	13.0	20.8	76.7	54.3	15.9	46.0	80.3	80.9	73.2	13.1	83.8	94.5	69.4	28.9	40.9	20.3	97.7	80.1
89.6	43.5	56.0	24.9	51.9	6.1	26.1	43.7	70.3	67.0	66.4	36.5	55.2	70.8	58.3	99.2	91.7	80.2	56.7	91.5
95.8	25.2	16.1	84.3	0.4	25.2	13.7	55.3	26.8	15.3	93.3	73.4	15.2	91.8	81.6	43.9	26.8	1.3	13.5	11.7
8.5	95.1	63.9	27.1	60.7	60.1	10.8	31.1	62.6	57.7	91.0	43.7	47.2	32.3	65.2	16.6	68.0	22.6	50.6	98.6
82.0	27.4	94.1	73.3	37.1	29.2	63.1	86.6	22.3	25.7	33.1	94.8	42.2	15.6	42.8	95.5	67.1	48.1	57.4	67.5
22.9	48.1	1.0	30.9	96.4	46.1	19.2	43.1	50.1	25.3	9.5	24.6	59.3	61.8	80.9	21.8	31.8	13.2	72.1	62.5
35.1	37.8	89.8	37.8	93.3	84.9	5.9	40.7	87.7	29.5	5.9	15.9	56.1	30.3	89.5	56.4	26.2	67.2	69.3	79.0
34.4	71.5	84.2	15.7	33.9	84.6	20.3	18.4	67.2	91.3	26.3	72.5	17.1	81.0	34.7	39.4	14.0	74.5	67.7	27.9
43.9	61.8	99.1	10.6	65.0	14.4	13.4	26.6	9.3	1.4	33.0	76.6	38.6	34.0	92.7	43.4	10.7	94.0	44.4	43.2
82.6	67.1	81.8	87.0	72.3	20.4	40.6	66.4	54.1	76.7	5.4	31.7	84.0	3.6	52.3	99.1	88.3	65.2	30.8	44.4
15.3	99.0	73.3	98.0	26.0	92.6	59.3	94.0	90.3	28.6	68.1	10.1	52.2	51.4	21.2	31.7	44.3	32.6	65.0	18.1
57.8	4.8	96.9	56.9	5.5	68.1	52.8	49.7	8.9	81.4	98.8	33.8	42.4	11.9	44.2	27.1	46.5	4.9	6.5	77.4
53.4	60.9	50.0	89.8	73.2	13.3	20.0	30.4	24.4	21.6	33.3	41.0	95.2	40.4	58.8	62.8	31.0	55.3	29.4	85.9
30.8	68.9	93.1	30.4	57.6	5.0	11.1	32.2	55.0	55.1	62.8	12.7	45.1	11.7	83.9	71.9	23.9	36.7	62.7	67.7
4.5	36.5	52.4	91.2	88.3	3.5	26.7	84.3	4.3	49.5	63.8	55.9	94.1	55.0	42.2	64.2	26.3	55.8	86.6	63.2
91.4	39.6	80.1	27.4	8.0	6.2	18.1	59.5	54.0	10.3	53.0	29.3	44.0	78.3	12.6	93.1	57.5	39.8	89.8	2.0
27.3	96.8	85.0	22.1	11.6	4.5	68.6	57.8	81.8	42.9	26.0	91.6	85.6	86.1	34.8	10.4	72.7	57.1	51.8	15.0
26.8	50.6	11.7	35.9	12.5	38.3	54.3	69.1	87.3	5.2	11.2	0.7	63.9	35.5	94.6	87.9	85.5	64.6	45.5	31.7
92.5	27.9	33.0	24.4	28.0	84.3	77.8	69.2	79.4	46.6	89.2	98.3	97.0	11.5	30.0	84.7	26.6	76.2	93.3	83.6
41.1	43.7	9.1	99.0	57.6	57.9	61.6	27.0	86.9	53.4	85.5	63.7	91.6	22.4	0.3	41.6	73.2	7.3	91.2	94.6
15.5	28.6	67.8	36.9	11.2	23.7	35.8	48.8	19.3	24.3	16.8	87.2	23.5	92.7	65.5	3.4	2.3	29.9	55.1	6.6
53.2	58.6	55.6	38.0	19.6	67.8	42.1	30.5	13.3	59.1	67.3	19.4	31.6	15.0	94.2	10.0	0.7	29.0	46.6	76.0
9.4	90.8	89.0	26.3	84.2	89.7	23.4	82.9	56.4	71.3	92.2	23.1	43.5	82.9	11.9	24.2	88.5	76.8	42.6	24.9
83.5	68.1	61.6	74.3	30.9	65.3	21.7	85.4	93.8	67.9	11.0	53.5	10.9	65.2	51.7	83.2	17.2	80.4	88.6	46.2
35.4	67.2	47.1	62.2	16.6	60.7	17.5	47.1	68.2	55.8	55.9	67.5	56.5	48.4	81.3	99.9	9.2	75.8	40.2	58.8
33.9	13.6	99.1	7.9	21.7	94.2	85.6	93.7	14.5	37.9	23.1	48.5	30.7	75.3	86.9	61.4	94.9	60.3	48.8	32.4
44.7	99.5	42.5	95.3	85.6	22.0	52.8	63.3	6.3	7.7	67.7	72.7	43.3	23.3	40.9	8.9	75.7	61.3	86.6	44.2
56.7	93.0	44.0	86.0	67.8	93.4	89.9	32.0	97.7	71.2	63.6	70.9	93.8	66.6	47.0	37.6	93.6	57.3	96.7	68.2
10.1	17.1	51.6	72.9	12.0	99.8	84.3	45.1	75.9	60.1	55.1	31.7	78.0	21.0	24.2	37.8	70.6	49.3	67.1	76.1
90.1	78.1	37.8	7.2	11.6	60.3	27.0	42.7	99.8	77.3	99.6	8.7	7.9	94.3	22.4	12.7	82.0	74.4	78.6	8.6
21.9	41.5	16.4	39.8	38.6	61.8	58.6	88.1	67.9	84.1	93.2	49.6	87.3	68.9	98.5	97.3	34.7	34.7	51.5	82.8
1.5	26.4	58.7	75.2	42.3	20.5	78.6	26.9	19.8	83.9	72.4	28.5	7.5	48.5	12.7	59.1	83.9	26.7	18.0	0.6
53.5	82.8	11.2	22.1	90.4	18.0	1.2	78.3	73.4	80.8	65.9	8.9	32.2	12.6	30.7	37.9	94.3	49.0	63.8	65.1
58.7	80.4	1.1	36.7	65.3	62.6	3.3	0.1	87.2	75.4	23.7	17.4	96.6	41.9	99.2	85.6	56.1	87.3	90.4	16.9
45.9	72.6	14.1	21.4	48.4	44.0	20.2	77.2	69.1	97.7	65.9	65.8	11.6	68.3	22.0	54.1	43.7	10.6	31.9	15.5
79.8	47.4	17.2	99.0	77.3	32.4	42.7	74.4	26.3	18.1	66.3	58.7	97.7	85.7	74.1	52.4	51.7	17.6	80.7	50.6
38.9	21.6	29.7	5.4	78.7	34.9	40.7	84.5	28.1	37.4	27.3	58.0	52.2	77.9	1.7	72.8	70.1	74.3	56.0	50.9
25.6	23.0	41.9	75.1	82.7	37.1	71.1	39.5	90.2	62.5	27.0	91.8	64.7	73.3	66.6	98.1	80.8	63.4	18.4	20.4
53.4	39.8	36.8	35.1	57.7	48.6	57.4	72.6	75.0	75.9	96.9	96.7	81.5	80.5	99.0	98.7	38.6	3.5	50.5	18.4
57.2	29.0	82.9	48.7	7.5	61.8	63.8	65.6	86.2	74.2	63.4	26.2	70.8	13.8	90.1	45.8	97.1	88.5	88.8	81.1
71.5	33.0	51.2	39.6	30.7	56.7	85.9	98.8	39.5	36.8	70.6	33.9	61.7	3.0	59.7	98.6	83.0	92.8	84.1	9.7
99.8	37.1	97.0	78.1	63.3	50.2	79.8	13.9	19.0	96.6	79.2	55.8	52.2	66.8	76.2	2.0	68.2	22.2	73.6	69.1
48.2	3.5	76.1	35.8	50.4	99.6	41.1	8.2	55.4	1.3	35.3	19.0	73.4	14.6	32.3	53.9	38.7	65.6	58.5	61.7
81.6	55.4	68.9	9.6	45.0	72.1	18.6	81.4	38.6	88.7	43.6	58.9	100.0	4.7	73.8	10.8	91.3	54.1	84.5	84.3
87.4	7.4	65.9	92.3	10.1	43.8	95.3	41.0	66.4	90.6	83.3	28.2	31.6	19.7	11.0	13.8	63.2	98.5	23.1	13.6
42.5	33.1	8.9	76.8	31.8	37.4	86.1	12.8	4.9	2.3	94.2	37.8	1.0	19.1	3.5	48.5	21.5	74.9	11.6	62.9
1.7	74.1	39.5	21.2	47.1	31.9	15.4	83.8	26.1	76.9	28.3	51.4	58.7	83.8	77.3	58.5	37.9	10.5	81.2	86.1
64.2	27.4	55.8	66.5	20.6	46.1	79.3	13.7	45.8	44.8	37.5	78.1	18.5	70.4	79.9	32.1	25.4	5.0	90.6	51.5
27.2	94.7	91.7	57.7	53.5	76.0	89.6	7.6	21.3	26.2	94.0	23.2	38.1	6.9	14.9	29.1	75.8	18.7	24.0	41.7
1	2	3	4	5	6	7	8	9	10	11	12	13	14	15	16	17	18	19	20
1	2	3	4	5	6	7	8	9	10	11	12	13	14	15	16	17	18	19	20
1	2	3	4	5	6	7	8	9	10	11	12	13	14	15	16	17	18	19	20
1	2	3	4	5	6	7	8	9	10	11	12	13	14	15	16	17	18	19	20
1	2	3	4	5	6	7	8	9	10	11	12	13	14	15	16	17	18	19	20
1	2	3	4	5	6	7	8	9	10	11	12	13	14	15	16	17	18	19	20
1	2	3	4	5	6	7	8	9	10	11	12	13	14	15	16	17	18	19	20
1	2	3	4	5	6	7	8	9	10	11	12	13	14	15	16	17	18	19	20
1	2	3	4	5	6	7	8	9	10	11	12	13	14	15	16	17	18	19	20
1	2	3	4	5	6	7	8	9	10	11	12	13	14	15	16	17	18	19	20
1	2	3	4	5	6	7	8	9	10	11	12	13	14	15	16	17	18	19	20
1	2	3	4	5	6	7	8	9	10	11	12	13	14	15	16	17	18	19	20
1	2	3	4	5	6	7	8	9	10	11	12	13	14	15	16	17	18	19	20
1	2	3	4	5	6	7	8	9	10	11	12	13	14	15	16	17	18	19	20
1	2	3	4	5	6	7	8	9	10	11	12	13	14	15	16	17	18	19	20
1	2	3	4	5	6	7	8	9	10	11	12	13	14	15	16	17	18	19	20
1	2	3	4	5	6	7	8	9	10	11	12	13	14	15	16	17	18	19	20
1	2	3	4	5	6	7	8	9	10	11	12	13	14	15	16	17	18	19	20
1	2	3	4	5	6	7	8	9	10	11	12	13	14	15	16	17	18	19	20
1	2	3	4	5	6	7	8	9	10	11	12	13	14	15	16	17	18	19	20
1	2	3	4	5	6	7	8	9	10	11	12	13	14	15	16	17	18	19	20
1	2	3	4	5	6	7	8	9	10	11	12	13	14	15	16	17	18	19	20
1	2	3	4	5	6	7	8	9	10	11	12	13	14	15	16	17	18	19	20
1	2	3	4	5	6	7	8	9	10	11	12	13	14	15	16	17	18	19	20
1	2	3	4	5	6	7	8	9	10	11	12	13	14	15	16	17	18	19	20
1	2	3	4	5	6	7	8	9	10	11	12	13	14	15	16	17	18	19	20
1	2	3	4	5	6	7	8	9	10	11	12	13	14	15	16	17	18	19	20
1	2	3	4	5	6	7	8	9	10	11	12	13	14	15	16	17	18	19	20
1	2	3	4	5	6	7	8	9	10	11	12	13	14	15	16	17	18	19	20
1	2	3	4	5	6	7	8	9	10	11	12	13	14	15	16	17	18	19	20
1	2	3	4	5	6	7	8	9	10	11	12	13	14	15	16	17	18	19	20
1	2	3	4	5	6	7	8	9	10	11	12	13	14	15	16	17	18	19	20
1	2	3	4	5	6	7	8	9	10	11	12	13	14	15	16	17	18	19	20
1	2	3	4	5	6	7	8	9	10	11	12	13	14	15	16	17	18	19	20
1	2	3	4	5	6	7	8	9	10	11	12	13	14	15	16	17	18	19	20
1	2	3	4	5	6	7	8	9	10	11	12	13	14	15	16	17	18	19	20
1	2	3	4	5	6	7	8	9	10	11	12	13	14	15	16	17	18	19	20
1	2	3	4	5	6	7	8	9	10	11	12	13	14	15	16	17	18	19	20
1	2	3	4	5	6	7	8	9	10	11	12	13	14	15	16	17	18	19	20
1	2	3	4	5	6	7	8	9	10	11	12	13	14	15	16	17	18	19	20
1	2	3	4	5	6	7	8	9	10	11	12	13	14	15	16	17	18	19	20
1	2	3	4	5	6	7	8	9	10	11	12	13	14	15	16	17	18	19	20
1	2	3	4	5	6	7	8	9	10	11	12	13	14	15	16	17	18	19	20
1	2	3	4	5	6	7	8	9	10	11	12	13	14	15	16	17	18	19	20
1	2	3	4	5	6	7	8	9	10	11	12	13	14	15	16	17	18	19	20
1	2	3	4	5	6	7	8	9	10	11	12	13	14	15	16	17	18	19	20
1	2	3	4	5	6	7	8	9	10	11	12	13	14	15	16	17	18	19	20
1	2	3	4	5	6	7	8	9	10	11	12	13	14	15	16	17	18	19	20
1	2	3	4	5	6	7	8	9	10	11	12	13	14	15	16	17	18	19	20
1	2	3	4	5	6	7	8	9	10	11	12	13	14	15	16	17	18	19	20
1	2	3	4	5	6	7	8	9	10	11	12	13	14	15	16	17	18	19	20
1	2	3	4	5	6	7	8	9	10	11	12	13	14	15	16	17	18	19	20
1	2	3	4	5	6	7	8	9	10	11	12	13	14	15	16	17	18	19	20
1	2	3	4	5	6	7	8	9	10	11	12	13	14	15	16	17	18	19	20
1	2	3	4	5	6	7	8	9	10	11	12	13	14	15	16	17	18	19	20
1	2	3	4	5	6	7	8	9	10	11	12	13	14	15	16	17	18	19	20
1	2	3	4	5	6	7	8	9	10	11	12	13	14	15	16	17	18	19	20
1	2	3	4	5	6	7	8	9	10	11	12	13	14	15	16	17	18	19	20
1	2	3	4	5	6	7	8	9	10	11	12	13	14	15	16	17	18	19	20
1	2	3	4	5	6	7	8	9	10	11	12	13	14	15	16	17	18	19	20
1	2	3	4	5	6	7	8	9	10	11	12	13	14	15	16	17	18	19	20
1	2	3	4	5	6	7	8	9	10	11	12	13	14	15	16	17	18	19	20
1	2	3	4	5	6	7	8	9	10	11	12	13	14	15	16	17	18	19	20
1	2	3	4	5	6	7	8	9	10	11	12	13	14	15	16	17	18	19	20
1	2	3	4	5	6	7	8	9	10	11	12	13	14	15	16	17	18	19	20
1	2	3	4	5	6	7	8	9	10	11	12	13	14	15	16	17	18	19	20
1	2	3	4	5	6	7	8	9	10	11	12	13	14	15	16	17	18	19	20
1	2	3	4	5	6	7	8	9	10	11	12	13	14	15	16	17	18	19	20
1	2	3	4	5	6	7	8	9	10	11	12	13	14	15	16	17	18	19	20
1	2	3	4	5	6	7	8	9	10	11	12	13	14	15	16	17	18	19	20
1	2	3	4	5	6	7	8	9	10	11	12	13	14	15	16	17	18	19	20
1	2	3	4	5	6	7	8	9	10	11	12	13	14	15	16	17	18	19	20
1	2	3	4	5	6	7	8	9	10	11	12	13	14	15	16	17	18	19	20
1	2	3	4	5	6	7	8	9	10	11	12	13	14	15	16	17	18	19	20
1	2	3	4	5	6	7	8	9	10	11	12	13	14	15	16	17	18	19	20
1	2	3	4	5	6	7	8	9	10	11	12	13	14	15	16	17	18	19	20
1	2	3	4	5	6	7	8	9	10	11	12	13	14	15	16	17	18	19	20
1	2	3	4	5	6	7	8	9	10	11	12	13	14	15	16	17	18	19	20
1	2	3	4	5	6	7	8	9	10	11	12	13	14	15	16	17	18	19	20
1	2	3	4	5	6	7	8	9	10	11	12	13	14	15	16	17	18	19	20
1	2	3	4	5	6	7	8	9	10	11	12	13	14	15	16	17	18	19	20
1	2	3	4	5	6	7	8	9	10	11	12	13	14	15	16	17	18	19	20
1	2	3	4	5	6	7	8	9	10	11	12	13	14	15	16	17	18	19	20
1	2	3	4	5	6	7	8	9	10	11	12	13	14	15	16	17	18	19	20
1	2	3	4	5	6	7	8	9	10	11	12	13	14	15	16	17	18	19	20
1	2	3	4	5	6	7	8	9	10	11	12	13	14	15	16	17	18	19	20
1	2	3	4	5	6	7	8	9	10	11	12	13	14	15	16	17	18	19	20
1	2	3	4	5	6	7	8	9	10	11	12	13	14	15	16	17	18	19	20
1	2	3	4	5	6	7	8	9	10	11	12	13	14	15	16	17	18	19	20
1	2	3	4	5	6	7	8	9	10	11	12	13	14	15	16	17	18	19	20
1	2	3	4	5	6	7	8	9	10	11	12	13	14	15	16	17	18	19	20
1	2	3	4	5	6	7	8	9	10	11	12	13	14	15	16	17	18	19	20
1	2	3	4	5	6	7	8	9	10	11	12	13	14	15	16	17	18	19	20
1	2	3	4	5	6	7	8	9	10	11	12	13	14	15	16	17	18	19	20
1	2	3	4	5	6	7	8	9	10	11	12	13	14	15	16	17	18	19	20
1	2	3	4	5	6	7	8	9	10	11	12	13	14	15	16	17	18	19	20
1	2	3	4	5	6	7	8	9	10	11	12	13	14	15	16	17	18	19	20
1	2	3	4	5	6	7	8	9	10	11	12	13	14	15	16	17	18	19	20
1	2	3	4	5	6	7	8	9	10	11	12	13	14	15	16	17	18	19	20
1	2	3	4	5	6	7	8	9	10	11	12	13	14	15	16	17	18	19	20
1	2	3	4	5	6	7	8	9	10	11	12	13	14	15	16	17	18	19	20
1	2	3	4	5	6	7	8	9	10	11	12	13	14	15	16	17	18	19	20
1	2	3	4	5	6	7	8	9	10	11	12	13	14	15	16	17	18	19	20
1	2	3	4	5	6	7	8	9	10	11	12	13	14	15	16	17	18	19	20
1	2	3	4	5	6	7	8	9	10	11	12	13	14	15	16	17	18	19	20
1	2	3	4	5	6	7	8	9	10	11	12	13	14	15	16	17	18	19	20
1	2	3	4	5	6	7	8	9	10	11	12	13	14	15	16	17	18	19	20
1	2	3	4	5	6	7	8	9	10	11	12	13	14	15	16	17	18	19	20
1	2	3	4	5	6	7	8	9	10	11	12	13	14	15	16	17	18	19	20
1	2	3	4	5	6	7	8	9	10	11	12	13	14	15	16	17	18	19	20
1	2	3	4	5	6	7	8	9	10	11	12	13	14	15	16	17	18	19	20
1	2	3	4	5	6	7	8	9	10	11	12	13	14	15	16	17	18	19	20
1	2	3	4	5	6	7	8	9	10	11	12	13	14	15	16	17	18	19	20
1	2	3	4	5	6	7	8	9	10	11	12	13	14	15	16	17	18	19	20
1	2	3	4	5	6	7	8	9	10	11	12	13	14	15	16	17	18	19	20
1	2	3	4	5	6	7	8	9	10	11	12	13	14	15	16	17	18	19	20
1	2	3	4	5	6	7	8	9	10	11	12	13	14	15	16	17	18	19	20
1	2	3	4	5	6	7	8	9	10	11	12	13	14	15	16	17	18	19	20
1	2	3	4	5	6	7	8	9	10	11	12	13	14	15	16	17	18	19	20
1	2	3	4	5	6	7	8	9	10	11	12	13	14	15	16	17	18	19	20
1	2	3	4	5	6	7	8	9	10	11	12	13	14	15	16	17	18	19	20
1	2	3	4	5	6	7	8	9	10	11	12	13	14	15	16	17	18	19	20
1	2	3	4	5	6	7	8	9	10	11	12	13	14	15	16	17	18	19	20
1	2	3	4	5	6	7	8	9	10	11	12	13	14	15	16	17	18	19	20
1	2	3	4	5	6	7	8	9	10	11	12	13	14	15	16	17	18	19	20
1	2	3	4	5	6	7	8	9	10	11	12	13	14	15	16	17	18	19	20
1	2	3	4	5	6	7	8	9	10	11	12	13	14	15	16	17	18	19	20
1	2	3	4	5	6	7	8	9	10	11	12	13	14	15	16	17	18	19	20
1	2	3	4	5	6	7	8	9	10	11	12	13	14	15	16	17	18	19	20
1	2	3	4	5	6	7	8	9	10	11	12	13	14	15	16	17	18	19	20
1	2	3	4	5	6	7	8	9	10	11	12	13	14	15	16	17	18	19	20
1	2	3	4	5	6	7	8	9	10	11	12	13	14	15	16	17	18	19	20
1	2	3	4	5	6	7	8	9	10	11	12	13	14	15	16	17	18	19	20
1	2	3	4	5	6	7	8	9	10	11	12	13	14	15	16	17	18	19	20
1	2	3	4	5	6	7	8	9	10	11	12	13	14	15	16	17	18	19	20
1	2	3	4	5	6	7	8	9	10	11	12	13	14	15	16	17	18	19	20
1	2	3	4	5	6	7	8	9	10	11	12	13	14	15	16	17	18	19	20
1	2	3	4	5	6	7	8	9	10	11	12	13	14	15	16	17	18	19	20
1	2	3	4	5	6	7	8	9	10	11	12	13	14	15	16	17	18	19	20
1	2	3	4	5	6	7	8	9	10	11	12	13	14	15	16	17	18	19	20
1	2	3	4	5	6	7	8	9	10	11	12	13	14	15	16	17	18	19	20
1	2	3	4	5	6	7	8	9	10	11	12	13	14	15	16	17	18	19	20
1	2	3	4	5	6	7	8	9	10	11	12	13	14	15	16	17	18	19	20
1	2	3	4	5	6	7	8	9	10	11	12	13	14	15	16	17	18	19	20
1	2	3	4	5	6	7	8	9	10	11	12	13	14	15	16	17	18	19	20
1	2	3	4	5	6	7	8	9	10	11	12	13	14	15	16	17	18	19	20
1	2	3	4	5	6	7	8	9	10	11	12	13	14	15	16	17	18	19	20
1	2	3	4	5	6	7	8	9	10	11	12	13	14	15	16	17	18	19	20
1	2	3	4	5	6	7	8	9	10	11	12	13	14	15	16	17	18	19	20
1	2	3	4	5	6	7	8	9	10	11	12	13	14	15	16	17	18	19	20
1	2	3	4	5	6	7	8	9	10	11	12	13	14	15	16	17	18	19	20
1	2	3	4	5	6	7	8	9	10	11	12	13	14	15	16	17	18	19	20
1	2	3	4	5	6	7	8	9	10	11	12	13	14	15	16	17	18	19	20
1	2	3	4	5	6	7	8	9	10	11	12	13	14	15	16	17	18	19	20
1	2	3	4	5	6	7	8	9	10	11	12	13	14	15	16	17	18	19	20
1	2	3	4	5	6	7	8	9	10	11	12	13	14	15	16	17	18	19	20
1	2	3	4	5	6	7	8	9	10	11	12	13	14	15	16	17	18	19	20
1	2	3	4	5	6	7	8	9	10	11	12	13	14	15	16	17	18	19	20
1	2	3	4	5	6	7	8	9	10	11	12	13	14	15	16	17	18	19	20
1	2	3	4	5	6	7	8	9	10	11	12	13	14	15	16	17	18	19	20
1	2	3	4	5	6	7	8	9	10	11	12	13	14	15	16	17	18	19	20
1	2	3	4	5	6	7	8	9	10	11	12	13	14	15	16	17	18	19	20
1	2	3	4	5	6	7	8	9	10	11	12	13	14	15	16	17	18	19	20
1	2	3	4	5	6	7	8	9	10	11	12	13	14	15	16	17	18	19	20
1	2	3	4	5	6	7	8	9	10	11	12	13	14	15	16	17	18	19	20
1	2	3	4	5	6	7	8	9	10	11	12	13	14	15	16	17	18	19	20
1	2	3	4	5	6	7	8	9	10	11	12	13	14	15	16	17	18	19	20
1	2	3	4	5	6	7	8	9	10	11	12	13	14	15	16	17	18	19	20
1	2	3	4	5	6	7	8	9	10	11	12	13	14	15	16	17	18	19	20
1	2	3	4	5	6	7	8	9	10	11	12	13	14	15	16	17	18	19	20
1	2	3	4	5	6	7	8	9	10	11	12	13	14	15	16	17	18	19	20
1	2	3	4	5	6	7	8	9	10	11	12	13	14	15	16	17	18	19	20
1	2	3	4	5	6	7	8	9	10	11	12	13	14	15	16	17	18	19	20
1	2	3	4	5	6	7	8	9	10	11	12	13	14	15	16	17	18	19	20
1	2	3	4	5	6	7	8	9	10	11	12	13	14	15	16	17	18	19	20
1	2	3	4	5	6	7	8	9	10	11	12	13	14	15	16	17	18	19	20
1	2	3	4	5	6	7	8	9	10	11	12	13	14	15	16	17	18	19	20
1	2	3	4	5	6	7	8	9	10	11	12	13	14	15	16	17	18	19	20
1	2	3	4	5	6	7	8	9	10	11	12	13	14	15	16	17	18	19	20
1	2	3	4	5	6	7	8	9	10	11	12	13	14	15	16	17	18	19	20
1	2	3	4	5	6	7	8	9	10	11	12	13	14	15	16	17	18	19	20
1	2	3	4	5	6	7	8	9	10	11	12	13	14	15	16	17	18	19	20
1	2	3	4	5	6	7	8	9	10	11	12	13	14	15	16	17	18	19	20
1	2	3	4	5	6	7	8	9	10	11	12	13	14	15	16	17	18	19	20
1	2	3	4	5	6	7	8	9	10	11	12	13	14	15	16	17	18	19	20
1	2	3	4	5	6	7	8	9	10	11	12	13	14	15	16	17	18	19	20
1	2	3	4	5	6	7	8	9	10	11	12	13	14	15	16	17	18	19	20
1	2	3	4	5	6	7	8	9	10	11	12	13	14	15	16	17	18	19	20
1	2	3	4	5	6	7	8	9	10	11	12	13	14	15	16	17	18	19	20
1	2	3	4	5	6	7	8	9	10	11	12	13	14	15	16	17	18	19	20
1	2	3	4	5	6	7	8	9	10	11	12	13	14	15	16	17	18	19	20
1	2	3	4	5	6	7	8	9	10	11	12	13	14	15	16	17	18	19	20
1	2	3	4	5	6	7	8	9	10	11	12	13	14	15	16	17	18	19	20
1	2	3	4	5	6	7	8	9	10	11	12	13	14	15	16	17	18	19	20
1	2	3	4	5	6	7	8	9	10	11	12	13	14	15	16	17	18	19	20
1	2	3	4	5	6	7	8	9	10	11	12	13	14	15	16	17	18	19	20
1	2	3	4	5	6	7	8	9	10	11	12	13	14	15	16	17	18	19	20
1	2	3	4	5	6	7	8	9	10	11	12	13	14	15	16	17	18	19	20
1	2	3	4	5	6	7	8	9	10	11	12	13	14	15	16	17	18	19	20
1	2	3	4	5	6	7	8	9	10	11	12	13	14	15	16	17	18	19	20
