200	20
56.0	65.0	32.3	52.7	15.6	29.0	95.4	55.1	57.2	65.8	74.9	99.9	5.9	54.2	33.1	56.2	64.7	87.4	12.2	49.9
5.4	61.0	72.2	98.8	70.1	74.5	78.7	40.4	18.0	93.4	73.4	62.8	29.1	98.1	86.9	77.0	88.2	3.1	63.7	22.0
11.9	49.0	30.0	7.2	47.4	65.7	79.5	63.6	35.4	97.7	94.4	39.0	18.9	39.5	48.0	67.4	57.1	48.3	14.7	24.6
85.3	73.8	80.4	29.1	38.6	62.2	49.6	81.9	64.1	43.4	66.2	85.0	83.9	61.7	45.1	82.6	82.2	16.3	31.9	95.0
78.8	31.4	48.1	64.6	35.1	49.5	17.2	11.6	26.4	67.9	12.7	11.3	18.5	74.2	47.9	63.2	21.2	82.2	48.9	26.3
71.2	91.5	19.2	18.8	47.9	36.5	73.5	2.1	9.6	99.0	49.8	56.0	63.8	45.2	79.6	0.2	62.5	28.5	69.7	10.3
35.1	25.6	22.4	44.9	5.6	15.0	12.6	32.3	46.2	30.3	63.0	47.8	0.4	52.3	61.9	78.8	32.7	97.5	85.9	35.5
45.2	33.7	93.6	32.6	28.7	54.5	73.0	41.0	15.5	77.5	70.4	58.3	87.2	78.3	83.3	79.8	91.5	92.4	85.9	42.1
40.9	69.9	21.1	91.5	93.7	26.8	23.6	87.0	75.4	95.0	27.6	52.8	33.6	31.0	87.7	77.5	47.7	93.1	64.3	44.8
20.9	93.8	85.8	79.1	73.7	0.8	19.4	79.9	82.3	46.1	61.3	83.7	75.8	63.7	8.7	75.4	77.4	73.4	37.2	65.7
50.0	13.4	53.5	75.1	84.6	92.4	14.8	66.2	24.4	92.4	9.4	95.2	65.0	33.6	67.6	94.9	43.3	19.5	74.2	11.1
29.8	4.9	66.4	97.5	86.5	73.3	81.3	1.9	34.7	99.1	71.5	48.1	7.0	2.7	5.0	43.1	82.4	98.9	62.0	19.7
92.1	60.6	56.4	69.2	37.0	79.3	49.1	23.1	69.2	78.0	38.4	29.7	47.1	62.2	37.6	66.4	30.0	65.0	72.9	38.4
5.1	63.8	59.8	48.1	32.5	13.0	6.3	48.8	32.5	6.6	74.3	54.2	79.3	70.3	56.3	52.3	19.1	92.5	82.3	36.7
79.7	44.5	86.8	87.6	45.7	17.3	45.1	54.1	82.4	25.1	12.7	42.4	5.1	28.1	87.1	38.5	28.4	74.9	62.4	91.9
86.3	29.3	88.3	96.3	24.3	57.1	20.2	51.2	70.6	48.0	32.4	37.3	16.8	64.7	14.9	17.0	23.9	80.1	2.0	31.5
71.8	86.0	26.5	91.5	33.6	65.0	89.7	32.0	71.2	38.2	35.3	15.4	54.7	36.6	10.8	80.5	97.5	35.9	26.7	87.2
9.0	79.8	87.1	62.4	81.3	44.1	52.8	4.9	0.7	22.6	41.9	91.5	68.3	12.5	81.4	17.1	60.5	78.1	28.8	16.2
40.4	78.8	28.0	92.2	14.6	78.5	45.3	52.3	68.3	77.6	33.9	9.9	59.7	93.5	50.7	67.5	44.5	44.2	83.6	86.2
51.1	89.7	31.7	37.8	97.9	5.3	86.4	38.4	13.2	56.7	62.3	44.7	49.8	37.6	71.5	11.1	56.2	30.5	64.6	72.9
58.8	0.9	97.7	76.2	10.0	26.8	31.2	42.0	93.8	42.1	50.9	49.4	37.2	97.3	10.6	27.4	20.6	41.8	53.5	10.2
64.5	8.3	74.2	45.6	64.0	35.5	13.9	64.3	87.0	1.9	5.9	36.7	62.7	39.2	45.7	34.4	67.9	24.9	51.7	22.1
9.2	71.1	77.0	19.3	96.5	33.4	69.2	34.8	88.9	60.3	25.7	42.7	32.4	26.9	96.2	74.7	53.9	94.0	32.3	29.1
68.5	91.3	25.8	91.7	45.8	62.4	84.5	63.6	39.5	19.1	71.2	77.8	84.5	37.9	64.1	30.1	82.2	99.8	90.8	12.8
83.7	3.8	54.9	70.3	81.4	48.5	50.7	21.8	51.8	94.9	5.6	37.5	10.9	36.1	89.1	74.3	43.6	67.0	76.2	87.7
33.6	73.5	73.0	43.0	40.0	87.6	2.6	51.9	13.1	19.8	39.1	95.2	84.0	21.0	46.1	49.3	72.1	77.1	76.5	14.4
98.4	49.2	19.4	37.0	25.3	52.9	93.4	99.5	45.6	66.8	97.7	3.0	46.7	38.3	6.9	3.2	62.1	50.1	73.0	3.4
60.2	64.1	34.8	25.6	77.4	40.4	80.9	39.7	91.1	0.0	23.8	46.6	52.4	40.5	16.6	48.5	43.5	61.4	76.0	71.9
85.6	98.5	77.6	36.5	5.7	28.7	83.5	94.2	86.4	78.8	65.8	84.6	11.7	86.5	4.3	22.1	77.4	58.1	94.1	11.8
23.0	88.0	95.3	25.9	76.8	47.2	64.5	28.8	6.2	88.1	99.4	0.2	41.2	1.3	22.0	17.9	71.9	31.4	36.4	28.5
20.9	36.4	54.1	66.5	30.2	91.3	67.1	47.1	62.9	22.1	56.4	20.0	42.1	10.1	44.8	58.7	17.0	98.4	96.3	53.1
67.8	14.8	28.6	24.8	75.6	76.2	93.3	42.7	96.0	37.6	19.5	32.9	57.6	22.8	51.0	66.8	2.7	27.0	25.3	84.3
7.8	30.5	54.2	69.0	9.3	78.1	10.7	74.7	94.2	97.0	69.4	47.8	33.8	37.5	4.3	16.6	82.9	66.7	74.4	40.2
58.8	47.3	59.5	11.9	97.1	75.2	91.8	63.6	59.2	23.1	55.5	37.0	10.0	8.4	2.9	8.6	60.2	36.0	56.9	37.8
83.6	71.5	27.1	75.9	79.6	25.3	64.5	11.2	96.5	77.5	23.4	13.4	32.9	89.7	96.0	68.8	19.6	30.0	34.7	89.3
4.1	95.0	77.1	55.9	55.7	23.6	47.4	89.2	33.7	42.8	20.8	98.3	68.9	43.2	43.1	76.5	53.5	4.9	22.7	24.8
5.8	19.2	33.6	66.4	26.7	64.3	64.8	25.1	1.9	60.6	52.0	46.8	28.1	0.9	13.6	45.4	64.2	79.6	16.8	56.3
75.4	80.0	8.9	77.5	25.5	27.8	2.2	45.4	73.9	98.7	2.5	25.1	71.8	26.9	92.6	70.4	44.1	4.3	36.2	43.6
72.4	51.2	90.6	48.0	53.6	79.7	33.0	18.6	16.0	41.9	63.3	22.2	85.1	3.2	95.4	49.3	78.1	33.1	48.8	57.0
73.5	93.9	25.9	18.9	26.8	62.6	30.3	5.0	27.3	60.4	19.6	57.0	52.6	23.3	62.5	82.0	22.0	55.1	10.2	47.2
45.9	34.8	38.8	66.3	46.6	36.2	58.7	98.8	40.7	52.8	31.0	79.8	33.8	65.6	69.3	60.2	56.4	85.8	96.8	34.8
62.4	49.9	15.1	24.1	75.9	64.6	44.6	51.5	90.1	76.1	36.4	40.6	83.5	69.6	84.2	50.0	64.1	41.0	88.2	81.6
78.4	92.5	84.2	65.6	71.2	7.8	52.4	41.9	49.0	2.5	8.1	73.3	49.2	83.4	93.1	79.6	81.8	37.8	49.5	98.4
1.9	12.0	55.2	47.1	35.5	71.3	95.7	49.2	98.9	60.5	79.7	28.8	58.9	15.1	20.4	53.6	88.0	31.8	54.1	48.7
36.9	97.1	52.9	8.2	29.6	12.8	95.5	53.7	62.5	78.5	95.5	66.2	10.3	19.4	8.5	34.6	33.7	41.2	63.4	94.5
86.4	16.7	90.3	74.4	55.5	35.8	10.8	15.4	31.2	80.6	90.8	17.4	65.8	63.1	5.5	70.4	56.7	17.7	36.0	78.6
64.6	84.7	4.2	0.9	57.6	34.4	64.0	38.9	31.3	28.7	6.5	81.4	54.7	90.0	38.7	53.7	5.2	82.8	17.4	80.6
20.1	12.9	91.2	50.5	63.1	13.8	47.1	35.2	39.3	66.2	72.4	73.6	38.4	6.0	14.9	79.4	71.5	95.7	4.2	72.4
30.9	77.9	25.0	25.8	32.0	21.2	27.5	77.6	29.4	54.6	80.4	62.1	13.1	46.9	52.3	86.4	47.2	14.4	15.6	91.1
97.8	32.4	68.7	96.9	7.9	39.7	6.0	28.8	56.4	52.0	24.0	48.5	41.9	97.8	99.1	58.2	0.2	65.5	38.7	63.6
60.0	21.3	1.9	33.9	30.1	47.2	78.5	67.9	55.0	2.2	30.7	43.3	4.6	72.5	40.7	46.7	66.4	86.2	90.8	82.5
62.2	21.7	72.3	11.7	74.2	63.2	76.7	55.5	15.4	89.6	61.1	63.4	10.2	31.7	38.8	30.5	27.0	83.9	79.7	19.0
57.2	25.7	96.5	7.5	63.4	96.8	59.1	35.4	27.5	80.7	64.2	36.0	59.8	90.5	12.1	16.6	47.2	77.0	58.1	7.5
7.8	29.3	71.8	8.2	31.1	39.7	75.0	91.0	17.9	14.1	58.8	19.9	19.0	50.8	29.2	29.2	70.9	33.3	55.4	49.5
73.0	94.2	24.6	1.8	79.0	0.1	56.7	89.6	37.9	13.6	6.8	90.5	80.0	24.6	12.3	57.0	96.5	17.8	1.6	97.9
11.7	1.6	70.3	31.5	66.8	50.6	96.7	68.7	8.3	15.3	47.6	69.3	66.1	58.1	90.5	45.5	96.3	56.3	19.8	37.3
7.0	1.7	24.4	40.2	78.5	85.7	13.6	52.8	5.7	69.9	60.0	65.1	72.6	6.5	62.0	30.6	25.9	98.4	49.7	51.6
75.4	71.0	20.2	36.4	89.9	70.4	47.7	42.3	0.6	12.7	98.2	28.3	11.5	48.6	67.7	60.8	50.6	96.1	74.8	16.8
88.5	47.3	69.2	8.2	8.8	21.6	58.6	20.7	54.2	87.8	82.3	11.1	85.0	68.8	45.6	75.9	36.8	67.5	74.0	62.1
31.0	2.5	79.4	36.7	20.9	69.6	23.1	54.5	93.3	95.4	43.1	61.9	74.8	19.2	38.6	92.3	30.5	89.5	28.4	35.0
73.2	0.3	8.0	97.2	36.4	34.9	81.9	0.5	37.3	67.4	93.5	79.9	13.2	37.1	36.1	17.7	46.7	31.1	30.8	11.3
78.8	88.8	80.1	4.1	78.9	40.5	5.9	45.2	56.4	25.8	25.6	45.0	7.0	49.6	33.4	85.2	40.4	63.6	0.9	86.5
66.6	35.5	37.7	13.6	30.9	58.8	24.9	70.9	60.1	45.7	40.6	12.2	18.2	74.7	66.7	62.6	20.9	88.5	72.0	65.3
46.9	86.0	31.8	95.9	83.8	96.4	11.5	99.7	97.7	94.1	77.1	51.3	12.2	31.9	11.1	81.6	41.2	65.7	0.9	88.6
95.9	12.1	23.3	57.3	23.8	22.2	8.8	20.3	22.2	21.8	22.8	76.8	76.6	33.1	65.7	51.0	76.2	33.8	57.6	62.4
58.6	44.1	56.7	85.0	54.6	91.5	74.8	40.8	0.8	92.4	50.7	31.0	90.6	41.7	58.0	63.9	23.3	56.2	84.6	91.8
18.0	49.8	69.3	96.6	75.2	67.7	23.4	88.3	36.3	28.6	37.1	60.3	49.5	20.9	64.3	93.8	90.4	78.0	11.4	66.9
77.1	75.2	21.0	16.3	54.5	94.1	73.1	64.4	86.9	39.8	50.2	73.1	26.1	9.5	86.8	6.1	82.1	30.5	72.5	93.2
48.6	12.8	37.3	35.8	17.6	61.3	66.3	70.3	35.4	48.2	66.6	97.9	89.1	6.2	8.2	70.0	99.2	89.6	15.8	97.2
21.7	37.1	91.8	74.0	84.7	93.8	83.6	60.3	4.6	62.2	62.6	63.8	44.0	64.8	59.7	87.1	14.3	26.8	47.0	96.7
93.5	61.9	13.5	92.1	21.6	98.4	8.8	93.1	73.9	44.6	0.9	32.3	82.3	33.2	1.0	27.7	76.2	56.2	48.5	20.3
23.2	99.0	20.7	44.4	54.4	30.3	45.5	38.9	17.0	34.2	55.4	4.6	96.2	81.6	54.3	44.5	88.5	40.1	74.5	76.8
30.7	60.1	57.1	0.5	80.6	62.6	86.4	93.3	55.9	66.3	99.3	98.4	8.6	75.5	71.4	74.2	65.6	50.0	79.5	23.7
28.2	23.4	59.0	85.2	43.5	53.0	43.9	76.8	36.3	99.3	62.3	45.6	5.2	24.8	97.2	21.8	29.5	32.0	79.8	36.9
19.4	63.0	93.4	70.9	34.9	12.4	87.0	69.9	72.2	13.9	11.9	88.3	35.5	31.4	45.2	77.5	47.4	93.0	24.7	95.7
23.7	89.9	39.8	63.4	34.3	24.4	7.6	62.0	33.3	68.6	98.9	34.9	99.2	47.4	28.6	3.3	39.7	57.4	57.5	55.5
88.3	57.7	55.6	54.3	36.2	59.9	11.5	23.1	52.9	87.4	15.5	50.6	49.8	56.1	67.9	14.0	37.3	2.8	7.5	82.5
73.6	89.6	79.5	24.7	45.0	99.2	1.2	2.0	3.8	68.3	49.6	2.9	69.3	72.1	8.6	83.6	99.2	38.3	24.9	13.9
25.0	51.3	9.5	60.0	59.2	17.6	31.0	61.6	2.4	55.5	44.9	29.6	98.2	70.5	1.3	20.5	92.1	97.8	28.2	63.7
20.8	40.8	57.3	61.9	99.2	48.4	21.5	72.5	87.1	51.8	68.9	99.3	53.3	38.0	41.3	55.7	85.7	53.5	21.3	8.0
53.0	88.1	70.4	39.6	95.0	27.3	64.8	4.5	4.9	48.4	23.3	33.3	48.4	30.0	5.5	24.9	30.1	84.1	68.8	8.8
42.0	96.4	12.5	65.0	34.1	70.9	20.7	16.7	48.7	97.3	95.1	91.2	17.2	29.3	17.1	40.3	15.7	13.7	11.9	80.5
30.3	95.7	50.6	75.4	43.0	60.9	79.5	21.6	1.4	76.0	9.1	36.5	39.3	32.4	65.4	15.6	71.6	17.5	71.9	38.5
33.1	60.1	57.4	99.0	96.6	72.5	33.5	62.5	38.8	40.7	71.7	70.2	57.0	59.4	62.7	21.6	89.0	59.2	91.7	91.4
15.4	66.1	57.1	59.8	2.0	51.2	36.6	40.0	62.7	58.0	4.0	76.2	30.9	22.0	41.0	41.3	35.2	14.6	71.9	0.7
0.5	10.7	52.7	25.3	28.9	9.7	64.2	14.7	12.7	72.7	62.3	96.7	57.0	45.9	75.7	0.5	3.3	28.8	89.3	8.8
1.2	32.9	55.8	3.2	11.6	26.7	70.7	3.5	75.7	11.6	63.2	70.0	28.8	13.5	90.5	60.9	67.3	88.9	30.8	58.5
19.4	83.7	70.0	58.7	36.5	81.8	27.6	78.3	73.9	68.9	3.8	25.8	8.0	90.3	48.2	37.5	98.6	86.2	67.8	33.4
1.7	78.9	91.8	83.9	67.3	63.4	60.1	73.5	69.7	27.0	30.0	47.4	36.4	94.2	27.1	11.5	53.8	74.7	22.0	79.8
77.8	24.9	8.0	56.9	39.0	26.6	87.6	30.5	21.1	16.3	63.3	63.9	16.5	32.6	74.1	20.1	97.6	46.9	94.7	4.9
84.8	44.6	72.5	43.7	42.3	48.3	57.4	17.1	50.7	39.2	27.7	19.5	25.3	18.5	11.5	41.3	2.0	36.7	25.2	77.2
77.0	90.0	67.1	8.8	88.4	76.3	5.2	15.9	62.6	43.4	94.5	72.7	86.7	31.8	84.7	57.6	77.4	64.3	7.5	63.7
68.6	49.8	43.6	62.7	14.7	1.7	60.2	86.9	96.9	20.6	49.6	69.8	19.2	80.5	98.1	100.0	38.2	51.4	75.1	64.6
91.2	85.8	93.1	84.8	69.3	22.9	86.4	61.7	58.2	49.1	60.1	65.0	90.4	68.6	71.5	48.3	49.4	95.7	63.1	17.3
45.0	6.6	78.0	35.4	22.3	3.9	73.7	59.4	58.6	84.8	62.7	8.6	49.4	13.7	43.0	47.5	28.4	60.3	18.0	4.6
32.7	75.1	83.1	81.3	8.3	68.6	7.1	54.2	35.5	2.8	3.9	71.4	77.6	62.3	71.4	24.8	35.0	86.1	65.8	80.9
25.2	92.1	3.7	44.9	40.3	24.7	1.7	66.5	48.1	79.3	60.5	16.0	48.5	30.7	25.3	17.2	20.1	62.4	14.4	77.1
30.4	0.1	86.7	87.0	97.0	47.0	22.3	13.9	40.6	51.3	78.8	16.6	13.3	54.7	15.5	89.0	61.5	80.4	18.6	56.7
94.1	6.1	32.2	57.3	83.9	2.2	56.4	71.1	63.2	53.4	69.0	20.9	93.9	34.4	26.0	29.3	63.7	19.5	48.5	34.7
48.1	96.1	93.9	59.2	47.9	94.0	20.4	41.7	81.4	11.3	78.6	99.8	27.4	0.1	41.9	13.5	94.6	16.3	47.5	26.6
15.4	18.3	58.3	20.6	46.9	96.2	19.7	95.2	44.0	69.0	67.9	82.8	19.2	77.9	58.1	8.7	92.0	21.0	43.3	77.0
43.5	14.4	47.0	8.3	92.8	64.4	41.2	28.4	96.6	43.2	24.7	79.4	94.0	62.3	17.3	50.4	65.2	92.4	11.8	18.3
15.7	12.4	23.1	29.2	38.8	28.9	52.0	61.2	73.0	56.2	16.6	42.2	46.5	48.9	48.8	15.2	9.4	2.5	74.4	47.0
68.5	90.5	45.4	36.4	51.6	17.6	20.2	80.3	10.7	21.8	19.7	0.5	32.3	76.1	72.5	74.7	11.8	55.4	81.9	57.2
5.8	13.5	15.3	63.9	5.0	18.7	89.4	96.8	79.3	92.7	87.9	48.5	40.2	55.4	71.1	19.1	19.0	17.5	10.1	48.1
26.2	94.6	34.8	93.3	86.7	43.8	69.8	48.5	97.5	18.7	18.7	30.5	65.1	80.5	65.3	15.9	72.7	79.9	67.6	41.9
28.0	24.6	21.7	35.5	96.4	94.2	86.1	68.4	33.0	12.4	86.2	73.8	33.2	99.6	69.3	47.9	10.3	75.2	44.1	66.9
71.3	75.3	34.4	66.7	43.8	47.3	13.9	10.0	34.4	13.1	41.2	87.4	27.7	73.4	22.0	34.4	89.3	69.1	37.6	39.5
48.5	74.0	15.4	47.3	32.1	62.6	11.9	66.9	67.3	71.9	43.4	79.5	93.5	61.2	10.5	11.1	34.4	0.8	66.7	77.5
13.4	53.4	1.4	58.2	2.1	0.8	65.7	61.6	78.1	23.3	74.1	22.1	16.3	99.1	12.9	20.2	50.8	43.9	62.0	7.4
92.3	12.5	26.6	66.8	23.4	3.9	78.1	57.9	34.9	64.6	99.4	7.9	13.2	28.3	1.1	70.4	13.2	99.2	76.7	68.2
17.2	2.8	26.7	45.2	41.3	25.2	98.2	42.5	8.3	57.6	11.8	95.8	5.6	47.3	16.6	8.3	87.8	61.5	78.2	20.0
37.0	35.4	56.5	94.7	89.9	1.3	9.3	43.6	31.9	54.2	33.0	84.5	53.2	46.4	2.5	32.5	26.1	79.1	85.3	34.1
37.5	12.3	94.9	88.4	8.2	46.7	76.5	16.3	57.0	71.1	85.7	12.4	85.8	54.4	88.5	65.3	58.0	60.1	14.6	13.9
31.5	33.9	83.4	32.6	67.4	17.0	24.7	67.6	31.3	31.9	15.1	40.7	3.5	91.7	39.7	9.9	87.6	27.4	37.1	71.6
77.0	36.0	46.5	80.0	17.1	21.7	61.0	58.5	2.3	15.5	75.2	95.0	74.3	93.0	58.1	2.9	32.8	98.7	84.9	45.3
70.3	80.8	47.6	39.2	58.8	88.9	66.2	3.8	87.5	1.5	62.7	77.7	65.9	32.8	35.4	69.4	13.2	97.5	55.3	79.4
71.8	36.7	53.2	68.1	47.5	34.2	62.2	6.4	78.5	27.5	58.0	39.2	32.8	54.2	67.3	50.2	67.9	54.0	24.9	43.5
93.5	30.7	17.7	62.5	96.1	39.3	28.5	8.5	70.0	27.0	83.0	45.1	84.5	19.1	26.6	25.4	80.4	88.4	92.3	15.7
81.1	6.8	9.8	73.7	14.6	72.5	55.5	22.3	28.4	51.1	2.5	9.5	53.9	1.0	99.7	52.3	15.5	88.4	39.6	87.3
71.5	60.0	53.0	82.6	45.3	94.8	85.3	14.3	82.9	56.3	75.5	16.4	66.4	44.7	10.8	15.4	49.6	29.4	82.3	21.0
14.9	96.3	59.1	88.7	37.8	24.6	73.2	85.0	49.7	51.9	22.6	60.4	20.5	46.8	97.9	44.2	81.9	12.8	75.0	15.2
15.2	79.6	96.3	98.0	28.9	54.4	58.4	7.8	29.4	29.5	61.6	47.3	66.0	81.8	30.4	9.7	73.0	40.4	70.9	59.9
16.8	4.2	17.6	58.0	62.8	96.3	86.1	3.3	18.4	58.6	76.4	70.7	46.0	33.6	85.1	13.9	42.5	85.4	23.9	64.2
85.7	59.9	88.5	49.1	52.9	33.5	17.3	58.1	7.9	84.5	98.0	79.8	85.7	55.7	61.2	1.6	50.8	74.4	35.2	28.0
3.0	3.6	77.4	2.7	87.7	45.3	70.9	59.9	19.0	39.2	79.9	5.2	57.2	42.8	18.9	20.3	77.5	64.6	64.6	39.2
30.3	20.6	0.7	56.4	2.4	11.9	86.9	92.4	83.6	23.3	14.6	80.3	56.1	91.1	10.9	97.9	94.9	79.0	20.7	11.0
79.3	24.4	20.7	39.5	76.0	12.1	76.0	16.1	70.9	78.7	92.8	5.7	36.2	48.7	97.1	48.4	32.8	7.9	21.6	3.2
34.0	3.5	62.2	84.5	74.8	43.9	20.5	26.0	6.4	8.8	32.3	53.9	23.6	62.5	20.7	14.6	21.8	44.2	42.8	7.6
20.7	18.7	52.6	98.8	16.3	97.3	24.5	2.5	16.5	11.9	71.9	90.8	75.9	78.0	20.6	38.5	48.6	98.5	23.4	53.0
71.5	49.2	14.1	47.0	88.1	21.7	91.0	68.1	49.8	42.1	0.5	20.1	45.1	18.8	73.6	4.0	21.0	67.4	58.4	48.5
82.2	21.5	44.7	74.7	65.6	54.1	73.1	74.7	73.0	68.2	27.6	58.3	66.5	82.1	58.8	4.4	58.7	74.4	83.9	48.5
80.3	35.7	87.7	39.3	6.2	66.2	29.4	43.0	15.9	99.4	19.6	52.0	58.7	80.1	79.6	79.8	85.0	38.9	70.0	66.4
70.3	67.0	15.4	98.0	22.5	70.2	85.9	7.1	87.0	90.5	80.6	9.5	19.9	46.3	41.4	59.5	88.2	76.6	13.3	56.2
16.7	29.5	61.9	30.3	80.3	74.8	82.8	20.8	73.6	11.5	81.2	9.9	50.6	85.2	67.8	61.8	39.9	66.4	22.5	23.9
31.7	67.0	48.1	36.4	47.5	31.5	4.9	6.4	60.8	68.1	76.8	17.7	60.4	84.6	41.1	23.5	8.7	26.7	35.0	7.6
25.1	96.8	82.6	97.6	33.2	27.9	0.0	23.3	99.0	56.8	32.2	9.7	59.6	85.1	18.5	69.5	17.5	8.3	9.2	1.6
30.1	2.4	77.8	54.7	52.5	98.5	9.2	38.8	67.9	26.4	12.5	40.8	57.4	48.1	69.0	76.0	29.2	50.1	11.5	50.8
57.0	27.2	16.1	11.7	90.5	22.6	61.8	47.6	1.9	78.3	85.5	0.1	58.2	10.1	37.1	20.5	4.6	78.2	10.4	75.2
48.7	73.1	81.1	43.5	63.7	84.4	88.3	79.7	11.8	83.7	82.2	12.9	4.9	63.6	61.2	76.1	71.2	69.5	88.2	13.1
47.7	62.3	90.8	30.9	91.4	15.0	11.8	10.3	9.0	27.4	62.1	16.6	57.3	21.6	9.6	26.0	56.2	91.2	83.5	58.3
45.7	56.7	13.6	7.0	61.9	50.4	64.6	75.9	75.6	97.6	89.3	17.4	83.3	70.4	49.9	82.0	13.9	66.4	80.8	86.8
8.8	99.6	91.9	45.4	70.3	0.3	59.8	75.9	56.4	75.5	13.2	56.5	1.3	38.0	92.0	11.3	73.3	14.4	11.9	94.9
2.3	56.1	55.1	62.3	65.1	29.3	70.7	44.4	97.9	28.1	1.5	95.5	19.9	6.4	59.2	86.9	63.7	36.5	0.9	79.8
61.4	95.1	97.3	20.8	17.7	47.9	43.1	43.5	7.7	26.9	42.4	19.7	27.0	65.3	93.6	65.5	30.7	36.9	9.8	5.7
76.1	8.7	91.0	39.9	35.0	24.2	76.9	31.2	69.1	24.8	21.0	19.5	51.5	59.6	98.3	51.5	31.0	88.0	88.7	22.4
62.7	8.5	50.7	34.2	55.2	57.0	27.5	13.2	24.8	37.5	4.2	26.3	26.6	90.6	60.6	67.0	95.3	1.9	8.9	3.1
77.8	60.1	43.1	22.1	52.8	93.6	55.8	28.7	1.8	67.9	48.4	18.8	49.8	1.3	70.1	38.8	76.1	98.4	7.6	92.7
15.5	21.1	52.3	27.9	68.2	37.7	16.9	39.3	44.4	58.7	87.9	42.9	74.7	78.8	59.9	64.7	43.0	34.5	48.1	61.1
2.1	38.0	96.3	17.8	62.5	7.3	84.3	89.8	57.6	96.0	51.6	91.2	5.1	28.6	42.7	86.9	77.9	35.3	33.4	7.8
99.1	80.2	69.3	22.3	33.6	28.5	76.6	7.9	97.0	53.5	64.7	87.4	13.3	35.7	48.0	14.6	27.0	61.3	10.7	85.0
62.9	94.8	85.6	29.7	74.5	24.8	48.3	89.1	55.2	90.1	64.2	94.9	66.4	1.9	40.8	71.8	19.1	21.9	81.5	43.9
21.2	51.4	4.8	39.9	46.0	65.5	58.1	39.6	30.8	52.9	76.3	52.2	5.6	21.6	34.2	42.1	1.2	71.3	89.1	12.8
48.6	84.3	33.2	50.6	68.6	71.2	91.8	4.7	25.9	30.7	37.9	83.4	84.4	88.2	92.6	11.7	90.1	61.6	79.8	17.5
61.9	33.9	13.9	15.8	64.5	89.5	97.2	7.4	84.0	39.2	1.2	50.1	46.6	54.6	17.3	30.6	65.0	86.1	20.5	49.8
61.1	34.1	16.3	51.2	7.8	60.1	64.8	38.8	32.2	64.4	9.0	6.5	10.0	65.2	78.7	65.5	11.4	77.5	36.3	97.8
53.7	51.3	53.6	14.0	88.7	52.8	63.2	42.3	94.6	42.4	87.4	33.5	60.0	34.0	10.6	60.2	50.8	11.8	83.1	1.8
25.5	36.5	29.2	92.3	13.7	46.8	38.7	77.8	49.4	72.8	56.1	83.5	10.5	77.4	70.7	72.2	79.0	34.4	26.9	49.0
81.3	92.5	97.8	65.2	52.7	53.4	23.4	86.1	78.1	67.2	14.7	61.9	59.3	37.6	81.1	35.9	37.0	68.5	3.2	19.7
71.6	43.7	17.2	82.0	61.5	44.0	63.0	19.3	43.0	97.9	60.4	43.7	44.1	92.9	91.5	73.3	67.2	30.0	18.7	42.7
94.8	35.1	24.8	21.0	53.6	20.9	24.7	7.4	2.0	50.2	22.2	8.4	14.2	23.4	78.3	76.1	43.6	83.7	10.4	46.2
10.3	10.6	92.1	24.9	4.8	90.1	43.8	40.6	15.2	27.0	54.2	38.4	25.6	70.6	68.6	2.5	50.6	29.0	86.4	99.9
40.5	58.5	82.1	70.2	20.9	35.6	87.2	55.5	66.5	29.3	61.4	30.3	76.6	67.8	56.6	14.6	23.5	88.8	95.2	81.0
31.2	29.4	78.0	38.8	21.9	70.2	27.7	33.4	24.6	54.9	25.4	46.1	54.4	11.6	1.0	6.5	88.1	24.1	28.3	42.1
31.5	80.9	61.5	69.5	94.4	85.0	85.0	4.4	43.2	20.0	10.3	3.4	94.0	43.6	84.7	38.6	28.4	39.0	83.0	32.6
67.0	27.9	2.3	30.6	95.5	55.4	38.9	60.8	2.6	47.0	30.8	80.8	94.3	54.0	75.8	15.5	86.3	73.6	55.7	67.7
31.0	50.4	13.2	11.6	82.0	31.5	15.7	79.2	91.0	21.3	81.3	8.2	56.3	58.8	82.7	86.0	94.5	61.3	72.2	87.2
68.8	15.5	40.3	53.2	88.1	5.9	64.3	95.3	32.5	23.6	70.5	79.0	6.6	12.8	72.1	4.9	29.3	49.5	30.3	48.1
54.1	52.0	44.9	28.7	58.6	32.2	10.4	30.6	14.6	16.9	84.2	25.6	49.7	43.0	21.7	45.4	44.7	6.7	35.4	96.5
94.9	39.5	55.2	94.0	54.5	49.1	22.9	3.9	62.6	54.1	57.5	31.3	93.3	64.8	99.3	98.7	93.2	24.0	45.0	23.0
6.9	19.6	73.6	35.1	86.8	44.2	6.5	22.7	29.1	29.1	74.4	69.0	61.2	3.3	85.1	67.7	28.6	23.4	41.9	77.2
96.6	28.9	0.3	29.8	21.9	68.9	62.0	54.4	66.4	7.6	93.7	97.1	79.8	66.5	60.4	33.8	26.1	95.9	44.8	73.4
59.5	45.2	62.7	22.8	4.9	1.7	7.3	14.2	86.0	74.0	36.4	33.9	14.8	11.5	7.6	62.1	53.3	63.1	1.5	47.2
66.9	55.7	2.6	97.2	95.8	51.1	67.1	19.1	42.7	63.2	33.8	36.5	91.8	57.7	72.6	16.7	52.8	97.7	25.6	20.1
73.2	75.9	27.1	59.3	88.4	9.7	10.5	81.8	84.1	19.9	63.0	44.0	28.4	97.8	84.1	53.3	90.4	92.0	60.9	22.1
87.4	20.7	52.5	62.4	44.9	82.2	30.2	38.9	74.8	27.2	89.6	36.0	2.7	13.1	27.5	11.5	34.4	17.1	52.6	64.9
38.6	23.6	10.7	72.3	20.1	92.4	5.5	75.8	88.6	49.3	11.4	30.8	13.4	45.5	51.8	68.7	92.4	57.3	15.1	55.9
23.4	43.2	77.5	39.4	26.9	37.8	5.7	8.7	72.8	63.8	46.8	81.1	84.7	34.2	92.4	96.0	35.9	22.3	99.8	26.7
97.5	68.4	90.9	20.8	2.4	53.2	22.0	15.5	16.0	67.6	78.4	77.5	21.1	44.0	60.0	24.8	29.5	95.4	16.8	46.9
10.6	88.9	73.6	35.8	21.8	14.5	85.8	28.3	26.3	88.0	98.0	11.4	67.0	67.1	45.2	78.7	1.3	11.0	3.0	13.5
17.8	32.4	23.5	46.1	10.2	36.1	64.8	52.2	32.0	39.7	88.7	66.0	56.6	91.9	31.8	11.3	61.7	96.4	22.7	32.6
6.5	7.8	2.6	53.8	51.3	14.4	57.4	33.6	81.7	30.2	33.8	62.0	59.2	34.0	29.5	71.2	9.0	97.4	44.5	61.3
46.7	98.1	55.3	44.6	52.2	51.6	49.1	7.9	8.7	76.2	25.3	28.8	18.9	11.1	83.8	26.7	83.8	22.7	45.5	73.0
49.9	90.1	18.6	30.8	90.6	53.1	71.3	75.6	53.2	87.9	37.3	45.0	56.3	96.6	9.7	12.2	70.5	21.6	67.6	45.7
85.4	93.6	51.7	96.4	3.1	55.8	44.9	12.0	14.8	58.8	48.8	27.2	98.8	77.6	7.5	33.8	14.0	89.1	26.5	71.1
66.0	93.0	84.4	73.4	84.5	0.2	28.2	29.0	64.3	55.4	99.1	67.6	21.2	78.0	55.8	51.1	25.2	2.7	28.0	3.5
88.7	41.6	3.9	6.4	52.6	66.3	31.8	95.0	99.5	50.6	81.8	8.8	47.3	13.2	8.8	38.0	28.2	12.4	62.6	60.9
37.3	18.8	79.0	0.2	2.6	23.5	79.0	31.9	58.5	18.4	35.5	86.6	92.9	48.1	14.3	4.0	91.6	10.7	59.2	77.7
28.9	15.9	46.2	3.5	15.3	57.1	83.4	45.6	72.1	24.3	41.0	64.5	44.9	82.5	90.3	66.1	50.5	48.8	1.9	25.8
68.9	63.2	20.1	92.1	64.6	38.0	59.0	6.4	84.1	72.3	30.4	31.6	77.0	34.9	81.0	42.7	61.4	50.8	99.2	82.9
45.8	83.8	35.9	66.3	49.4	73.4	77.6	71.7	31.0	89.0	24.0	26.4	27.6	95.6	94.9	30.5	4.6	60.8	21.6	42.5
70.6	2.0	33.9	14.8	48.5	76.9	23.9	16.0	65.6	13.8	51.5	81.1	86.7	9.4	88.0	14.9	10.3	47.6	26.1	95.4
55.8	63.8	13.5	89.9	90.7	52.1	34.0	49.9	66.1	8.9	47.0	44.1	90.8	96.2	10.4	2.2	23.1	81.6	33.2	98.7
20.4	70.1	83.6	83.9	92.4	70.7	15.4	74.0	82.5	42.4	88.9	31.1	79.9	40.1	89.4	1.3	66.8	94.3	19.3	24.4
72.8	69.4	50.9	56.8	33.0	99.0	13.4	99.1	10.0	54.2	29.8	11.0	97.2	75.2	66.7	36.5	30.8	46.1	50.4	16.6
18.4	37.6	2.4	99.5	41.7	86.0	21.3	40.4	41.6	25.3	72.8	92.0	14.4	0.8	95.9	86.7	50.4	50.0	19.2	13.6
96.3	71.5	36.7	67.6	87.5	49.4	81.0	72.3	68.4	26.8	53.0	1.0	63.0	44.7	94.8	74.4	59.8	1.9	85.9	67.2
85.0	1.1	14.5	31.5	37.5	92.9	65.7	98.7	65.8	14.6	19.8	61.0	68.0	69.9	69.3	74.3	37.0	9.8	84.2	31.3
23.7	47.1	58.2	35.8	99.7	66.7	57.5	22.3	68.9	30.2	62.8	45.4	68.8	26.4	96.4	70.2	43.9	11.6	75.4	34.2
60.9	85.6	75.3	54.3	67.5	16.6	1.5	78.9	49.8	84.2	84.7	82.7	61.3	82.1	10.1	81.1	58.0	16.7	34.2	36.0
1	2	3	4	5	6	7	8	9	10	11	12	13	14	15	16	17	18	19	20
1	2	3	4	5	6	7	8	9	10	11	12	13	14	15	16	17	18	19	20
1	2	3	4	5	6	7	8	9	10	11	12	13	14	15	16	17	18	19	20
1	2	3	4	5	6	7	8	9	10	11	12	13	14	15	16	17	18	19	20
1	2	3	4	5	6	7	8	9	10	11	12	13	14	15	16	17	18	19	20
1	2	3	4	5	6	7	8	9	10	11	12	13	14	15	16	17	18	19	20
1	2	3	4	5	6	7	8	9	10	11	12	13	14	15	16	17	18	19	20
1	2	3	4	5	6	7	8	9	10	11	12	13	14	15	16	17	18	19	20
1	2	3	4	5	6	7	8	9	10	11	12	13	14	15	16	17	18	19	20
1	2	3	4	5	6	7	8	9	10	11	12	13	14	15	16	17	18	19	20
1	2	3	4	5	6	7	8	9	10	11	12	13	14	15	16	17	18	19	20
1	2	3	4	5	6	7	8	9	10	11	12	13	14	15	16	17	18	19	20
1	2	3	4	5	6	7	8	9	10	11	12	13	14	15	16	17	18	19	20
1	2	3	4	5	6	7	8	9	10	11	12	13	14	15	16	17	18	19	20
1	2	3	4	5	6	7	8	9	10	11	12	13	14	15	16	17	18	19	20
1	2	3	4	5	6	7	8	9	10	11	12	13	14	15	16	17	18	19	20
1	2	3	4	5	6	7	8	9	10	11	12	13	14	15	16	17	18	19	20
1	2	3	4	5	6	7	8	9	10	11	12	13	14	15	16	17	18	19	20
1	2	3	4	5	6	7	8	9	10	11	12	13	14	15	16	17	18	19	20
1	2	3	4	5	6	7	8	9	10	11	12	13	14	15	16	17	18	19	20
1	2	3	4	5	6	7	8	9	10	11	12	13	14	15	16	17	18	19	20
1	2	3	4	5	6	7	8	9	10	11	12	13	14	15	16	17	18	19	20
1	2	3	4	5	6	7	8	9	10	11	12	13	14	15	16	17	18	19	20
1	2	3	4	5	6	7	8	9	10	11	12	13	14	15	16	17	18	19	20
1	2	3	4	5	6	7	8	9	10	11	12	13	14	15	16	17	18	19	20
1	2	3	4	5	6	7	8	9	10	11	12	13	14	15	16	17	18	19	20
1	2	3	4	5	6	7	8	9	10	11	12	13	14	15	16	17	18	19	20
1	2	3	4	5	6	7	8	9	10	11	12	13	14	15	16	17	18	19	20
1	2	3	4	5	6	7	8	9	10	11	12	13	14	15	16	17	18	19	20
1	2	3	4	5	6	7	8	9	10	11	12	13	14	15	16	17	18	19	20
1	2	3	4	5	6	7	8	9	10	11	12	13	14	15	16	17	18	19	20
1	2	3	4	5	6	7	8	9	10	11	12	13	14	15	16	17	18	19	20
1	2	3	4	5	6	7	8	9	10	11	12	13	14	15	16	17	18	19	20
1	2	3	4	5	6	7	8	9	10	11	12	13	14	15	16	17	18	19	20
1	2	3	4	5	6	7	8	9	10	11	12	13	14	15	16	17	18	19	20
1	2	3	4	5	6	7	8	9	10	11	12	13	14	15	16	17	18	19	20
1	2	3	4	5	6	7	8	9	10	11	12	13	14	15	16	17	18	19	20
1	2	3	4	5	6	7	8	9	10	11	12	13	14	15	16	17	18	19	20
1	2	3	4	5	6	7	8	9	10	11	12	13	14	15	16	17	18	19	20
1	2	3	4	5	6	7	8	9	10	11	12	13	14	15	16	17	18	19	20
1	2	3	4	5	6	7	8	9	10	11	12	13	14	15	16	17	18	19	20
1	2	3	4	5	6	7	8	9	10	11	12	13	14	15	16	17	18	19	20
1	2	3	4	5	6	7	8	9	10	11	12	13	14	15	16	17	18	19	20
1	2	3	4	5	6	7	8	9	10	11	12	13	14	15	16	17	18	19	20
1	2	3	4	5	6	7	8	9	10	11	12	13	14	15	16	17	18	19	20
1	2	3	4	5	6	7	8	9	10	11	12	13	14	15	16	17	18	19	20
1	2	3	4	5	6	7	8	9	10	11	12	13	14	15	16	17	18	19	20
1	2	3	4	5	6	7	8	9	10	11	12	13	14	15	16	17	18	19	20
1	2	3	4	5	6	7	8	9	10	11	12	13	14	15	16	17	18	19	20
1	2	3	4	5	6	7	8	9	10	11	12	13	14	15	16	17	18	19	20
1	2	3	4	5	6	7	8	9	10	11	12	13	14	15	16	17	18	19	20
1	2	3	4	5	6	7	8	9	10	11	12	13	14	15	16	17	18	19	20
1	2	3	4	5	6	7	8	9	10	11	12	13	14	15	16	17	18	19	20
1	2	3	4	5	6	7	8	9	10	11	12	13	14	15	16	17	18	19	20
1	2	3	4	5	6	7	8	9	10	11	12	13	14	15	16	17	18	19	20
1	2	3	4	5	6	7	8	9	10	11	12	13	14	15	16	17	18	19	20
1	2	3	4	5	6	7	8	9	10	11	12	13	14	15	16	17	18	19	20
1	2	3	4	5	6	7	8	9	10	11	12	13	14	15	16	17	18	19	20
1	2	3	4	5	6	7	8	9	10	11	12	13	14	15	16	17	18	19	20
1	2	3	4	5	6	7	8	9	10	11	12	13	14	15	16	17	18	19	20
1	2	3	4	5	6	7	8	9	10	11	12	13	14	15	16	17	18	19	20
1	2	3	4	5	6	7	8	9	10	11	12	13	14	15	16	17	18	19	20
1	2	3	4	5	6	7	8	9	10	11	12	13	14	15	16	17	18	19	20
1	2	3	4	5	6	7	8	9	10	11	12	13	14	15	16	17	18	19	20
1	2	3	4	5	6	7	8	9	10	11	12	13	14	15	16	17	18	19	20
1	2	3	4	5	6	7	8	9	10	11	12	13	14	15	16	17	18	19	20
1	2	3	4	5	6	7	8	9	10	11	12	13	14	15	16	17	18	19	20
1	2	3	4	5	6	7	8	9	10	11	12	13	14	15	16	17	18	19	20
1	2	3	4	5	6	7	8	9	10	11	12	13	14	15	16	17	18	19	20
1	2	3	4	5	6	7	8	9	10	11	12	13	14	15	16	17	18	19	20
1	2	3	4	5	6	7	8	9	10	11	12	13	14	15	16	17	18	19	20
1	2	3	4	5	6	7	8	9	10	11	12	13	14	15	16	17	18	19	20
1	2	3	4	5	6	7	8	9	10	11	12	13	14	15	16	17	18	19	20
1	2	3	4	5	6	7	8	9	10	11	12	13	14	15	16	17	18	19	20
1	2	3	4	5	6	7	8	9	10	11	12	13	14	15	16	17	18	19	20
1	2	3	4	5	6	7	8	9	10	11	12	13	14	15	16	17	18	19	20
1	2	3	4	5	6	7	8	9	10	11	12	13	14	15	16	17	18	19	20
1	2	3	4	5	6	7	8	9	10	11	12	13	14	15	16	17	18	19	20
1	2	3	4	5	6	7	8	9	10	11	12	13	14	15	16	17	18	19	20
1	2	3	4	5	6	7	8	9	10	11	12	13	14	15	16	17	18	19	20
1	2	3	4	5	6	7	8	9	10	11	12	13	14	15	16	17	18	19	20
1	2	3	4	5	6	7	8	9	10	11	12	13	14	15	16	17	18	19	20
1	2	3	4	5	6	7	8	9	10	11	12	13	14	15	16	17	18	19	20
1	2	3	4	5	6	7	8	9	10	11	12	13	14	15	16	17	18	19	20
1	2	3	4	5	6	7	8	9	10	11	12	13	14	15	16	17	18	19	20
1	2	3	4	5	6	7	8	9	10	11	12	13	14	15	16	17	18	19	20
1	2	3	4	5	6	7	8	9	10	11	12	13	14	15	16	17	18	19	20
1	2	3	4	5	6	7	8	9	10	11	12	13	14	15	16	17	18	19	20
1	2	3	4	5	6	7	8	9	10	11	12	13	14	15	16	17	18	19	20
1	2	3	4	5	6	7	8	9	10	11	12	13	14	15	16	17	18	19	20
1	2	3	4	5	6	7	8	9	10	11	12	13	14	15	16	17	18	19	20
1	2	3	4	5	6	7	8	9	10	11	12	13	14	15	16	17	18	19	20
1	2	3	4	5	6	7	8	9	10	11	12	13	14	15	16	17	18	19	20
1	2	3	4	5	6	7	8	9	10	11	12	13	14	15	16	17	18	19	20
1	2	3	4	5	6	7	8	9	10	11	12	13	14	15	16	17	18	19	20
1	2	3	4	5	6	7	8	9	10	11	12	13	14	15	16	17	18	19	20
1	2	3	4	5	6	7	8	9	10	11	12	13	14	15	16	17	18	19	20
1	2	3	4	5	6	7	8	9	10	11	12	13	14	15	16	17	18	19	20
1	2	3	4	5	6	7	8	9	10	11	12	13	14	15	16	17	18	19	20
1	2	3	4	5	6	7	8	9	10	11	12	13	14	15	16	17	18	19	20
1	2	3	4	5	6	7	8	9	10	11	12	13	14	15	16	17	18	19	20
1	2	3	4	5	6	7	8	9	10	11	12	13	14	15	16	17	18	19	20
1	2	3	4	5	6	7	8	9	10	11	12	13	14	15	16	17	18	19	20
1	2	3	4	5	6	7	8	9	10	11	12	13	14	15	16	17	18	19	20
1	2	3	4	5	6	7	8	9	10	11	12	13	14	15	16	17	18	19	20
1	2	3	4	5	6	7	8	9	10	11	12	13	14	15	16	17	18	19	20
1	2	3	4	5	6	7	8	9	10	11	12	13	14	15	16	17	18	19	20
1	2	3	4	5	6	7	8	9	10	11	12	13	14	15	16	17	18	19	20
1	2	3	4	5	6	7	8	9	10	11	12	13	14	15	16	17	18	19	20
1	2	3	4	5	6	7	8	9	10	11	12	13	14	15	16	17	18	19	20
1	2	3	4	5	6	7	8	9	10	11	12	13	14	15	16	17	18	19	20
1	2	3	4	5	6	7	8	9	10	11	12	13	14	15	16	17	18	19	20
1	2	3	4	5	6	7	8	9	10	11	12	13	14	15	16	17	18	19	20
1	2	3	4	5	6	7	8	9	10	11	12	13	14	15	16	17	18	19	20
1	2	3	4	5	6	7	8	9	10	11	12	13	14	15	16	17	18	19	20
1	2	3	4	5	6	7	8	9	10	11	12	13	14	15	16	17	18	19	20
1	2	3	4	5	6	7	8	9	10	11	12	13	14	15	16	17	18	19	20
1	2	3	4	5	6	7	8	9	10	11	12	13	14	15	16	17	18	19	20
1	2	3	4	5	6	7	8	9	10	11	12	13	14	15	16	17	18	19	20
1	2	3	4	5	6	7	8	9	10	11	12	13	14	15	16	17	18	19	20
1	2	3	4	5	6	7	8	9	10	11	12	13	14	15	16	17	18	19	20
1	2	3	4	5	6	7	8	9	10	11	12	13	14	15	16	17	18	19	20
1	2	3	4	5	6	7	8	9	10	11	12	13	14	15	16	17	18	19	20
1	2	3	4	5	6	7	8	9	10	11	12	13	14	15	16	17	18	19	20
1	2	3	4	5	6	7	8	9	10	11	12	13	14	15	16	17	18	19	20
1	2	3	4	5	6	7	8	9	10	11	12	13	14	15	16	17	18	19	20
1	2	3	4	5	6	7	8	9	10	11	12	13	14	15	16	17	18	19	20
1	2	3	4	5	6	7	8	9	10	11	12	13	14	15	16	17	18	19	20
1	2	3	4	5	6	7	8	9	10	11	12	13	14	15	16	17	18	19	20
1	2	3	4	5	6	7	8	9	10	11	12	13	14	15	16	17	18	19	20
1	2	3	4	5	6	7	8	9	10	11	12	13	14	15	16	17	18	19	20
1	2	3	4	5	6	7	8	9	10	11	12	13	14	15	16	17	18	19	20
1	2	3	4	5	6	7	8	9	10	11	12	13	14	15	16	17	18	19	20
1	2	3	4	5	6	7	8	9	10	11	12	13	14	15	16	17	18	19	20
1	2	3	4	5	6	7	8	9	10	11	12	13	14	15	16	17	18	19	20
1	2	3	4	5	6	7	8	9	10	11	12	13	14	15	16	17	18	19	20
1	2	3	4	5	6	7	8	9	10	11	12	13	14	15	16	17	18	19	20
1	2	3	4	5	6	7	8	9	10	11	12	13	14	15	16	17	18	19	20
1	2	3	4	5	6	7	8	9	10	11	12	13	14	15	16	17	18	19	20
1	2	3	4	5	6	7	8	9	10	11	12	13	14	15	16	17	18	19	20
1	2	3	4	5	6	7	8	9	10	11	12	13	14	15	16	17	18	19	20
1	2	3	4	5	6	7	8	9	10	11	12	13	14	15	16	17	18	19	20
1	2	3	4	5	6	7	8	9	10	11	12	13	14	15	16	17	18	19	20
1	2	3	4	5	6	7	8	9	10	11	12	13	14	15	16	17	18	19	20
1	2	3	4	5	6	7	8	9	10	11	12	13	14	15	16	17	18	19	20
1	2	3	4	5	6	7	8	9	10	11	12	13	14	15	16	17	18	19	20
1	2	3	4	5	6	7	8	9	10	11	12	13	14	15	16	17	18	19	20
1	2	3	4	5	6	7	8	9	10	11	12	13	14	15	16	17	18	19	20
1	2	3	4	5	6	7	8	9	10	11	12	13	14	15	16	17	18	19	20
1	2	3	4	5	6	7	8	9	10	11	12	13	14	15	16	17	18	19	20
1	2	3	4	5	6	7	8	9	10	11	12	13	14	15	16	17	18	19	20
1	2	3	4	5	6	7	8	9	10	11	12	13	14	15	16	17	18	19	20
1	2	3	4	5	6	7	8	9	10	11	12	13	14	15	16	17	18	19	20
1	2	3	4	5	6	7	8	9	10	11	12	13	14	15	16	17	18	19	20
1	2	3	4	5	6	7	8	9	10	11	12	13	14	15	16	17	18	19	20
1	2	3	4	5	6	7	8	9	10	11	12	13	14	15	16	17	18	19	20
1	2	3	4	5	6	7	8	9	10	11	12	13	14	15	16	17	18	19	20
1	2	3	4	5	6	7	8	9	10	11	12	13	14	15	16	17	18	19	20
1	2	3	4	5	6	7	8	9	10	11	12	13	14	15	16	17	18	19	20
1	2	3	4	5	6	7	8	9	10	11	12	13	14	15	16	17	18	19	20
1	2	3	4	5	6	7	8	9	10	11	12	13	14	15	16	17	18	19	20
1	2	3	4	5	6	7	8	9	10	11	12	13	14	15	16	17	18	19	20
1	2	3	4	5	6	7	8	9	10	11	12	13	14	15	16	17	18	19	20
1	2	3	4	5	6	7	8	9	10	11	12	13	14	15	16	17	18	19	20
1	2	3	4	5	6	7	8	9	10	11	12	13	14	15	16	17	18	19	20
1	2	3	4	5	6	7	8	9	10	11	12	13	14	15	16	17	18	19	20
1	2	3	4	5	6	7	8	9	10	11	12	13	14	15	16	17	18	19	20
1	2	3	4	5	6	7	8	9	10	11	12	13	14	15	16	17	18	19	20
1	2	3	4	5	6	7	8	9	10	11	12	13	14	15	16	17	18	19	20
1	2	3	4	5	6	7	8	9	10	11	12	13	14	15	16	17	18	19	20
1	2	3	4	5	6	7	8	9	10	11	12	13	14	15	16	17	18	19	20
1	2	3	4	5	6	7	8	9	10	11	12	13	14	15	16	17	18	19	20
1	2	3	4	5	6	7	8	9	10	11	12	13	14	15	16	17	18	19	20
1	2	3	4	5	6	7	8	9	10	11	12	13	14	15	16	17	18	19	20
1	2	3	4	5	6	7	8	9	10	11	12	13	14	15	16	17	18	19	20
1	2	3	4	5	6	7	8	9	10	11	12	13	14	15	16	17	18	19	20
1	2	3	4	5	6	7	8	9	10	11	12	13	14	15	16	17	18	19	20
1	2	3	4	5	6	7	8	9	10	11	12	13	14	15	16	17	18	19	20
1	2	3	4	5	6	7	8	9	10	11	12	13	14	15	16	17	18	19	20
1	2	3	4	5	6	7	8	9	10	11	12	13	14	15	16	17	18	19	20
1	2	3	4	5	6	7	8	9	10	11	12	13	14	15	16	17	18	19	20
1	2	3	4	5	6	7	8	9	10	11	12	13	14	15	16	17	18	19	20
1	2	3	4	5	6	7	8	9	10	11	12	13	14	15	16	17	18	19	20
1	2	3	4	5	6	7	8	9	10	11	12	13	14	15	16	17	18	19	20
1	2	3	4	5	6	7	8	9	10	11	12	13	14	15	16	17	18	19	20
1	2	3	4	5	6	7	8	9	10	11	12	13	14	15	16	17	18	19	20
1	2	3	4	5	6	7	8	9	10	11	12	13	14	15	16	17	18	19	20
1	2	3	4	5	6	7	8	9	10	11	12	13	14	15	16	17	18	19	20
1	2	3	4	5	6	7	8	9	10	11	12	13	14	15	16	17	18	19	20
1	2	3	4	5	6	7	8	9	10	11	12	13	14	15	16	17	18	19	20
1	2	3	4	5	6	7	8	9	10	11	12	13	14	15	16	17	18	19	20
1	2	3	4	5	6	7	8	9	10	11	12	13	14	15	16	17	18	19	20
1	2	3	4	5	6	7	8	9	10	11	12	13	14	15	16	17	18	19	20
1	2	3	4	5	6	7	8	9	10	11	12	13	14	15	16	17	18	19	20
1	2	3	4	5	6	7	8	9	10	11	12	13	14	15	16	17	18	19	20
1	2	3	4	5	6	7	8	9	10	11	12	13	14	15	16	17	18	19	20
1	2	3	4	5	6	7	8	9	10	11	12	13	14	15	16	17	18	19	20
1	2	3	4	5	6	7	8	9	10	11	12	13	14	15	16	17	18	19	20
1	2	3	4	5	6	7	8	9	10	11	12	13	14	15	16	17	18	19	20
1	2	3	4	5	6	7	8	9	10	11	12	13	14	15	16	17	18	19	20
