200	20
9.6	67.1	65.1	7.3	53.7	24.9	18.7	93.5	30.5	0.6	74.9	9.9	26.0	10.1	29.1	38.1	11.9	46.1	30.5	70.4
9.2	81.8	53.1	70.8	19.0	72.0	74.0	53.1	60.4	40.2	2.6	58.2	7.0	86.1	74.1	93.1	48.3	85.4	98.7	25.2
45.8	39.0	56.8	92.9	74.5	89.8	64.7	33.4	79.6	75.2	25.0	77.4	72.8	42.0	31.3	42.4	80.2	64.8	89.9	4.9
63.5	94.6	10.3	47.5	70.7	30.5	46.7	71.5	36.5	39.6	38.4	66.4	36.6	2.7	16.3	40.7	33.0	96.9	96.7	43.8
69.5	32.1	27.1	79.8	47.6	73.7	57.7	41.0	40.6	70.2	65.9	62.1	72.8	7.4	43.3	38.5	75.5	94.8	75.1	28.1
58.0	76.0	29.1	27.1	0.6	7.0	86.7	56.4	22.6	26.5	11.5	55.3	30.4	19.3	18.0	4.0	1.9	61.4	25.4	57.3
82.6	47.1	31.8	10.3	83.7	50.1	37.8	19.8	71.7	38.4	66.1	95.6	54.0	27.7	27.3	82.0	72.9	24.8	56.3	71.3
39.8	54.9	74.0	96.7	11.3	89.8	69.4	2.1	13.5	41.7	93.5	37.7	69.8	53.3	81.3	54.8	21.4	84.2	9.5	39.1
46.1	84.0	29.7	26.5	14.9	0.2	74.6	81.9	3.2	67.3	96.3	76.9	41.8	91.7	49.1	0.2	43.8	74.0	98.3	65.8
38.4	78.2	60.6	62.1	77.7	88.7	2.5	16.8	99.7	60.7	99.5	27.9	2.0	46.6	83.7	89.5	93.1	41.7	23.9	79.5
52.8	83.5	59.9	59.9	71.3	67.3	92.3	94.0	81.6	0.0	27.6	13.5	32.3	5.8	95.5	92.6	0.1	91.9	32.0	71.1
97.3	38.1	86.9	37.3	75.3	58.4	45.2	27.2	17.1	51.3	77.5	10.0	91.7	60.2	41.7	36.0	0.6	87.9	61.6	78.1
83.5	98.6	78.2	30.3	60.2	32.6	73.8	55.9	75.5	2.9	26.3	32.4	55.1	86.8	47.0	62.7	60.6	16.6	29.0	63.6
35.7	50.2	21.5	55.6	96.2	33.7	61.3	5.5	78.9	15.6	27.8	44.7	0.6	5.8	10.6	96.4	89.4	86.2	56.1	43.8
32.5	82.6	92.2	64.7	94.1	43.0	56.4	36.6	79.7	93.6	19.4	3.2	29.2	31.6	47.7	41.6	47.6	6.7	23.4	95.3
53.7	70.0	62.2	17.1	49.8	86.3	77.3	52.9	2.0	62.2	90.1	45.0	29.6	78.4	37.6	4.6	95.8	35.2	61.6	66.4
44.5	28.1	67.7	0.4	34.6	1.6	14.5	5.9	12.6	84.1	32.8	50.6	10.6	83.2	13.1	16.4	1.7	45.4	84.7	20.7
90.9	78.7	81.3	7.8	12.1	74.8	97.5	83.6	39.6	32.3	14.7	80.6	45.7	26.7	27.5	90.3	76.4	51.7	70.8	2.6
76.1	84.6	53.1	0.5	51.4	57.9	16.1	72.3	42.6	77.8	75.8	19.7	89.7	26.2	80.3	52.0	47.9	88.0	65.4	9.9
17.9	18.6	59.2	73.2	15.1	68.0	73.5	20.6	31.9	11.9	86.5	1.1	93.6	70.4	8.4	0.4	16.6	81.1	37.5	30.1
39.6	45.5	51.2	82.6	28.7	31.0	71.2	99.3	28.1	74.2	26.9	84.4	64.8	44.8	77.7	0.4	28.5	55.8	67.7	96.6
42.0	3.1	25.3	8.6	58.2	60.2	9.9	70.4	45.5	9.0	34.3	86.7	72.7	31.8	81.1	57.8	0.0	65.2	65.0	93.9
96.0	50.6	58.6	56.5	47.2	18.3	18.8	82.0	59.2	56.8	48.1	86.2	43.8	68.3	39.9	11.4	38.7	74.4	71.9	1.9
22.8	71.5	62.1	1.7	41.0	45.3	77.7	39.8	17.5	17.3	90.9	18.6	82.7	93.2	23.9	57.0	72.6	10.6	70.7	71.2
50.8	51.8	44.1	50.6	29.9	35.5	75.9	46.9	4.8	86.5	91.9	67.5	17.8	15.1	85.0	50.4	17.0	35.9	62.9	54.5
67.1	95.7	46.3	61.8	76.7	32.4	71.9	23.8	91.1	20.6	31.0	15.0	98.2	1.3	65.3	40.9	71.3	9.3	18.9	94.6
83.0	23.1	81.6	26.3	15.6	34.3	13.0	14.5	36.4	66.1	90.0	58.9	6.8	56.1	96.8	3.3	91.6	43.6	51.9	12.1
29.1	28.7	34.4	62.2	94.2	66.3	96.2	69.9	94.6	51.8	28.5	30.9	46.0	51.8	63.0	61.2	65.3	13.3	89.6	11.4
14.3	2.4	26.1	30.7	68.0	32.6	48.0	53.9	76.6	18.0	92.4	46.6	9.8	67.8	60.9	62.5	56.5	83.4	58.1	32.3
93.3	1.4	45.0	13.5	15.1	14.8	4.3	3.3	71.0	39.8	38.4	70.2	19.3	50.5	17.5	81.8	55.6	64.6	99.2	29.1
35.3	64.4	23.2	23.2	23.4	7.5	26.2	99.8	8.2	14.5	46.2	74.3	23.3	7.6	10.5	85.6	91.0	62.3	63.0	42.5
40.0	36.8	3.9	8.8	91.1	78.8	82.8	93.3	49.3	1.6	86.1	76.6	96.5	59.0	98.7	20.2	82.9	63.9	82.4	93.7
89.1	72.6	42.8	80.9	91.1	99.5	42.8	63.8	99.7	23.8	34.3	78.4	39.8	62.0	26.1	90.3	86.6	33.4	64.4	58.2
53.1	66.5	10.1	92.1	67.4	56.1	91.2	1.7	91.4	79.5	95.7	5.3	67.0	25.1	34.7	0.6	64.7	36.0	56.8	69.1
16.6	13.8	89.7	31.8	66.5	96.3	48.2	46.4	79.5	50.6	10.5	5.6	95.8	34.5	11.5	60.4	7.0	32.0	64.8	80.7
97.1	21.9	31.3	75.3	85.6	1.8	42.9	29.9	87.7	34.1	68.4	41.8	54.7	26.9	1.9	21.4	12.5	82.8	88.2	57.3
94.4	19.6	39.2	89.5	66.8	67.9	82.6	38.4	32.4	59.1	19.4	46.3	23.4	15.4	88.2	74.7	83.3	75.7	70.0	91.1
80.3	54.8	64.0	91.3	78.4	50.1	20.9	5.9	14.4	38.8	28.9	96.3	12.6	17.8	20.3	50.7	86.9	45.8	6.1	82.8
46.8	41.6	99.5	89.1	74.8	32.2	14.4	91.5	85.0	11.0	7.9	93.8	43.8	48.6	29.3	20.3	2.9	64.8	99.9	74.7
8.8	37.9	56.4	8.8	7.4	51.2	80.4	14.1	52.8	48.1	49.1	99.2	37.2	13.9	17.7	12.1	44.9	61.7	28.8	17.8
89.0	67.2	99.7	14.3	25.1	20.5	40.7	30.2	35.6	21.3	60.4	95.4	26.1	1.8	30.8	1.4	1.8	63.2	88.4	5.3
89.2	54.0	1.7	96.1	1.2	4.1	96.2	46.0	30.9	65.0	20.1	79.8	18.0	14.0	65.7	14.3	21.3	35.8	12.1	99.9
24.0	4.0	38.5	57.8	39.1	48.9	6.2	62.4	46.3	46.5	51.8	14.7	32.4	13.1	63.0	28.3	68.9	48.3	58.9	54.0
14.0	4.9	33.3	25.3	34.0	9.7	97.2	36.7	25.8	55.9	55.1	77.9	81.2	5.2	79.9	78.3	80.7	50.8	28.1	58.1
71.0	4.8	26.3	71.7	49.4	94.6	60.8	57.1	57.0	76.4	69.8	69.8	81.6	44.4	7.1	68.1	49.5	50.8	47.3	99.7
6.0	72.2	61.4	17.1	94.7	21.8	32.5	20.3	44.3	39.5	15.2	0.2	74.1	15.8	28.0	6.9	26.8	9.3	22.1	23.9
92.2	94.3	21.4	96.9	58.2	67.9	45.0	44.3	76.6	95.1	42.3	37.5	63.8	71.1	39.1	4.9	66.3	68.0	89.0	82.5
51.4	60.9	69.9	17.0	85.0	17.5	25.2	62.2	67.8	4.7	24.3	31.0	65.6	65.4	54.0	97.2	13.0	85.9	69.1	43.1
35.4	96.4	35.1	51.5	18.0	56.3	75.7	82.9	52.0	32.2	17.5	61.5	48.9	45.8	16.6	78.3	79.7	17.2	88.0	14.4
4.0	66.3	87.1	96.6	10.8	41.9	50.7	96.4	26.3	30.0	64.2	67.3	86.2	60.2	19.1	69.7	20.6	19.1	77.0	30.1
41.9	90.9	98.1	2.7	99.5	74.0	59.7	69.2	88.6	79.9	11.1	24.3	77.9	70.7	15.8	61.1	69.0	65.3	60.8	53.7
3.8	6.1	69.6	79.3	3.3	37.1	1.7	85.8	51.1	7.3	3.1	28.2	96.1	8.8	48.3	44.5	67.1	43.6	6.0	32.0
10.7	29.8	34.6	67.5	0.8	93.0	74.7	30.4	99.3	66.3	66.0	9.2	59.3	17.5	44.5	71.6	91.0	15.3	55.5	49.7
77.9	5.3	93.0	66.7	78.7	96.4	46.0	14.3	64.0	72.0	55.8	60.7	91.5	51.3	9.4	43.4	2.0	12.4	86.0	65.3
30.5	45.1	2.1	94.4	43.2	82.7	66.9	17.2	5.7	83.3	81.6	66.9	0.9	31.3	48.2	25.0	95.0	85.4	99.9	29.7
58.3	77.5	90.0	78.1	79.7	63.9	98.9	38.0	29.0	26.7	49.8	18.5	100.0	73.7	88.5	69.9	27.2	27.1	22.7	22.3
90.1	11.3	17.9	71.2	4.5	70.8	13.4	92.9	94.4	49.2	10.1	86.0	40.7	48.3	97.0	84.7	29.6	43.5	99.2	83.2
45.8	46.6	32.7	83.2	3.0	67.9	16.3	27.0	8.8	32.6	28.4	16.5	14.6	50.7	65.3	48.0	4.0	94.5	69.2	8.1
71.9	19.5	49.3	41.7	98.6	23.8	27.0	19.5	95.7	28.1	5.7	66.9	16.3	2.7	41.9	83.2	53.5	74.0	23.7	91.3
90.9	87.4	71.3	93.2	25.7	57.8	76.9	10.1	77.1	1.9	71.4	62.7	36.4	57.0	82.6	99.8	9.7	26.5	74.2	36.6
4.8	21.2	90.2	97.4	73.9	46.8	76.5	63.1	86.2	97.2	26.2	99.4	23.0	10.6	78.5	38.7	38.6	24.8	4.0	6.1
76.4	13.5	38.6	21.3	29.8	4.4	26.8	88.2	71.7	91.0	7.8	54.7	6.2	23.4	90.2	64.9	99.5	20.4	30.0	46.2
53.1	91.7	26.6	36.1	5.6	49.5	4.6	4.3	91.3	57.8	100.0	70.3	68.3	91.5	86.0	11.2	42.9	33.3	63.2	80.4
43.6	19.7	58.5	86.4	41.6	23.6	61.5	49.7	62.0	75.5	42.4	72.2	89.0	13.9	49.4	61.8	63.4	36.1	62.2	75.6
99.8	71.2	91.8	21.2	8.1	82.0	90.3	15.8	42.9	49.1	79.0	75.8	39.1	70.3	9.7	21.2	72.4	61.3	92.8	5.3
67.2	90.3	67.4	84.6	98.6	15.2	28.5	5.2	79.7	20.0	69.9	54.0	24.3	54.8	53.2	24.3	76.3	91.6	81.0	22.9
8.0	86.7	63.6	21.5	90.3	18.4	68.4	23.4	27.4	91.2	55.4	68.6	9.1	51.2	4.0	57.1	60.2	51.0	94.2	98.4
96.5	62.5	74.1	48.1	40.4	70.9	75.2	85.9	69.7	8.2	41.6	85.7	97.7	27.8	22.9	8.9	51.2	48.6	49.0	86.3
65.4	45.1	30.4	78.7	75.4	34.6	50.7	9.5	80.6	61.5	45.1	64.8	89.6	2.6	31.1	32.1	3.7	64.6	60.3	0.2
34.9	19.4	62.8	34.5	96.3	14.6	45.0	20.3	34.1	50.5	21.1	26.1	67.0	19.7	78.6	22.6	39.2	99.8	17.9	63.8
67.5	7.9	61.6	55.1	16.8	52.4	51.3	94.7	28.5	70.9	85.8	97.9	77.8	67.3	98.7	43.9	19.7	48.6	6.1	40.4
62.8	7.8	18.8	71.1	59.0	35.3	88.7	36.7	71.9	84.1	82.4	21.6	8.0	46.6	47.0	18.4	55.4	78.5	56.9	22.3
66.9	87.3	77.0	66.4	20.5	16.3	4.1	4.2	49.2	42.6	63.0	87.4	35.7	51.1	80.6	13.3	82.1	33.3	10.0	34.2
81.3	51.9	70.2	22.6	80.8	58.4	99.5	85.6	46.8	90.5	74.2	24.5	52.9	26.8	87.4	62.2	78.7	24.2	38.7	47.7
96.2	72.1	65.6	94.6	91.2	31.5	58.5	10.9	30.3	44.9	7.0	36.1	47.7	15.4	55.8	2.8	89.6	53.6	31.7	31.4
28.5	11.0	50.4	99.7	88.3	48.6	73.9	53.7	33.0	73.3	89.0	94.4	32.3	31.7	77.8	81.3	14.3	57.8	7.5	3.9
44.8	11.8	0.1	56.0	35.5	44.5	69.8	92.3	58.2	74.2	51.6	2.2	26.2	95.8	25.0	5.2	28.5	15.6	2.5	45.9
87.2	96.3	91.2	93.2	8.8	30.3	45.7	84.7	16.2	96.1	54.1	89.5	69.7	21.0	4.3	50.3	40.7	87.5	94.3	25.1
98.9	56.2	19.5	59.3	97.5	88.0	11.5	40.3	57.4	9.0	91.1	19.6	91.4	63.4	57.2	92.9	68.8	26.4	63.7	39.5
39.2	57.8	53.2	4.5	70.1	79.3	50.3	22.5	94.9	14.5	55.9	68.1	66.4	19.7	36.8	59.4	26.7	32.9	56.8	31.6
40.7	50.1	13.9	95.3	61.7	38.1	60.2	16.6	34.2	2.1	90.4	72.1	29.0	44.0	48.5	93.1	83.4	85.4	48.0	80.3
57.4	52.8	84.5	47.1	75.3	8.2	21.5	58.0	78.3	5.9	76.9	29.6	69.4	87.0	47.2	6.0	40.9	73.1	4.6	64.1
32.0	14.2	88.7	94.6	21.9	60.7	9.0	48.7	93.0	47.4	55.1	80.7	46.7	47.3	29.0	15.5	43.3	10.7	92.3	55.2
88.5	85.9	26.9	34.2	48.4	95.6	74.7	6.2	54.7	98.3	10.5	92.2	67.0	1.2	67.3	56.8	74.7	58.7	17.3	31.7
81.7	39.7	92.0	90.8	15.0	93.5	33.6	59.9	56.8	32.3	97.0	97.5	42.3	21.3	38.4	34.3	79.6	90.0	47.5	11.2
55.5	43.7	88.3	35.0	64.3	97.0	82.9	22.2	76.1	36.5	48.8	76.2	14.7	82.5	75.6	85.7	54.9	53.1	98.3	82.2
94.7	98.2	96.8	80.3	55.0	73.2	34.4	71.5	48.2	41.1	90.4	56.8	55.5	93.8	42.1	8.9	39.7	5.4	2.9	53.1
46.9	68.3	92.6	7.4	99.6	52.2	48.0	88.3	93.1	8.8	65.8	48.0	93.3	0.4	0.2	40.1	78.5	92.4	88.3	7.0
69.1	41.2	16.7	48.7	50.0	84.8	28.9	15.0	35.8	7.4	87.4	29.9	74.4	83.4	38.9	32.1	79.5	27.7	12.3	17.1
16.3	11.4	40.4	22.0	88.2	54.4	39.1	0.7	41.4	91.3	46.0	58.5	63.7	40.3	86.3	97.5	97.6	38.5	32.5	91.2
62.7	69.3	61.1	30.1	58.5	67.6	25.4	44.0	87.5	52.9	56.0	66.7	30.3	85.3	45.5	0.3	7.6	87.4	8.8	54.3
59.0	2.5	65.5	49.4	25.7	79.8	96.1	67.7	88.4	57.1	19.2	87.5	71.4	63.6	14.5	76.6	83.7	65.3	27.8	33.3
76.4	44.8	7.3	1.2	44.9	33.6	29.2	28.6	53.5	23.8	56.7	52.6	32.0	50.2	13.6	0.0	10.4	74.3	17.1	22.0
98.0	21.2	84.6	20.4	96.0	24.9	1.4	51.2	9.1	23.1	64.8	11.3	64.8	80.3	12.9	84.9	53.2	99.1	78.5	1.1
98.9	42.4	37.4	90.9	38.0	93.8	50.3	69.7	81.1	90.1	28.3	95.2	64.9	51.6	4.8	39.9	13.8	35.8	71.0	35.4
59.0	62.8	98.7	98.3	89.2	21.6	7.4	48.9	62.2	44.2	71.8	94.4	66.3	76.4	56.8	27.2	0.8	77.8	82.9	63.9
59.2	68.0	65.1	87.7	57.6	79.8	15.3	36.9	38.2	9.4	43.1	29.0	87.1	5.2	73.9	31.4	17.8	49.7	20.7	20.8
41.3	62.2	70.4	19.5	42.0	71.4	55.2	7.0	98.2	11.0	80.6	1.8	73.5	56.4	51.0	20.8	60.1	28.2	65.5	83.0
24.7	48.9	86.2	37.6	94.4	63.7	8.7	40.8	67.5	41.6	47.4	71.8	4.7	95.1	34.2	14.3	88.5	80.3	47.5	89.8
13.8	61.4	48.2	74.1	42.3	67.5	32.5	44.7	50.1	43.8	54.3	48.4	95.7	84.0	9.9	55.3	38.7	31.8	48.3	20.0
66.6	49.7	40.7	52.8	32.9	20.5	45.2	29.0	72.2	52.1	61.8	27.2	30.4	98.7	80.5	99.2	33.4	36.2	79.7	42.0
38.8	0.1	14.0	67.6	90.9	23.1	95.6	1.5	48.4	99.4	54.8	26.8	89.1	49.8	41.6	65.0	14.4	29.1	74.2	25.3
94.7	82.9	22.7	95.2	80.8	35.3	95.3	19.4	90.8	73.8	9.2	35.0	59.0	37.5	89.7	65.5	94.9	6.6	33.9	92.6
44.8	72.0	74.1	19.3	48.0	64.5	60.1	87.1	47.6	96.9	69.2	64.4	79.4	79.7	78.7	65.4	22.4	52.6	58.0	94.5
24.6	86.8	96.9	10.3	60.2	44.2	83.3	11.3	13.7	18.1	95.5	83.5	67.9	86.7	14.0	81.1	98.5	37.0	71.4	73.6
3.2	15.7	34.4	46.8	55.6	96.7	79.5	54.0	48.1	21.8	99.0	97.8	83.6	39.8	55.5	7.0	52.6	44.8	5.3	25.6
62.2	45.9	23.0	62.0	32.8	3.7	15.8	21.2	32.1	7.9	10.0	6.6	39.1	30.0	65.0	19.3	51.6	1.0	72.1	85.9
23.1	38.7	59.6	95.8	52.4	46.9	24.0	89.0	63.6	37.8	8.5	91.7	91.4	39.1	44.2	17.1	3.8	78.0	75.4	70.0
53.8	44.2	8.1	53.5	77.5	92.2	0.1	45.9	86.8	81.6	73.5	46.2	24.9	7.6	14.2	69.6	32.3	36.5	56.3	53.0
6.0	38.2	49.3	73.6	18.7	8.8	40.6	74.1	1.0	21.2	41.1	5.4	69.5	17.9	89.5	90.8	64.0	25.2	62.7	97.9
30.8	24.3	31.1	13.7	10.6	28.1	88.4	50.4	13.6	57.1	69.7	55.5	91.6	99.6	31.7	11.1	35.4	37.9	69.7	92.7
82.7	79.1	44.0	31.4	60.7	81.1	27.0	62.1	61.3	31.1	87.1	66.8	49.2	33.5	6.0	30.3	21.3	54.3	80.0	59.9
22.8	78.1	69.8	76.7	65.5	49.4	73.8	83.9	20.1	59.8	12.5	38.0	73.0	39.3	71.0	65.4	33.3	29.7	89.2	95.9
22.6	71.3	87.1	55.7	64.0	75.8	39.5	91.9	96.7	33.1	84.6	42.0	85.1	33.2	78.1	2.4	38.4	53.3	0.8	62.7
37.2	30.7	0.9	12.5	92.4	21.1	95.2	87.6	96.4	57.1	87.9	85.2	68.0	86.1	83.2	98.6	29.2	78.2	6.0	78.2
14.8	37.8	44.5	5.8	73.5	42.5	6.7	77.1	35.3	53.2	19.7	45.4	72.8	2.6	12.1	84.4	20.1	16.8	52.7	36.3
75.7	95.9	69.6	57.1	91.2	98.4	25.9	46.1	6.5	38.7	52.1	54.9	25.3	80.9	24.0	9.3	74.3	18.2	17.2	14.2
41.2	27.1	28.9	53.3	97.6	61.4	4.4	22.8	61.8	62.8	60.5	78.7	90.7	2.2	84.5	46.2	19.9	27.3	49.9	99.5
95.6	11.8	76.1	60.6	96.2	83.6	38.6	84.4	51.5	54.5	39.9	83.3	64.2	50.8	81.3	33.3	24.8	29.7	26.2	86.9
20.6	54.4	38.3	5.0	64.4	51.3	65.1	70.7	51.1	40.3	25.7	54.2	51.4	94.9	39.0	13.4	54.2	94.5	35.4	61.8
46.8	85.5	3.3	13.7	70.1	58.2	70.6	4.5	92.5	49.5	62.0	99.0	24.4	58.3	71.2	60.2	47.5	26.3	18.3	15.2
35.8	28.3	31.3	79.8	46.2	18.4	77.3	95.4	2.8	61.9	6.6	77.9	58.8	98.7	62.2	0.2	67.0	3.8	52.1	92.8
95.9	25.1	62.6	33.9	47.8	34.2	63.9	16.7	51.8	12.3	37.9	0.3	93.4	1.8	4.5	28.1	53.1	93.9	53.3	46.4
40.2	48.2	83.5	8.3	45.2	78.0	99.5	93.6	79.5	98.4	61.6	80.1	47.3	5.8	51.5	40.1	49.3	32.1	10.4	65.3
73.9	92.3	65.6	46.0	24.9	96.7	91.5	36.0	77.4	79.9	27.2	13.7	7.3	27.3	85.0	55.4	78.6	96.2	4.9	97.1
99.2	54.1	94.0	9.6	52.7	48.0	24.4	42.4	78.5	90.5	33.4	47.1	91.4	73.3	39.2	41.3	20.2	26.5	26.0	16.0
16.5	92.4	84.2	90.6	27.4	98.9	18.8	57.4	2.8	48.4	13.0	34.7	73.0	87.3	81.9	72.9	92.5	59.7	12.4	61.4
74.1	26.4	27.3	59.4	11.0	24.4	60.0	17.2	85.0	89.5	49.9	21.3	46.6	61.7	90.9	79.8	63.9	75.1	53.1	74.4
15.4	24.3	81.8	36.4	75.0	23.7	48.5	27.8	51.0	96.1	16.4	94.4	74.3	7.6	45.4	92.9	23.0	86.5	61.7	53.8
64.3	66.7	40.6	55.2	84.7	33.6	51.4	31.6	23.1	79.2	23.3	39.0	52.7	0.3	56.6	30.7	49.4	80.6	93.1	83.2
13.7	71.0	58.5	4.8	29.2	83.8	71.2	4.5	57.2	20.2	1.4	72.5	5.7	31.0	39.9	51.1	57.6	73.8	37.1	58.4
12.5	31.3	51.2	11.9	4.8	64.6	68.5	16.4	29.2	94.0	1.4	64.2	58.7	15.6	88.0	36.1	84.4	63.2	96.5	60.9
96.7	14.9	63.0	59.4	30.6	63.9	67.3	35.7	45.9	45.2	37.6	37.4	28.7	47.2	13.9	90.7	5.0	24.0	14.7	57.9
8.5	6.5	63.7	91.1	63.0	7.2	10.2	12.8	99.0	71.7	61.0	56.4	92.3	31.8	1.6	57.8	19.9	6.9	43.0	45.3
51.0	62.8	14.8	50.8	85.2	63.6	35.4	5.2	1.1	68.6	68.5	44.3	88.7	96.2	59.9	56.2	57.0	0.0	7.7	51.3
15.1	61.2	43.3	39.4	46.8	68.1	82.1	15.2	94.2	88.0	30.3	57.0	71.5	96.7	95.1	0.0	93.5	92.2	81.6	60.2
3.3	93.8	37.8	7.0	92.6	32.9	22.4	79.6	31.5	59.3	30.5	39.8	48.9	44.0	6.4	20.5	61.0	0.8	64.6	52.4
74.4	34.7	62.7	86.9	38.5	77.1	99.6	54.8	7.2	12.3	66.6	85.1	35.7	23.3	46.0	40.7	45.5	96.9	19.1	21.3
36.0	36.1	83.2	6.7	20.0	90.7	98.7	13.9	27.0	9.8	36.8	49.4	76.9	14.5	1.6	88.2	42.3	60.7	75.5	24.1
70.0	66.8	98.7	71.0	82.1	85.8	7.0	98.2	31.9	82.1	14.0	90.9	77.9	58.6	63.6	29.2	17.3	59.8	14.3	83.0
78.0	26.8	60.3	93.7	44.6	2.0	91.2	78.7	61.6	96.6	65.1	17.1	93.1	91.8	4.5	77.1	71.4	19.1	57.7	65.1
44.2	97.4	34.4	23.3	80.9	58.5	0.5	66.3	76.0	9.6	16.3	57.8	90.5	74.2	27.6	50.8	29.9	16.2	25.3	92.8
53.1	39.1	0.4	42.1	91.2	95.7	23.6	23.4	93.2	18.1	49.8	63.9	39.7	55.9	24.0	45.2	14.1	88.4	75.8	72.4
95.3	20.8	68.1	72.9	70.4	63.5	74.6	84.8	45.2	16.1	84.6	28.1	74.3	97.9	50.8	15.0	96.4	10.6	84.9	52.7
43.9	65.0	76.8	86.2	40.1	39.7	73.4	69.4	75.7	18.4	13.2	18.6	87.7	37.9	85.6	78.7	21.6	19.0	51.1	31.3
84.2	7.4	64.1	48.0	55.4	93.6	57.2	43.7	70.6	81.0	44.1	59.2	55.1	66.6	22.4	72.4	97.0	50.2	75.1	7.1
67.2	29.8	14.4	2.9	46.1	91.5	84.5	25.2	17.2	23.8	72.9	69.4	71.2	29.0	35.9	60.1	21.0	23.4	60.2	15.7
33.0	17.9	43.7	14.8	41.1	89.7	87.0	43.8	80.9	34.8	36.2	81.3	26.8	40.7	50.9	96.1	77.9	1.8	51.8	43.7
25.9	2.2	50.3	58.0	36.5	24.0	62.5	8.8	73.5	9.2	97.5	89.6	71.3	6.9	50.4	36.4	72.0	14.1	23.2	75.0
67.8	69.0	85.8	34.1	35.8	80.5	13.2	40.0	68.3	21.1	45.0	45.1	79.8	79.8	63.6	76.3	33.7	49.5	49.0	45.5
37.3	7.8	20.5	24.2	4.8	90.3	83.1	4.4	45.8	95.4	87.5	74.2	73.9	58.8	5.7	95.9	23.2	2.9	42.3	70.6
41.8	9.9	83.3	88.9	0.1	75.2	38.9	46.9	16.0	53.8	2.7	34.2	46.3	0.2	49.2	43.4	36.5	27.3	88.7	31.8
15.1	50.7	97.2	87.1	72.1	11.9	54.7	6.8	20.8	13.9	66.6	27.2	15.5	47.1	84.4	37.7	75.7	29.1	59.6	32.7
84.3	31.7	3.2	86.7	68.8	76.7	22.0	5.3	55.1	54.0	43.9	89.6	53.4	29.5	43.7	9.5	7.3	19.8	53.5	94.7
75.8	88.2	96.5	83.9	43.1	89.6	76.9	50.0	81.1	16.3	1.6	9.7	8.4	82.1	88.2	56.0	87.7	9.1	79.1	1.2
17.5	92.5	87.2	62.6	96.6	32.0	58.0	0.1	54.6	50.3	66.3	51.2	47.6	99.9	81.2	24.6	69.3	85.3	63.4	0.9
31.2	10.6	79.7	61.0	26.8	84.1	22.0	22.7	84.4	31.3	76.8	93.1	55.9	65.9	25.5	96.8	59.7	78.9	14.4	60.2
48.0	69.5	18.3	42.5	4.4	37.7	89.8	92.5	32.4	61.4	20.1	5.9	67.6	52.4	68.4	42.3	15.0	79.5	98.2	82.3
72.8	35.7	12.7	7.6	21.3	73.5	54.5	1.9	63.0	42.9	12.9	65.4	16.3	42.4	46.7	24.8	88.3	35.4	17.0	2.9
69.9	4.5	66.3	7.8	62.8	33.8	35.8	28.4	70.4	87.6	0.6	72.3	72.1	3.5	67.4	30.3	82.2	87.1	56.3	13.9
93.9	36.9	5.0	30.0	88.5	99.1	62.4	57.3	6.0	85.2	51.8	55.4	37.6	51.0	37.4	52.6	34.6	48.9	21.4	26.7
94.8	65.0	82.3	1.1	35.4	44.9	6.0	75.6	81.2	55.6	10.9	0.5	57.1	23.8	66.4	87.1	42.0	6.4	46.7	31.8
88.1	12.2	45.7	65.9	19.3	23.4	31.6	53.2	98.3	0.1	3.6	80.9	16.3	87.5	76.4	71.3	90.8	62.4	34.6	89.0
12.8	19.2	41.8	41.5	82.6	45.8	11.8	66.1	52.5	35.2	60.7	97.5	97.1	69.6	89.7	1.1	20.2	41.3	13.0	6.3
33.0	56.1	55.6	17.9	86.7	73.7	82.6	56.0	86.9	68.1	86.1	6.1	20.9	27.3	45.3	40.3	47.9	55.4	16.5	12.1
63.8	0.3	17.9	65.0	81.8	91.8	86.2	26.5	24.6	84.0	67.1	89.5	0.4	32.4	28.6	69.0	8.4	23.8	47.6	55.0
27.0	50.3	88.0	50.6	89.2	89.5	68.2	19.2	79.9	49.9	18.9	32.6	6.9	82.0	1.9	49.4	20.9	20.3	98.7	33.3
24.7	62.4	57.2	71.9	84.6	91.8	69.2	16.4	60.5	83.3	48.0	81.4	10.5	1.3	38.0	51.0	3.4	50.2	31.5	44.2
48.5	87.9	41.6	25.1	98.1	22.4	6.9	36.9	77.4	69.7	88.8	1.7	69.9	70.6	51.2	9.8	53.0	35.8	16.8	27.2
62.7	87.4	53.0	9.8	0.7	25.3	7.4	40.4	28.9	5.2	49.0	83.3	3.9	58.3	77.9	16.8	31.1	70.4	37.3	97.5
32.3	87.5	61.1	46.3	10.2	68.2	8.9	87.3	9.6	51.7	61.1	57.7	26.5	53.6	92.1	22.4	94.2	30.9	80.5	99.8
85.5	51.2	35.1	80.9	87.7	50.3	89.1	77.6	17.6	1.0	56.0	87.0	21.2	2.0	59.9	48.2	59.4	63.6	25.3	74.2
30.3	49.5	3.5	57.3	40.0	27.7	16.7	54.4	79.6	27.7	97.9	86.3	76.1	15.1	16.1	27.9	79.6	64.2	74.7	7.3
62.3	69.6	98.3	89.4	4.4	57.7	57.9	85.9	74.1	8.4	27.6	57.6	69.1	69.4	43.9	72.4	27.7	55.2	42.0	25.1
3.9	67.0	78.5	27.4	8.4	75.8	24.2	78.9	46.9	41.3	40.0	23.6	75.6	50.2	64.3	37.8	42.1	74.0	75.8	62.1
33.4	56.9	71.7	54.6	85.5	22.8	9.6	66.7	72.9	85.4	35.1	22.2	61.1	82.4	11.5	95.5	15.5	88.3	0.5	74.7
56.0	72.2	10.3	73.0	59.0	39.5	13.3	13.3	91.1	99.7	28.9	67.0	41.9	0.9	0.0	3.1	80.2	71.2	56.2	63.4
78.2	54.3	60.1	93.5	96.1	74.5	1.8	7.6	78.9	15.5	6.2	39.8	25.1	28.3	24.7	22.0	3.3	57.2	85.8	78.5
72.5	91.2	35.7	55.6	59.4	20.2	95.6	56.5	69.0	5.8	37.6	51.1	37.9	45.9	85.7	26.7	78.3	55.0	30.5	25.1
8.0	99.1	72.9	95.5	47.7	27.8	14.7	21.8	88.4	14.5	1.5	59.7	47.0	5.7	64.0	78.4	98.1	28.9	57.4	57.5
94.4	46.1	39.6	10.2	63.2	92.6	33.9	86.5	41.9	98.9	71.6	57.1	82.8	21.8	77.6	99.6	2.0	69.1	24.8	57.8
36.5	61.4	36.2	99.1	89.5	10.7	17.1	20.3	28.4	45.9	7.2	3.9	47.2	76.2	94.9	99.6	13.9	71.1	86.3	34.0
65.2	42.2	35.0	4.4	83.0	21.3	83.4	4.8	22.7	11.9	48.8	19.4	91.8	63.5	29.5	62.3	50.8	34.9	17.2	5.5
7.0	27.2	2.0	11.0	75.7	88.1	70.6	17.4	24.5	95.5	10.9	81.9	59.5	76.2	91.7	58.3	45.1	57.9	18.1	70.9
55.6	44.6	71.7	44.9	26.1	25.0	37.5	78.1	51.8	38.2	20.9	18.3	28.4	93.7	3.5	26.3	35.3	67.5	87.5	26.3
60.1	71.9	74.9	57.7	67.9	36.5	30.7	61.3	18.0	54.6	1.9	89.1	47.1	24.9	21.6	35.7	74.8	30.2	70.8	100.0
96.5	44.4	7.6	50.0	62.2	35.5	65.1	11.8	26.1	39.9	25.1	45.0	55.8	76.2	26.2	96.6	14.3	70.0	59.8	28.4
57.7	7.7	0.1	67.0	5.1	23.4	2.0	60.2	90.0	54.5	4.3	24.4	19.2	89.8	74.8	35.4	99.4	94.9	8.0	2.9
73.8	8.5	34.8	15.4	60.2	81.3	1.1	56.3	91.7	5.8	6.2	0.4	12.2	39.2	92.5	73.3	1.0	86.8	63.4	27.3
84.3	67.5	89.8	91.6	97.2	2.3	23.5	4.0	95.6	55.0	41.1	88.0	27.3	11.8	84.2	83.7	82.5	49.1	15.5	91.5
50.9	3.0	44.3	69.1	88.2	58.5	2.0	54.9	79.6	96.9	69.8	68.0	12.3	13.7	38.0	59.7	42.6	81.4	60.7	61.3
6.1	51.2	36.6	99.5	75.0	71.6	97.6	55.6	61.1	60.4	35.5	77.3	13.8	20.5	51.5	23.0	28.5	13.2	53.9	26.0
11.0	26.2	14.1	44.6	10.6	79.4	38.8	19.4	45.5	69.8	27.1	63.4	17.5	70.5	61.7	70.9	85.2	76.3	18.3	63.8
25.4	80.4	78.7	81.5	44.3	74.0	37.6	17.1	17.7	53.3	32.4	54.4	95.9	70.6	2.7	19.0	17.0	15.2	40.4	72.4
20.6	40.5	91.0	60.5	32.1	92.0	61.4	30.7	31.1	43.1	44.7	26.3	52.5	67.3	46.4	60.3	27.8	64.1	17.1	29.6
26.6	2.0	58.3	71.1	73.5	78.4	29.6	47.3	95.5	8.6	75.9	9.9	82.2	2.5	4.2	2.2	98.4	5.4	33.4	47.4
31.5	89.6	16.7	71.1	63.1	35.9	54.9	31.2	54.6	34.1	9.8	77.1	61.2	91.0	16.4	52.1	19.4	51.3	51.2	80.6
7.6	70.8	77.9	88.6	42.7	57.2	43.8	11.4	18.4	11.8	61.3	4.2	12.5	76.2	73.1	34.5	80.2	40.0	61.3	23.7
14.6	2.9	35.2	15.4	10.9	5.9	75.9	91.0	75.2	18.3	94.3	48.4	42.0	45.9	91.1	0.8	42.2	51.7	18.0	67.1
56.5	92.4	55.2	93.2	18.9	60.8	90.6	96.1	22.8	66.7	95.1	90.8	92.3	93.2	94.9	9.9	21.6	60.9	54.2	46.7
1	2	3	4	5	6	7	8	9	10	11	12	13	14	15	16	17	18	19	20
1	2	3	4	5	6	7	8	9	10	11	12	13	14	15	16	17	18	19	20
1	2	3	4	5	6	7	8	9	10	11	12	13	14	15	16	17	18	19	20
1	2	3	4	5	6	7	8	9	10	11	12	13	14	15	16	17	18	19	20
1	2	3	4	5	6	7	8	9	10	11	12	13	14	15	16	17	18	19	20
1	2	3	4	5	6	7	8	9	10	11	12	13	14	15	16	17	18	19	20
1	2	3	4	5	6	7	8	9	10	11	12	13	14	15	16	17	18	19	20
1	2	3	4	5	6	7	8	9	10	11	12	13	14	15	16	17	18	19	20
1	2	3	4	5	6	7	8	9	10	11	12	13	14	15	16	17	18	19	20
1	2	3	4	5	6	7	8	9	10	11	12	13	14	15	16	17	18	19	20
1	2	3	4	5	6	7	8	9	10	11	12	13	14	15	16	17	18	19	20
1	2	3	4	5	6	7	8	9	10	11	12	13	14	15	16	17	18	19	20
1	2	3	4	5	6	7	8	9	10	11	12	13	14	15	16	17	18	19	20
1	2	3	4	5	6	7	8	9	10	11	12	13	14	15	16	17	18	19	20
1	2	3	4	5	6	7	8	9	10	11	12	13	14	15	16	17	18	19	20
1	2	3	4	5	6	7	8	9	10	11	12	13	14	15	16	17	18	19	20
1	2	3	4	5	6	7	8	9	10	11	12	13	14	15	16	17	18	19	20
1	2	3	4	5	6	7	8	9	10	11	12	13	14	15	16	17	18	19	20
1	2	3	4	5	6	7	8	9	10	11	12	13	14	15	16	17	18	19	20
1	2	3	4	5	6	7	8	9	10	11	12	13	14	15	16	17	18	19	20
1	2	3	4	5	6	7	8	9	10	11	12	13	14	15	16	17	18	19	20
1	2	3	4	5	6	7	8	9	10	11	12	13	14	15	16	17	18	19	20
1	2	3	4	5	6	7	8	9	10	11	12	13	14	15	16	17	18	19	20
1	2	3	4	5	6	7	8	9	10	11	12	13	14	15	16	17	18	19	20
1	2	3	4	5	6	7	8	9	10	11	12	13	14	15	16	17	18	19	20
1	2	3	4	5	6	7	8	9	10	11	12	13	14	15	16	17	18	19	20
1	2	3	4	5	6	7	8	9	10	11	12	13	14	15	16	17	18	19	20
1	2	3	4	5	6	7	8	9	10	11	12	13	14	15	16	17	18	19	20
1	2	3	4	5	6	7	8	9	10	11	12	13	14	15	16	17	18	19	20
1	2	3	4	5	6	7	8	9	10	11	12	13	14	15	16	17	18	19	20
1	2	3	4	5	6	7	8	9	10	11	12	13	14	15	16	17	18	19	20
1	2	3	4	5	6	7	8	9	10	11	12	13	14	15	16	17	18	19	20
1	2	3	4	5	6	7	8	9	10	11	12	13	14	15	16	17	18	19	20
1	2	3	4	5	6	7	8	9	10	11	12	13	14	15	16	17	18	19	20
1	2	3	4	5	6	7	8	9	10	11	12	13	14	15	16	17	18	19	20
1	2	3	4	5	6	7	8	9	10	11	12	13	14	15	16	17	18	19	20
1	2	3	4	5	6	7	8	9	10	11	12	13	14	15	16	17	18	19	20
1	2	3	4	5	6	7	8	9	10	11	12	13	14	15	16	17	18	19	20
1	2	3	4	5	6	7	8	9	10	11	12	13	14	15	16	17	18	19	20
1	2	3	4	5	6	7	8	9	10	11	12	13	14	15	16	17	18	19	20
1	2	3	4	5	6	7	8	9	10	11	12	13	14	15	16	17	18	19	20
1	2	3	4	5	6	7	8	9	10	11	12	13	14	15	16	17	18	19	20
1	2	3	4	5	6	7	8	9	10	11	12	13	14	15	16	17	18	19	20
1	2	3	4	5	6	7	8	9	10	11	12	13	14	15	16	17	18	19	20
1	2	3	4	5	6	7	8	9	10	11	12	13	14	15	16	17	18	19	20
1	2	3	4	5	6	7	8	9	10	11	12	13	14	15	16	17	18	19	20
1	2	3	4	5	6	7	8	9	10	11	12	13	14	15	16	17	18	19	20
1	2	3	4	5	6	7	8	9	10	11	12	13	14	15	16	17	18	19	20
1	2	3	4	5	6	7	8	9	10	11	12	13	14	15	16	17	18	19	20
1	2	3	4	5	6	7	8	9	10	11	12	13	14	15	16	17	18	19	20
1	2	3	4	5	6	7	8	9	10	11	12	13	14	15	16	17	18	19	20
1	2	3	4	5	6	7	8	9	10	11	12	13	14	15	16	17	18	19	20
1	2	3	4	5	6	7	8	9	10	11	12	13	14	15	16	17	18	19	20
1	2	3	4	5	6	7	8	9	10	11	12	13	14	15	16	17	18	19	20
1	2	3	4	5	6	7	8	9	10	11	12	13	14	15	16	17	18	19	20
1	2	3	4	5	6	7	8	9	10	11	12	13	14	15	16	17	18	19	20
1	2	3	4	5	6	7	8	9	10	11	12	13	14	15	16	17	18	19	20
1	2	3	4	5	6	7	8	9	10	11	12	13	14	15	16	17	18	19	20
1	2	3	4	5	6	7	8	9	10	11	12	13	14	15	16	17	18	19	20
1	2	3	4	5	6	7	8	9	10	11	12	13	14	15	16	17	18	19	20
1	2	3	4	5	6	7	8	9	10	11	12	13	14	15	16	17	18	19	20
1	2	3	4	5	6	7	8	9	10	11	12	13	14	15	16	17	18	19	20
1	2	3	4	5	6	7	8	9	10	11	12	13	14	15	16	17	18	19	20
1	2	3	4	5	6	7	8	9	10	11	12	13	14	15	16	17	18	19	20
1	2	3	4	5	6	7	8	9	10	11	12	13	14	15	16	17	18	19	20
1	2	3	4	5	6	7	8	9	10	11	12	13	14	15	16	17	18	19	20
1	2	3	4	5	6	7	8	9	10	11	12	13	14	15	16	17	18	19	20
1	2	3	4	5	6	7	8	9	10	11	12	13	14	15	16	17	18	19	20
1	2	3	4	5	6	7	8	9	10	11	12	13	14	15	16	17	18	19	20
1	2	3	4	5	6	7	8	9	10	11	12	13	14	15	16	17	18	19	20
1	2	3	4	5	6	7	8	9	10	11	12	13	14	15	16	17	18	19	20
1	2	3	4	5	6	7	8	9	10	11	12	13	14	15	16	17	18	19	20
1	2	3	4	5	6	7	8	9	10	11	12	13	14	15	16	17	18	19	20
1	2	3	4	5	6	7	8	9	10	11	12	13	14	15	16	17	18	19	20
1	2	3	4	5	6	7	8	9	10	11	12	13	14	15	16	17	18	19	20
1	2	3	4	5	6	7	8	9	10	11	12	13	14	15	16	17	18	19	20
1	2	3	4	5	6	7	8	9	10	11	12	13	14	15	16	17	18	19	20
1	2	3	4	5	6	7	8	9	10	11	12	13	14	15	16	17	18	19	20
1	2	3	4	5	6	7	8	9	10	11	12	13	14	15	16	17	18	19	20
1	2	3	4	5	6	7	8	9	10	11	12	13	14	15	16	17	18	19	20
1	2	3	4	5	6	7	8	9	10	11	12	13	14	15	16	17	18	19	20
1	2	3	4	5	6	7	8	9	10	11	12	13	14	15	16	17	18	19	20
1	2	3	4	5	6	7	8	9	10	11	12	13	14	15	16	17	18	19	20
1	2	3	4	5	6	7	8	9	10	11	12	13	14	15	16	17	18	19	20
1	2	3	4	5	6	7	8	9	10	11	12	13	14	15	16	17	18	19	20
1	2	3	4	5	6	7	8	9	10	11	12	13	14	15	16	17	18	19	20
1	2	3	4	5	6	7	8	9	10	11	12	13	14	15	16	17	18	19	20
1	2	3	4	5	6	7	8	9	10	11	12	13	14	15	16	17	18	19	20
1	2	3	4	5	6	7	8	9	10	11	12	13	14	15	16	17	18	19	20
1	2	3	4	5	6	7	8	9	10	11	12	13	14	15	16	17	18	19	20
1	2	3	4	5	6	7	8	9	10	11	12	13	14	15	16	17	18	19	20
1	2	3	4	5	6	7	8	9	10	11	12	13	14	15	16	17	18	19	20
1	2	3	4	5	6	7	8	9	10	11	12	13	14	15	16	17	18	19	20
1	2	3	4	5	6	7	8	9	10	11	12	13	14	15	16	17	18	19	20
1	2	3	4	5	6	7	8	9	10	11	12	13	14	15	16	17	18	19	20
1	2	3	4	5	6	7	8	9	10	11	12	13	14	15	16	17	18	19	20
1	2	3	4	5	6	7	8	9	10	11	12	13	14	15	16	17	18	19	20
1	2	3	4	5	6	7	8	9	10	11	12	13	14	15	16	17	18	19	20
1	2	3	4	5	6	7	8	9	10	11	12	13	14	15	16	17	18	19	20
1	2	3	4	5	6	7	8	9	10	11	12	13	14	15	16	17	18	19	20
1	2	3	4	5	6	7	8	9	10	11	12	13	14	15	16	17	18	19	20
1	2	3	4	5	6	7	8	9	10	11	12	13	14	15	16	17	18	19	20
1	2	3	4	5	6	7	8	9	10	11	12	13	14	15	16	17	18	19	20
1	2	3	4	5	6	7	8	9	10	11	12	13	14	15	16	17	18	19	20
1	2	3	4	5	6	7	8	9	10	11	12	13	14	15	16	17	18	19	20
1	2	3	4	5	6	7	8	9	10	11	12	13	14	15	16	17	18	19	20
1	2	3	4	5	6	7	8	9	10	11	12	13	14	15	16	17	18	19	20
1	2	3	4	5	6	7	8	9	10	11	12	13	14	15	16	17	18	19	20
1	2	3	4	5	6	7	8	9	10	11	12	13	14	15	16	17	18	19	20
1	2	3	4	5	6	7	8	9	10	11	12	13	14	15	16	17	18	19	20
1	2	3	4	5	6	7	8	9	10	11	12	13	14	15	16	17	18	19	20
1	2	3	4	5	6	7	8	9	10	11	12	13	14	15	16	17	18	19	20
1	2	3	4	5	6	7	8	9	10	11	12	13	14	15	16	17	18	19	20
1	2	3	4	5	6	7	8	9	10	11	12	13	14	15	16	17	18	19	20
1	2	3	4	5	6	7	8	9	10	11	12	13	14	15	16	17	18	19	20
1	2	3	4	5	6	7	8	9	10	11	12	13	14	15	16	17	18	19	20
1	2	3	4	5	6	7	8	9	10	11	12	13	14	15	16	17	18	19	20
1	2	3	4	5	6	7	8	9	10	11	12	13	14	15	16	17	18	19	20
1	2	3	4	5	6	7	8	9	10	11	12	13	14	15	16	17	18	19	20
1	2	3	4	5	6	7	8	9	10	11	12	13	14	15	16	17	18	19	20
1	2	3	4	5	6	7	8	9	10	11	12	13	14	15	16	17	18	19	20
1	2	3	4	5	6	7	8	9	10	11	12	13	14	15	16	17	18	19	20
1	2	3	4	5	6	7	8	9	10	11	12	13	14	15	16	17	18	19	20
1	2	3	4	5	6	7	8	9	10	11	12	13	14	15	16	17	18	19	20
1	2	3	4	5	6	7	8	9	10	11	12	13	14	15	16	17	18	19	20
1	2	3	4	5	6	7	8	9	10	11	12	13	14	15	16	17	18	19	20
1	2	3	4	5	6	7	8	9	10	11	12	13	14	15	16	17	18	19	20
1	2	3	4	5	6	7	8	9	10	11	12	13	14	15	16	17	18	19	20
1	2	3	4	5	6	7	8	9	10	11	12	13	14	15	16	17	18	19	20
1	2	3	4	5	6	7	8	9	10	11	12	13	14	15	16	17	18	19	20
1	2	3	4	5	6	7	8	9	10	11	12	13	14	15	16	17	18	19	20
1	2	3	4	5	6	7	8	9	10	11	12	13	14	15	16	17	18	19	20
1	2	3	4	5	6	7	8	9	10	11	12	13	14	15	16	17	18	19	20
1	2	3	4	5	6	7	8	9	10	11	12	13	14	15	16	17	18	19	20
1	2	3	4	5	6	7	8	9	10	11	12	13	14	15	16	17	18	19	20
1	2	3	4	5	6	7	8	9	10	11	12	13	14	15	16	17	18	19	20
1	2	3	4	5	6	7	8	9	10	11	12	13	14	15	16	17	18	19	20
1	2	3	4	5	6	7	8	9	10	11	12	13	14	15	16	17	18	19	20
1	2	3	4	5	6	7	8	9	10	11	12	13	14	15	16	17	18	19	20
1	2	3	4	5	6	7	8	9	10	11	12	13	14	15	16	17	18	19	20
1	2	3	4	5	6	7	8	9	10	11	12	13	14	15	16	17	18	19	20
1	2	3	4	5	6	7	8	9	10	11	12	13	14	15	16	17	18	19	20
1	2	3	4	5	6	7	8	9	10	11	12	13	14	15	16	17	18	19	20
1	2	3	4	5	6	7	8	9	10	11	12	13	14	15	16	17	18	19	20
1	2	3	4	5	6	7	8	9	10	11	12	13	14	15	16	17	18	19	20
1	2	3	4	5	6	7	8	9	10	11	12	13	14	15	16	17	18	19	20
1	2	3	4	5	6	7	8	9	10	11	12	13	14	15	16	17	18	19	20
1	2	3	4	5	6	7	8	9	10	11	12	13	14	15	16	17	18	19	20
1	2	3	4	5	6	7	8	9	10	11	12	13	14	15	16	17	18	19	20
1	2	3	4	5	6	7	8	9	10	11	12	13	14	15	16	17	18	19	20
1	2	3	4	5	6	7	8	9	10	11	12	13	14	15	16	17	18	19	20
1	2	3	4	5	6	7	8	9	10	11	12	13	14	15	16	17	18	19	20
1	2	3	4	5	6	7	8	9	10	11	12	13	14	15	16	17	18	19	20
1	2	3	4	5	6	7	8	9	10	11	12	13	14	15	16	17	18	19	20
1	2	3	4	5	6	7	8	9	10	11	12	13	14	15	16	17	18	19	20
1	2	3	4	5	6	7	8	9	10	11	12	13	14	15	16	17	18	19	20
1	2	3	4	5	6	7	8	9	10	11	12	13	14	15	16	17	18	19	20
1	2	3	4	5	6	7	8	9	10	11	12	13	14	15	16	17	18	19	20
1	2	3	4	5	6	7	8	9	10	11	12	13	14	15	16	17	18	19	20
1	2	3	4	5	6	7	8	9	10	11	12	13	14	15	16	17	18	19	20
1	2	3	4	5	6	7	8	9	10	11	12	13	14	15	16	17	18	19	20
1	2	3	4	5	6	7	8	9	10	11	12	13	14	15	16	17	18	19	20
1	2	3	4	5	6	7	8	9	10	11	12	13	14	15	16	17	18	19	20
1	2	3	4	5	6	7	8	9	10	11	12	13	14	15	16	17	18	19	20
1	2	3	4	5	6	7	8	9	10	11	12	13	14	15	16	17	18	19	20
1	2	3	4	5	6	7	8	9	10	11	12	13	14	15	16	17	18	19	20
1	2	3	4	5	6	7	8	9	10	11	12	13	14	15	16	17	18	19	20
1	2	3	4	5	6	7	8	9	10	11	12	13	14	15	16	17	18	19	20
1	2	3	4	5	6	7	8	9	10	11	12	13	14	15	16	17	18	19	20
1	2	3	4	5	6	7	8	9	10	11	12	13	14	15	16	17	18	19	20
1	2	3	4	5	6	7	8	9	10	11	12	13	14	15	16	17	18	19	20
1	2	3	4	5	6	7	8	9	10	11	12	13	14	15	16	17	18	19	20
1	2	3	4	5	6	7	8	9	10	11	12	13	14	15	16	17	18	19	20
1	2	3	4	5	6	7	8	9	10	11	12	13	14	15	16	17	18	19	20
1	2	3	4	5	6	7	8	9	10	11	12	13	14	15	16	17	18	19	20
1	2	3	4	5	6	7	8	9	10	11	12	13	14	15	16	17	18	19	20
1	2	3	4	5	6	7	8	9	10	11	12	13	14	15	16	17	18	19	20
1	2	3	4	5	6	7	8	9	10	11	12	13	14	15	16	17	18	19	20
1	2	3	4	5	6	7	8	9	10	11	12	13	14	15	16	17	18	19	20
1	2	3	4	5	6	7	8	9	10	11	12	13	14	15	16	17	18	19	20
1	2	3	4	5	6	7	8	9	10	11	12	13	14	15	16	17	18	19	20
1	2	3	4	5	6	7	8	9	10	11	12	13	14	15	16	17	18	19	20
1	2	3	4	5	6	7	8	9	10	11	12	13	14	15	16	17	18	19	20
1	2	3	4	5	6	7	8	9	10	11	12	13	14	15	16	17	18	19	20
1	2	3	4	5	6	7	8	9	10	11	12	13	14	15	16	17	18	19	20
1	2	3	4	5	6	7	8	9	10	11	12	13	14	15	16	17	18	19	20
1	2	3	4	5	6	7	8	9	10	11	12	13	14	15	16	17	18	19	20
1	2	3	4	5	6	7	8	9	10	11	12	13	14	15	16	17	18	19	20
1	2	3	4	5	6	7	8	9	10	11	12	13	14	15	16	17	18	19	20
1	2	3	4	5	6	7	8	9	10	11	12	13	14	15	16	17	18	19	20
1	2	3	4	5	6	7	8	9	10	11	12	13	14	15	16	17	18	19	20
1	2	3	4	5	6	7	8	9	10	11	12	13	14	15	16	17	18	19	20
1	2	3	4	5	6	7	8	9	10	11	12	13	14	15	16	17	18	19	20
1	2	3	4	5	6	7	8	9	10	11	12	13	14	15	16	17	18	19	20
1	2	3	4	5	6	7	8	9	10	11	12	13	14	15	16	17	18	19	20
1	2	3	4	5	6	7	8	9	10	11	12	13	14	15	16	17	18	19	20
1	2	3	4	5	6	7	8	9	10	11	12	13	14	15	16	17	18	19	20
1	2	3	4	5	6	7	8	9	10	11	12	13	14	15	16	17	18	19	20
1	2	3	4	5	6	7	8	9	10	11	12	13	14	15	16	17	18	19	20
1	2	3	4	5	6	7	8	9	10	11	12	13	14	15	16	17	18	19	20
