200	20
59.5	13.2	56.9	10.8	27.6	52.2	84.0	96.0	34.5	17.2	12.9	25.1	75.6	10.1	55.4	83.8	47.3	41.7	13.0	76.3
31.6	48.9	66.6	0.7	92.8	96.9	91.1	53.9	31.5	99.0	58.6	80.9	2.7	4.2	42.6	44.0	1.8	15.7	81.3	45.2
30.5	69.2	8.9	20.2	74.0	30.0	48.6	97.5	89.6	22.2	7.5	33.7	74.4	17.2	69.3	99.6	96.7	46.2	57.5	71.5
28.4	40.5	78.1	82.9	22.8	64.0	12.9	45.1	42.5	68.7	76.2	96.2	25.5	98.8	28.0	50.0	69.8	54.5	49.7	83.5
5.1	91.0	26.7	21.5	12.3	51.3	25.2	16.3	21.2	74.2	91.3	80.7	5.5	53.1	77.8	80.4	92.6	77.4	13.5	75.1
11.5	81.8	9.3	21.1	96.7	13.4	77.1	99.2	25.5	92.8	87.6	75.7	56.4	67.4	10.1	28.4	34.9	57.8	28.2	0.2
97.5	51.4	21.2	60.5	97.7	63.6	55.2	46.7	63.8	0.3	47.1	99.8	58.0	47.6	66.0	35.0	27.2	28.4	46.3	7.6
87.1	95.8	73.2	23.3	95.5	36.8	88.1	73.9	95.6	64.7	90.2	26.5	10.4	14.3	54.8	21.5	18.7	46.0	58.8	58.7
23.7	54.5	30.5	56.2	10.2	11.0	23.1	96.2	82.3	98.0	55.3	46.7	15.3	76.1	36.5	85.3	31.4	65.5	33.4	87.7
51.9	40.2	79.3	96.4	50.0	61.8	25.7	90.7	27.3	77.6	96.4	87.7	26.6	27.5	85.8	10.9	7.1	61.8	83.3	96.3
14.1	62.8	99.9	95.4	50.3	84.9	96.1	7.6	65.6	61.7	57.7	91.9	82.6	40.1	99.4	36.3	41.5	63.8	20.3	41.1
23.4	23.8	97.9	14.7	94.5	100.0	60.2	14.4	86.6	25.7	90.3	69.2	82.8	29.1	96.4	15.1	41.9	84.0	75.8	84.2
96.2	67.0	29.5	57.5	42.9	10.6	58.4	46.7	24.4	62.7	3.4	50.8	5.3	37.0	75.5	19.7	48.2	48.8	66.5	93.3
90.5	89.6	59.9	40.8	80.4	59.1	76.0	99.0	16.8	31.4	30.7	29.2	11.8	45.7	34.5	69.7	9.0	79.9	19.6	33.9
24.5	37.2	51.3	44.5	30.2	33.4	85.5	50.0	24.7	70.1	83.1	64.7	75.8	75.4	84.0	90.8	7.9	27.8	59.0	87.6
24.0	91.7	19.9	94.2	31.5	33.6	46.7	69.5	15.8	48.3	65.4	47.6	35.1	90.4	11.0	54.9	28.0	77.7	2.7	60.8
3.8	15.9	25.1	60.9	68.6	96.3	32.6	32.5	45.8	76.2	77.5	24.6	82.3	39.6	74.3	41.0	29.4	64.0	97.5	98.4
59.6	86.9	88.9	57.0	28.1	70.1	73.7	5.5	27.9	97.7	53.1	29.1	88.3	1.5	89.1	85.1	99.4	25.3	87.3	15.4
87.0	81.9	14.9	80.0	66.7	95.6	5.2	39.9	38.3	16.1	67.9	81.8	0.3	84.6	99.5	30.7	69.8	34.8	81.4	38.0
16.9	88.5	41.6	13.0	15.0	55.5	82.0	75.0	47.6	42.6	89.1	69.2	32.9	52.2	19.3	66.5	18.4	98.3	47.0	52.7
14.0	3.3	68.0	1.0	43.8	73.9	16.7	27.6	33.7	4.4	84.3	49.6	55.2	62.4	55.3	45.7	21.3	94.5	73.5	24.1
94.8	80.2	53.6	85.3	23.6	54.4	36.7	1.7	77.9	61.6	79.8	64.8	58.6	36.9	17.8	11.3	44.9	84.3	72.0	0.8
45.2	42.7	79.7	94.9	25.3	29.4	13.1	85.1	13.5	97.2	63.1	53.5	75.7	42.5	36.5	65.8	65.8	35.4	55.3	99.1
81.6	29.2	4.2	38.0	56.1	35.0	34.7	71.0	47.6	58.4	92.2	35.8	96.5	90.9	69.1	91.7	34.8	5.6	91.2	19.3
73.0	68.3	18.2	20.6	47.2	27.5	72.4	31.8	94.8	68.2	75.1	81.1	64.4	5.6	99.4	19.4	86.0	16.8	68.3	7.8
9.8	36.3	46.9	82.8	99.9	85.9	52.7	29.8	97.9	29.0	39.4	31.0	78.2	7.2	12.4	45.0	72.9	42.8	11.1	92.2
89.9	47.4	29.0	11.0	57.8	41.8	42.9	26.7	56.4	97.9	86.6	47.4	50.3	44.0	27.3	64.3	16.6	69.8	56.0	56.9
80.9	45.3	98.4	68.1	97.7	2.4	69.0	69.4	25.4	61.0	92.9	81.0	34.9	86.3	41.7	13.3	52.9	95.0	20.1	37.4
49.9	15.5	25.2	8.7	29.3	96.2	93.2	31.2	16.3	11.3	72.4	75.4	56.6	98.0	42.2	28.1	53.3	45.1	44.3	52.7
50.1	85.4	37.6	77.7	24.8	50.1	29.5	15.1	58.9	12.5	25.8	42.1	23.9	20.3	74.8	21.9	70.6	29.0	64.6	22.0
6.6	78.2	46.1	71.4	36.6	40.0	27.3	64.8	88.4	88.6	56.4	37.3	78.3	19.9	80.1	67.8	15.8	5.5	63.4	41.2
12.3	68.4	84.6	93.1	65.3	22.7	16.8	7.6	83.7	1.6	70.1	7.2	23.6	89.6	23.2	33.6	65.8	87.9	67.0	95.9
16.5	18.9	26.2	16.2	80.4	33.4	27.1	64.2	37.5	14.5	68.6	14.9	42.2	54.0	64.4	32.1	26.4	60.8	72.6	50.6
64.2	26.5	73.3	35.3	53.5	50.8	69.3	58.5	9.2	97.4	53.4	14.3	77.3	72.9	20.9	14.5	25.4	58.7	31.8	58.6
50.5	45.7	15.2	9.9	50.0	80.6	16.3	26.6	81.6	3.8	72.8	88.1	71.3	52.6	59.2	42.9	37.8	34.8	48.5	70.8
58.4	18.5	73.1	98.0	55.1	2.7	26.5	44.7	91.3	99.2	85.0	24.7	6.0	10.4	73.0	92.6	38.2	51.0	18.7	34.0
81.0	52.1	80.8	88.8	58.4	50.5	6.7	94.4	46.4	71.2	52.2	10.5	40.2	74.8	44.3	37.8	38.2	42.2	70.6	89.8
22.0	91.1	96.9	25.6	61.0	90.5	90.8	0.2	52.2	10.5	14.1	78.5	99.2	0.5	53.3	16.0	36.5	37.2	60.2	41.5
30.9	16.6	1.6	79.2	13.6	95.7	43.6	97.8	32.3	37.3	63.6	6.9	14.0	72.3	19.8	82.6	77.3	66.0	67.1	76.1
83.2	89.3	39.5	62.7	13.2	13.6	56.1	29.9	13.7	79.3	94.4	20.3	73.6	48.9	14.2	24.2	99.5	27.3	21.1	34.7
57.1	56.1	30.1	53.1	64.7	41.6	68.2	56.2	98.2	86.7	8.9	66.9	18.5	19.1	1.0	56.8	28.5	32.0	9.4	92.5
80.6	98.8	97.3	24.6	56.4	4.1	4.9	17.1	76.0	79.3	59.1	28.4	93.5	86.3	50.8	1.5	6.1	19.5	21.3	18.2
45.6	26.6	55.1	19.9	2.0	50.6	32.1	53.7	90.7	55.3	70.7	15.1	24.2	88.9	91.8	48.3	56.4	81.8	71.5	52.3
54.4	83.1	63.5	64.9	21.8	12.0	1.7	63.9	73.1	0.8	83.1	35.9	96.2	42.3	15.2	57.1	46.0	65.6	17.8	14.5
16.5	83.5	1.6	92.5	46.9	20.4	88.9	45.1	31.4	62.9	37.2	91.6	49.5	34.6	69.1	12.6	20.0	59.6	77.2	20.1
3.6	26.5	13.2	0.0	41.9	85.4	28.9	76.9	88.1	54.9	60.2	35.4	17.9	62.6	52.5	46.8	25.6	60.3	80.9	76.5
18.7	69.6	50.2	15.0	10.3	26.6	66.9	89.8	51.0	23.3	91.3	48.3	52.3	22.5	37.6	81.3	47.2	51.7	39.2	38.4
72.1	48.2	10.8	75.8	83.3	37.5	46.8	48.4	14.4	43.1	4.6	69.7	0.7	1.7	17.3	78.9	5.3	22.0	77.5	87.7
5.1	76.7	17.2	74.2	67.1	37.9	15.9	81.4	1.0	21.0	49.0	47.7	71.2	80.8	86.7	24.8	56.2	30.2	39.6	95.4
22.6	2.4	53.6	28.6	60.2	30.3	77.4	69.8	5.0	2.0	19.8	57.0	71.4	2.1	22.1	18.1	13.1	16.8	45.5	99.8
55.0	70.1	96.5	11.1	13.3	54.0	82.0	5.1	31.1	26.0	77.0	12.8	76.8	95.4	54.9	75.8	1.9	91.2	91.0	43.5
66.0	56.0	26.9	67.0	52.4	78.9	20.8	20.6	36.2	17.5	84.4	56.7	40.8	83.9	17.7	11.7	58.2	27.9	89.1	63.3
27.8	11.6	89.1	61.9	5.1	33.3	98.8	1.6	19.4	30.0	95.0	54.6	46.6	51.5	52.0	27.8	84.8	55.8	36.4	48.9
28.6	29.9	30.1	74.2	21.1	56.4	62.7	66.5	14.5	23.7	6.3	92.1	19.8	50.8	92.8	9.5	57.2	53.4	22.7	49.9
85.5	72.0	85.1	36.4	88.9	85.1	74.2	42.6	29.6	51.7	95.2	97.6	16.9	43.1	1.2	30.0	88.1	98.1	91.9	41.7
50.4	8.1	16.5	9.1	74.4	93.9	2.6	51.7	99.9	68.2	72.1	27.7	71.0	47.2	27.6	94.9	15.1	82.2	39.5	82.9
82.0	31.7	16.6	97.2	94.0	18.3	9.9	29.1	69.9	54.0	84.2	15.9	55.5	98.3	86.6	50.9	71.1	32.6	38.0	70.4
73.8	34.6	85.1	59.0	98.1	39.4	31.0	17.6	88.6	89.5	63.5	9.7	63.0	29.2	36.6	57.3	61.6	78.6	91.8	68.7
45.2	92.0	57.5	71.8	61.7	47.0	93.5	83.0	56.8	13.8	72.2	14.8	68.1	93.8	46.5	21.8	74.8	75.0	41.5	42.4
20.5	8.7	41.6	34.0	87.7	15.9	83.7	68.5	82.1	0.7	3.3	78.7	68.8	71.3	15.3	38.3	99.8	34.0	28.6	41.3
2.1	11.3	58.0	13.9	33.9	36.8	72.1	36.5	92.8	57.6	50.3	66.2	84.7	68.7	49.1	93.4	66.4	16.6	16.8	24.0
7.1	98.3	63.2	69.3	45.1	6.8	37.0	68.0	74.5	86.8	24.9	16.0	67.1	19.0	32.1	78.6	0.0	19.1	32.3	59.0
49.4	20.4	16.6	31.6	63.8	46.0	12.1	75.1	84.5	40.6	35.1	70.9	14.8	59.5	62.8	19.3	33.1	21.4	91.5	10.8
90.3	69.8	17.8	97.8	38.0	60.5	10.2	16.8	21.0	12.4	72.3	17.4	6.7	33.9	59.6	31.5	68.1	10.5	53.7	97.1
77.3	91.8	70.9	36.6	25.2	72.9	1.5	56.1	77.4	2.3	32.4	92.0	73.0	29.3	20.3	62.2	30.0	92.2	69.5	82.5
7.9	61.7	50.7	64.6	30.0	10.7	46.9	0.3	13.9	62.6	37.7	24.1	32.6	21.8	9.9	12.4	16.9	74.0	83.7	71.9
17.7	13.9	74.2	54.1	12.3	96.5	37.6	98.1	96.8	79.7	2.5	79.2	35.5	77.6	12.2	22.0	92.8	81.2	87.5	6.0
86.5	84.6	80.2	93.0	28.7	10.2	0.7	53.0	82.7	22.6	19.2	53.3	17.2	32.3	23.2	37.0	28.9	62.0	83.0	83.4
19.7	65.9	2.2	77.4	88.1	39.8	53.2	85.9	56.0	27.2	85.4	37.5	91.2	7.8	82.6	4.0	86.2	77.7	13.5	51.9
95.0	98.6	74.7	81.4	16.1	35.5	62.1	98.9	78.7	45.4	33.1	27.3	78.2	93.0	31.5	40.6	9.6	62.4	76.6	25.9
65.5	67.4	85.0	8.9	97.5	5.7	26.9	52.7	60.5	26.8	44.9	9.9	58.5	79.6	73.8	63.6	83.6	55.0	29.4	92.6
53.3	49.5	12.5	98.7	49.7	28.0	69.7	50.3	63.8	78.1	26.4	41.3	31.7	89.2	41.8	89.3	81.5	74.1	86.2	24.7
13.1	93.4	4.1	7.1	76.1	15.9	70.7	26.5	21.5	67.6	9.3	12.4	57.6	60.4	3.0	86.8	91.1	45.7	32.6	46.2
31.1	37.7	15.7	57.6	77.6	47.0	71.6	51.5	36.5	10.8	41.7	85.3	70.7	89.2	0.3	77.9	42.9	83.3	29.0	36.2
62.8	99.3	58.5	82.5	44.6	78.8	75.6	23.0	56.8	12.0	66.3	87.5	32.6	78.2	70.6	94.4	21.4	52.0	83.5	10.5
96.3	86.9	4.2	42.1	96.6	78.4	98.1	1.7	82.8	99.5	1.1	28.0	85.9	73.6	61.1	67.1	33.5	68.1	20.9	14.3
44.6	43.2	3.0	48.7	15.5	16.8	95.5	17.1	15.7	51.9	63.0	13.4	5.6	62.6	58.4	37.7	36.4	15.3	93.7	7.7
5.0	3.2	67.0	20.3	1.6	29.0	35.4	3.4	3.0	37.8	28.3	43.3	5.8	37.2	95.8	67.9	73.5	97.2	66.3	52.7
82.6	92.5	33.8	39.7	74.2	63.5	36.3	51.4	38.1	14.5	59.0	40.8	99.8	46.7	99.0	42.9	8.2	63.3	23.9	24.7
22.7	87.2	70.7	53.1	73.7	28.0	61.9	51.0	43.4	62.3	73.9	76.4	36.8	30.8	91.5	72.0	47.0	3.5	29.2	76.5
46.2	18.9	68.3	61.0	37.2	98.3	82.3	49.5	5.5	35.9	81.2	31.3	82.2	57.7	62.4	4.4	9.9	35.0	80.2	70.8
47.0	62.2	96.3	83.7	36.6	85.6	99.7	85.8	88.0	50.5	65.1	78.5	86.2	65.3	58.1	16.6	46.4	58.1	61.4	83.0
24.2	47.3	32.6	57.1	4.1	10.0	87.0	67.0	29.0	51.8	75.0	72.5	12.4	0.1	71.4	6.4	9.9	86.4	78.7	77.3
70.9	11.2	64.2	50.4	43.9	63.2	59.0	17.0	24.1	51.7	59.4	9.0	97.6	59.4	27.6	71.8	84.9	51.1	18.4	64.9
99.2	25.2	9.4	98.5	37.8	68.8	30.9	18.1	34.1	98.7	22.8	7.6	57.6	28.6	39.3	47.6	89.5	41.0	66.1	52.5
22.7	42.6	58.9	97.7	9.5	83.4	19.6	23.2	61.8	22.1	30.1	34.4	44.5	43.5	95.9	61.9	79.9	36.1	66.7	1.4
75.2	31.9	27.0	48.2	11.4	84.7	17.0	49.8	88.4	54.8	16.2	12.2	70.6	43.4	59.8	22.4	56.3	60.1	38.9	15.6
65.7	55.6	27.4	8.3	37.1	9.8	8.9	70.9	10.7	21.6	88.5	51.8	2.1	94.6	18.2	69.0	86.1	26.4	54.5	34.3
16.1	66.1	9.1	99.9	70.3	25.1	60.2	91.9	89.2	61.7	60.1	18.2	26.6	81.3	96.7	38.7	87.0	58.5	85.1	1.5
9.7	24.6	34.6	44.6	34.6	50.7	82.1	9.3	62.0	15.9	73.3	81.9	65.5	32.3	91.4	78.5	15.9	62.5	32.2	79.2
24.6	72.8	5.5	45.5	44.3	60.5	5.7	24.3	56.9	22.2	81.1	95.8	45.9	80.6	98.3	42.9	78.4	66.6	91.4	25.1
64.0	79.9	63.0	27.3	70.0	41.5	47.6	91.3	97.9	38.8	92.8	2.1	45.2	18.6	22.3	47.7	48.0	21.1	65.2	55.5
96.6	31.0	56.8	32.8	75.3	57.8	39.4	21.2	53.5	58.7	90.5	15.1	79.2	7.0	66.0	44.8	98.5	0.3	24.8	45.8
66.2	52.5	6.0	63.8	9.2	83.5	10.1	36.9	18.4	69.0	74.4	63.5	67.5	17.4	22.7	68.8	19.6	13.4	3.4	28.1
81.8	21.9	27.9	40.2	30.2	48.5	83.9	78.2	3.6	20.5	14.8	0.2	39.5	6.1	36.2	52.4	78.2	79.9	4.8	57.6
63.8	18.9	57.1	64.8	8.8	59.9	23.1	30.5	12.4	44.2	2.8	5.0	74.0	47.9	67.0	93.7	50.4	11.3	64.1	52.4
61.2	35.2	53.2	44.5	56.1	18.5	89.8	1.2	69.1	52.9	31.5	64.5	3.1	4.6	91.5	9.3	3.0	62.4	7.6	9.9
9.9	50.9	64.8	55.7	34.0	46.8	12.9	13.7	30.6	75.8	74.8	23.9	53.7	18.4	1.9	3.9	47.2	85.2	66.2	51.7
29.9	9.1	21.9	36.8	60.9	41.3	16.2	12.6	59.9	3.1	90.0	28.6	99.3	60.8	47.7	45.7	44.5	30.5	22.9	55.3
43.1	59.1	2.9	24.6	81.2	37.5	53.6	6.4	23.5	86.5	1.9	82.6	29.7	50.1	72.4	43.4	26.8	99.2	85.0	93.0
52.2	71.6	4.9	94.7	52.1	26.3	35.5	95.0	76.1	52.8	77.6	33.3	20.3	82.6	3.7	57.3	28.2	50.8	29.1	91.3
93.2	11.4	65.2	59.4	66.0	20.3	30.7	90.7	58.6	53.3	33.4	58.0	2.3	53.4	89.7	94.5	84.2	67.4	83.0	41.2
66.0	44.4	29.3	85.2	58.3	16.0	16.6	53.9	6.3	31.7	49.3	6.6	92.4	96.2	11.8	27.6	45.2	86.9	90.1	3.1
87.2	27.4	38.9	76.6	88.0	60.7	31.6	55.9	52.8	72.0	86.6	38.2	60.2	28.8	38.3	73.2	26.7	69.2	44.8	87.0
76.5	10.2	11.8	56.7	46.9	36.3	76.9	77.0	96.1	51.9	23.4	14.7	99.5	25.5	48.2	35.5	71.3	14.1	78.1	10.2
4.5	82.0	90.5	47.4	96.1	3.6	57.7	87.0	29.6	70.3	89.4	15.9	40.2	89.7	64.4	18.7	49.3	6.6	76.7	81.9
28.3	79.3	16.0	33.8	38.2	84.9	80.7	35.9	6.8	62.2	50.5	4.5	82.3	51.1	39.2	61.3	5.7	26.3	48.5	75.0
98.1	67.1	48.7	4.1	91.4	61.4	84.0	41.0	40.1	66.7	46.2	4.3	26.7	78.0	36.0	4.3	15.6	67.6	90.6	80.7
68.9	67.5	7.3	76.2	93.9	68.2	85.6	10.9	60.6	10.8	82.1	84.6	12.6	73.4	56.5	95.4	62.5	82.5	74.8	3.4
29.6	14.1	75.1	93.5	34.3	70.9	47.7	57.0	60.1	63.6	25.8	10.8	47.7	20.7	0.4	7.4	52.1	52.7	99.4	24.4
35.2	58.6	31.5	92.1	92.2	76.1	10.3	60.1	5.1	26.3	80.1	60.1	88.8	28.7	71.4	4.1	52.6	49.6	80.2	71.4
94.2	73.4	33.0	20.0	50.1	7.6	39.8	95.3	50.6	62.1	33.8	91.4	44.4	55.2	4.9	54.6	98.2	77.7	14.7	35.1
53.7	82.2	72.6	20.7	8.0	49.3	63.6	14.7	53.7	78.7	43.9	73.2	22.5	84.8	83.3	90.2	96.9	59.3	89.0	52.0
98.4	81.1	53.9	54.2	67.2	65.3	87.1	41.9	47.3	15.2	32.6	61.5	21.8	33.7	80.5	35.4	57.2	15.9	93.8	86.7
45.0	11.1	95.2	98.1	8.8	26.4	54.6	40.8	29.5	18.0	78.3	15.8	34.3	66.3	23.2	49.7	51.0	88.6	84.7	86.9
49.4	70.8	24.4	67.0	58.6	57.6	20.6	67.6	47.8	70.3	96.2	62.6	83.0	66.5	39.8	32.6	84.1	92.2	6.6	4.8
92.4	14.2	85.4	89.6	70.8	71.0	3.5	27.9	2.6	60.8	46.1	53.2	1.5	50.0	73.8	53.6	90.4	81.0	11.6	87.4
0.2	95.9	92.3	20.1	23.3	6.6	45.0	62.3	21.4	76.6	34.6	68.3	57.3	60.8	17.0	37.8	6.8	19.2	3.1	0.4
29.2	80.9	43.0	83.6	83.7	76.4	44.0	1.0	99.8	9.5	43.6	19.7	68.2	20.7	18.7	85.7	28.8	72.4	40.4	95.3
0.5	64.5	19.1	70.9	23.9	34.2	15.1	33.7	18.6	77.8	27.1	78.4	81.0	35.5	42.5	31.8	32.4	67.7	62.1	46.4
87.5	93.6	3.0	32.0	15.2	64.5	21.9	56.2	30.9	26.2	12.7	38.0	75.6	66.7	27.1	31.2	59.2	68.6	96.4	24.3
40.2	82.7	10.2	34.5	19.4	9.6	51.6	39.2	92.2	66.4	15.8	12.1	15.7	39.7	74.3	19.9	91.6	62.6	74.0	28.6
11.9	51.1	29.8	26.0	32.9	86.2	53.3	66.0	16.3	84.6	97.4	12.6	6.3	0.4	41.3	15.0	27.4	50.7	60.3	89.4
15.6	97.1	92.7	35.0	38.8	17.8	76.6	31.7	70.3	14.0	88.7	3.8	53.2	17.1	58.9	98.3	43.9	25.4	56.5	49.3
59.3	30.4	0.5	97.5	0.9	60.6	1.5	7.4	26.2	92.5	58.0	92.7	10.7	76.4	23.7	41.8	94.0	12.8	61.2	68.2
84.8	90.6	22.7	4.0	50.5	70.2	79.0	88.9	58.5	1.1	95.7	95.2	24.5	6.9	33.5	74.1	60.4	96.6	62.1	82.1
33.2	32.3	74.4	0.5	84.6	76.9	84.8	82.4	53.8	55.1	83.9	47.3	87.2	95.6	80.8	5.4	95.4	62.6	79.8	54.8
32.0	79.6	18.6	41.8	25.3	40.4	50.4	5.0	66.3	70.9	0.6	57.0	68.3	82.6	39.2	66.7	78.6	43.5	1.8	79.7
50.1	8.6	16.4	48.3	54.9	49.8	74.4	33.0	29.7	77.3	72.6	77.4	57.7	47.8	58.8	52.0	70.9	78.3	24.2	28.0
60.5	21.7	26.6	75.3	22.7	10.9	80.5	79.1	65.8	66.7	96.3	76.6	57.9	71.3	9.5	82.4	40.8	44.4	0.0	97.4
12.9	81.8	30.1	70.7	21.9	63.3	77.8	18.2	24.8	94.3	46.9	51.6	18.8	58.1	59.6	87.1	5.9	99.5	92.8	32.6
92.4	20.0	4.3	11.0	24.4	59.7	75.5	19.3	18.4	25.1	87.9	23.9	5.8	88.7	29.9	37.1	17.4	4.4	23.9	35.7
97.3	24.8	51.6	73.4	96.0	29.1	63.7	96.6	76.1	99.4	8.6	73.0	33.6	54.0	86.5	66.4	61.3	37.0	58.3	79.0
62.6	3.2	94.0	92.0	11.0	59.4	2.9	54.9	60.9	83.2	80.3	86.6	83.2	35.5	95.5	58.4	61.5	8.9	62.2	50.7
53.8	53.8	76.4	5.7	45.3	23.5	9.4	65.2	96.6	98.4	82.2	17.3	36.0	51.8	9.2	76.2	1.8	57.5	86.6	5.2
53.6	7.5	6.8	33.9	13.0	22.1	67.2	67.9	71.8	93.6	22.8	47.1	61.8	60.5	12.3	0.7	54.0	49.4	0.7	38.2
47.6	62.8	87.5	52.8	10.4	2.0	72.8	82.8	27.0	92.9	42.9	1.0	99.8	24.9	49.4	56.5	94.9	32.4	64.0	68.4
85.7	58.5	1.8	14.8	1.1	99.6	13.2	70.6	49.8	74.6	69.7	57.7	96.2	20.4	63.9	23.0	44.6	82.8	55.0	48.3
71.0	56.3	64.3	10.8	23.2	45.8	2.4	89.6	93.4	74.5	13.2	60.5	97.2	80.6	34.4	70.0	80.1	94.7	36.3	40.9
83.8	84.0	26.4	1.9	50.1	94.9	73.0	67.5	23.4	89.2	9.2	22.6	22.2	35.5	97.2	7.3	34.7	60.2	78.7	42.4
98.9	37.1	27.9	89.3	55.3	21.3	82.3	52.5	72.0	37.7	94.7	97.8	98.7	37.9	59.2	92.5	59.4	85.3	65.9	14.2
69.6	81.8	4.0	27.1	4.0	41.1	94.5	84.7	96.6	33.7	14.9	84.6	9.6	36.3	66.9	35.1	18.1	41.6	15.3	3.4
62.1	66.4	68.7	68.8	9.1	41.8	6.8	99.6	74.7	10.6	50.6	25.6	68.0	71.7	72.7	32.3	16.7	13.1	76.0	62.2
2.3	10.5	50.1	100.0	67.3	46.0	9.4	28.0	39.9	4.2	57.8	51.6	76.8	96.1	36.1	3.0	9.0	88.1	93.0	58.8
36.4	62.4	26.6	5.9	97.6	57.2	32.2	87.3	26.6	25.2	29.9	19.7	91.6	71.2	54.0	59.5	28.2	2.0	40.1	19.4
46.4	54.1	75.7	11.8	74.2	12.9	93.1	56.5	62.7	23.0	42.1	89.2	82.6	0.8	17.3	64.0	61.1	89.0	29.2	4.3
94.5	62.7	21.2	41.8	61.4	89.5	77.9	37.0	37.7	29.1	10.6	19.6	46.9	19.2	10.0	76.4	13.1	98.9	70.1	16.7
83.4	51.3	6.1	17.8	15.1	2.3	0.4	11.5	41.9	97.5	35.3	87.0	67.2	11.2	96.0	54.0	8.3	14.9	55.1	80.1
79.9	50.0	74.7	78.3	73.9	54.1	54.6	54.8	93.2	90.3	83.7	7.9	82.4	56.8	38.8	74.6	73.0	33.5	88.5	15.6
30.5	27.3	37.0	67.1	85.4	34.5	73.8	56.9	0.2	93.2	29.6	80.8	11.5	62.3	78.1	54.2	90.6	26.9	61.2	71.5
99.1	31.2	6.1	74.0	54.2	31.2	41.2	52.9	58.6	45.0	90.5	62.3	50.2	51.0	69.8	4.9	83.4	43.6	94.8	69.4
54.9	62.3	2.8	10.8	22.1	67.0	36.0	44.0	82.6	64.6	32.0	47.8	3.7	66.8	9.8	44.6	37.4	33.3	57.6	23.8
41.1	83.0	62.4	38.1	43.9	18.3	83.1	68.3	38.7	78.4	14.4	74.7	5.9	15.4	51.4	3.5	1.7	47.2	9.6	41.6
76.9	10.3	44.6	7.0	42.2	71.9	42.5	49.7	8.0	5.8	76.6	81.8	22.6	23.3	90.2	34.8	58.4	81.5	86.9	47.2
5.6	6.2	17.9	24.7	72.0	73.6	69.7	5.3	81.3	43.9	20.3	47.2	54.2	89.4	5.7	11.1	27.3	7.0	72.5	17.1
18.3	65.9	80.0	45.0	30.3	91.2	86.9	1.1	20.8	27.7	57.6	69.4	77.2	23.9	25.9	21.8	75.3	95.2	56.4	10.7
52.4	36.8	95.4	49.2	4.1	24.1	17.7	68.1	46.3	77.6	38.4	16.2	7.1	42.6	58.5	26.6	91.3	50.6	88.0	2.2
14.8	14.2	41.5	83.7	32.3	46.0	83.6	41.8	20.9	19.4	62.8	40.1	73.7	60.8	95.6	68.7	67.5	5.8	24.7	88.6
62.0	78.5	86.7	2.7	32.6	84.3	10.0	66.3	76.0	74.5	22.4	64.5	40.9	73.0	20.9	12.7	13.9	71.8	53.3	76.8
28.4	23.6	64.5	20.1	97.0	77.7	34.0	64.4	87.6	75.5	92.2	24.7	29.0	2.9	44.4	86.4	12.8	95.8	60.8	9.5
45.3	33.9	58.5	91.5	80.8	78.2	64.6	88.0	59.5	16.9	88.3	87.6	33.7	14.4	69.2	21.7	65.0	8.3	14.0	1.6
21.9	25.4	67.2	35.5	8.7	86.2	55.2	72.9	59.1	17.7	99.7	76.7	64.2	88.7	48.0	55.0	38.9	22.9	69.0	11.0
2.2	97.5	92.5	68.3	70.7	9.7	28.3	12.1	72.6	33.7	58.1	41.1	3.8	94.8	39.3	13.9	24.9	85.6	71.9	50.2
26.3	10.4	49.2	6.2	68.9	19.4	94.3	18.0	42.0	49.0	74.9	37.7	11.5	81.6	39.5	88.0	58.4	27.1	28.3	34.9
23.0	33.6	10.9	27.9	37.5	1.5	33.6	60.4	35.7	38.3	74.4	44.6	4.6	22.4	29.6	11.3	19.6	13.2	99.1	86.0
17.0	30.3	56.7	73.1	36.7	87.9	84.7	24.8	15.0	53.2	38.5	86.3	1.2	46.5	18.7	18.6	66.8	57.6	80.2	52.0
68.1	61.9	12.0	96.4	68.1	82.9	7.0	25.4	73.6	13.4	18.2	12.4	63.5	42.3	69.0	7.6	22.4	57.4	28.1	2.1
27.1	47.5	30.8	95.7	21.0	7.6	32.4	49.3	85.7	5.9	0.4	78.6	39.4	95.3	4.1	61.7	97.7	75.8	86.6	11.5
28.3	9.4	98.5	45.6	70.1	79.4	43.1	51.9	63.2	0.6	75.6	50.7	67.5	55.3	13.3	37.4	17.7	46.6	25.9	37.4
91.5	25.4	88.2	33.7	25.8	24.1	98.3	15.7	81.8	34.2	76.4	74.9	74.6	26.7	48.9	22.5	17.8	39.4	92.0	66.1
85.2	40.8	31.3	96.8	97.8	5.6	84.6	20.9	20.3	37.5	36.7	93.2	34.0	17.0	7.3	63.8	42.8	56.2	35.7	13.7
34.4	55.6	89.6	77.3	43.4	11.4	86.8	80.9	21.4	29.1	14.9	8.0	50.7	40.5	65.9	96.9	76.0	92.5	70.3	4.7
74.9	34.0	17.6	45.2	71.1	49.4	84.8	39.6	66.5	87.7	95.2	22.5	50.7	64.9	40.5	82.9	3.0	59.1	11.4	28.6
42.9	2.0	59.8	32.6	2.8	67.0	28.8	8.8	14.9	12.6	54.6	16.6	47.5	27.3	92.8	53.6	40.5	20.1	89.0	63.2
32.3	75.7	48.0	39.5	2.6	94.3	25.5	53.4	17.1	63.9	56.7	9.1	48.5	89.5	50.2	19.4	59.4	58.1	83.7	72.8
28.8	55.5	98.8	61.3	72.2	99.4	38.4	42.7	67.8	30.2	19.0	8.4	34.5	27.6	78.7	90.7	28.4	52.3	97.4	1.0
81.5	61.7	45.7	11.7	72.1	75.2	91.4	90.7	92.3	42.9	79.1	41.1	73.5	90.5	98.7	7.2	79.5	17.5	21.4	63.9
27.2	58.9	85.1	26.0	83.0	55.3	32.6	65.0	8.8	12.8	39.2	78.3	53.1	62.9	15.2	4.4	85.7	40.6	35.7	28.2
30.0	41.4	28.6	73.9	83.3	82.7	6.9	72.1	27.4	53.5	77.1	3.4	23.9	13.8	30.5	97.9	37.1	56.6	20.0	0.9
97.8	60.2	63.8	72.1	95.3	21.6	22.7	66.5	53.6	67.7	53.8	46.2	48.2	85.1	48.1	74.1	29.6	13.4	59.8	53.2
97.2	61.6	53.1	9.9	38.0	41.5	84.3	70.8	96.0	64.8	75.0	43.4	22.4	50.4	62.8	44.6	27.4	56.3	1.0	16.5
20.9	11.3	62.5	35.9	54.7	58.6	29.7	84.1	70.3	80.6	81.4	11.5	42.4	93.7	34.2	81.5	76.4	28.7	9.0	33.0
91.5	6.1	88.2	93.7	94.5	3.8	71.8	79.4	18.8	80.4	73.5	73.8	98.4	41.4	13.6	66.1	11.8	63.0	92.7	70.2
6.2	63.8	51.0	45.8	36.2	34.6	43.8	96.6	57.8	6.0	25.1	60.3	20.7	1.8	0.3	66.2	4.0	54.1	82.9	28.3
49.2	93.1	58.8	72.2	8.8	53.1	23.7	51.1	30.5	84.4	80.5	54.3	82.3	34.8	57.1	96.2	47.7	39.0	45.9	17.2
24.9	88.1	72.5	62.5	40.9	50.5	4.5	36.8	7.0	59.9	91.7	28.3	60.1	54.8	13.7	1.3	99.7	76.2	84.4	80.8
25.7	96.8	53.3	81.9	32.3	60.9	64.0	22.4	45.5	4.3	39.4	78.8	84.9	59.1	76.0	71.4	81.3	68.9	48.1	74.7
60.9	63.9	85.4	81.0	67.2	35.9	92.0	81.0	12.1	71.6	60.3	34.6	73.4	83.3	64.0	0.9	29.8	8.8	26.9	7.4
58.7	77.2	72.7	14.3	64.1	18.2	1.0	62.1	54.9	8.7	94.5	79.3	4.0	72.7	62.7	10.2	36.7	70.6	86.5	9.7
26.5	72.0	32.7	76.0	97.8	74.1	54.5	18.8	5.3	53.6	93.2	77.8	19.1	14.3	35.7	54.4	15.3	19.3	9.9	55.3
75.7	69.2	46.3	71.5	68.2	33.0	40.2	33.4	94.7	91.4	98.7	30.5	71.6	15.5	4.7	14.8	47.5	22.1	96.9	21.0
40.4	51.1	30.1	22.6	82.9	31.5	88.8	42.7	24.3	30.4	0.9	96.3	95.5	96.3	10.1	15.6	92.0	96.5	37.5	72.1
34.9	41.7	23.4	23.1	10.4	18.6	1.6	28.8	30.1	2.8	39.4	69.6	75.0	6.7	16.1	72.7	92.8	67.1	52.3	55.1
23.4	57.6	16.3	95.5	98.2	20.6	71.6	15.2	87.9	59.1	96.1	16.2	9.5	97.6	31.8	85.1	61.4	42.8	27.8	30.6
96.4	19.5	75.2	55.9	28.3	83.0	23.2	42.5	76.6	52.3	43.8	72.8	55.6	80.3	44.1	40.1	64.9	65.4	96.7	23.0
50.1	62.1	38.2	97.3	11.7	26.1	56.1	90.2	80.4	33.0	28.1	5.4	73.7	39.5	70.5	12.5	59.3	9.1	24.8	26.7
84.4	60.6	50.3	75.5	77.9	26.3	44.1	76.7	91.6	58.7	25.8	91.7	21.3	63.5	34.0	29.8	60.2	88.4	38.1	90.6
38.8	38.8	9.8	58.2	67.2	71.5	1.4	14.9	79.4	47.4	62.2	2.6	57.0	57.2	14.1	92.3	16.0	79.8	54.3	72.0
93.1	11.7	92.9	73.7	62.5	1.7	49.2	68.3	16.5	84.3	19.5	74.9	93.2	50.4	27.8	22.9	95.6	32.6	39.0	89.2
89.1	17.2	2.5	56.7	21.1	96.8	46.9	9.5	64.5	9.3	16.5	68.3	5.6	34.7	91.3	90.1	45.6	20.1	8.7	71.6
1	2	3	4	5	6	7	8	9	10	11	12	13	14	15	16	17	18	19	20
1	2	3	4	5	6	7	8	9	10	11	12	13	14	15	16	17	18	19	20
1	2	3	4	5	6	7	8	9	10	11	12	13	14	15	16	17	18	19	20
1	2	3	4	5	6	7	8	9	10	11	12	13	14	15	16	17	18	19	20
1	2	3	4	5	6	7	8	9	10	11	12	13	14	15	16	17	18	19	20
1	2	3	4	5	6	7	8	9	10	11	12	13	14	15	16	17	18	19	20
1	2	3	4	5	6	7	8	9	10	11	12	13	14	15	16	17	18	19	20
1	2	3	4	5	6	7	8	9	10	11	12	13	14	15	16	17	18	19	20
1	2	3	4	5	6	7	8	9	10	11	12	13	14	15	16	17	18	19	20
1	2	3	4	5	6	7	8	9	10	11	12	13	14	15	16	17	18	19	20
1	2	3	4	5	6	7	8	9	10	11	12	13	14	15	16	17	18	19	20
1	2	3	4	5	6	7	8	9	10	11	12	13	14	15	16	17	18	19	20
1	2	3	4	5	6	7	8	9	10	11	12	13	14	15	16	17	18	19	20
1	2	3	4	5	6	7	8	9	10	11	12	13	14	15	16	17	18	19	20
1	2	3	4	5	6	7	8	9	10	11	12	13	14	15	16	17	18	19	20
1	2	3	4	5	6	7	8	9	10	11	12	13	14	15	16	17	18	19	20
1	2	3	4	5	6	7	8	9	10	11	12	13	14	15	16	17	18	19	20
1	2	3	4	5	6	7	8	9	10	11	12	13	14	15	16	17	18	19	20
1	2	3	4	5	6	7	8	9	10	11	12	13	14	15	16	17	18	19	20
1	2	3	4	5	6	7	8	9	10	11	12	13	14	15	16	17	18	19	20
1	2	3	4	5	6	7	8	9	10	11	12	13	14	15	16	17	18	19	20
1	2	3	4	5	6	7	8	9	10	11	12	13	14	15	16	17	18	19	20
1	2	3	4	5	6	7	8	9	10	11	12	13	14	15	16	17	18	19	20
1	2	3	4	5	6	7	8	9	10	11	12	13	14	15	16	17	18	19	20
1	2	3	4	5	6	7	8	9	10	11	12	13	14	15	16	17	18	19	20
1	2	3	4	5	6	7	8	9	10	11	12	13	14	15	16	17	18	19	20
1	2	3	4	5	6	7	8	9	10	11	12	13	14	15	16	17	18	19	20
1	2	3	4	5	6	7	8	9	10	11	12	13	14	15	16	17	18	19	20
1	2	3	4	5	6	7	8	9	10	11	12	13	14	15	16	17	18	19	20
1	2	3	4	5	6	7	8	9	10	11	12	13	14	15	16	17	18	19	20
1	2	3	4	5	6	7	8	9	10	11	12	13	14	15	16	17	18	19	20
1	2	3	4	5	6	7	8	9	10	11	12	13	14	15	16	17	18	19	20
1	2	3	4	5	6	7	8	9	10	11	12	13	14	15	16	17	18	19	20
1	2	3	4	5	6	7	8	9	10	11	12	13	14	15	16	17	18	19	20
1	2	3	4	5	6	7	8	9	10	11	12	13	14	15	16	17	18	19	20
1	2	3	4	5	6	7	8	9	10	11	12	13	14	15	16	17	18	19	20
1	2	3	4	5	6	7	8	9	10	11	12	13	14	15	16	17	18	19	20
1	2	3	4	5	6	7	8	9	10	11	12	13	14	15	16	17	18	19	20
1	2	3	4	5	6	7	8	9	10	11	12	13	14	15	16	17	18	19	20
1	2	3	4	5	6	7	8	9	10	11	12	13	14	15	16	17	18	19	20
1	2	3	4	5	6	7	8	9	10	11	12	13	14	15	16	17	18	19	20
1	2	3	4	5	6	7	8	9	10	11	12	13	14	15	16	17	18	19	20
1	2	3	4	5	6	7	8	9	10	11	12	13	14	15	16	17	18	19	20
1	2	3	4	5	6	7	8	9	10	11	12	13	14	15	16	17	18	19	20
1	2	3	4	5	6	7	8	9	10	11	12	13	14	15	16	17	18	19	20
1	2	3	4	5	6	7	8	9	10	11	12	13	14	15	16	17	18	19	20
1	2	3	4	5	6	7	8	9	10	11	12	13	14	15	16	17	18	19	20
1	2	3	4	5	6	7	8	9	10	11	12	13	14	15	16	17	18	19	20
1	2	3	4	5	6	7	8	9	10	11	12	13	14	15	16	17	18	19	20
1	2	3	4	5	6	7	8	9	10	11	12	13	14	15	16	17	18	19	20
1	2	3	4	5	6	7	8	9	10	11	12	13	14	15	16	17	18	19	20
1	2	3	4	5	6	7	8	9	10	11	12	13	14	15	16	17	18	19	20
1	2	3	4	5	6	7	8	9	10	11	12	13	14	15	16	17	18	19	20
1	2	3	4	5	6	7	8	9	10	11	12	13	14	15	16	17	18	19	20
1	2	3	4	5	6	7	8	9	10	11	12	13	14	15	16	17	18	19	20
1	2	3	4	5	6	7	8	9	10	11	12	13	14	15	16	17	18	19	20
1	2	3	4	5	6	7	8	9	10	11	12	13	14	15	16	17	18	19	20
1	2	3	4	5	6	7	8	9	10	11	12	13	14	15	16	17	18	19	20
1	2	3	4	5	6	7	8	9	10	11	12	13	14	15	16	17	18	19	20
1	2	3	4	5	6	7	8	9	10	11	12	13	14	15	16	17	18	19	20
1	2	3	4	5	6	7	8	9	10	11	12	13	14	15	16	17	18	19	20
1	2	3	4	5	6	7	8	9	10	11	12	13	14	15	16	17	18	19	20
1	2	3	4	5	6	7	8	9	10	11	12	13	14	15	16	17	18	19	20
1	2	3	4	5	6	7	8	9	10	11	12	13	14	15	16	17	18	19	20
1	2	3	4	5	6	7	8	9	10	11	12	13	14	15	16	17	18	19	20
1	2	3	4	5	6	7	8	9	10	11	12	13	14	15	16	17	18	19	20
1	2	3	4	5	6	7	8	9	10	11	12	13	14	15	16	17	18	19	20
1	2	3	4	5	6	7	8	9	10	11	12	13	14	15	16	17	18	19	20
1	2	3	4	5	6	7	8	9	10	11	12	13	14	15	16	17	18	19	20
1	2	3	4	5	6	7	8	9	10	11	12	13	14	15	16	17	18	19	20
1	2	3	4	5	6	7	8	9	10	11	12	13	14	15	16	17	18	19	20
1	2	3	4	5	6	7	8	9	10	11	12	13	14	15	16	17	18	19	20
1	2	3	4	5	6	7	8	9	10	11	12	13	14	15	16	17	18	19	20
1	2	3	4	5	6	7	8	9	10	11	12	13	14	15	16	17	18	19	20
1	2	3	4	5	6	7	8	9	10	11	12	13	14	15	16	17	18	19	20
1	2	3	4	5	6	7	8	9	10	11	12	13	14	15	16	17	18	19	20
1	2	3	4	5	6	7	8	9	10	11	12	13	14	15	16	17	18	19	20
1	2	3	4	5	6	7	8	9	10	11	12	13	14	15	16	17	18	19	20
1	2	3	4	5	6	7	8	9	10	11	12	13	14	15	16	17	18	19	20
1	2	3	4	5	6	7	8	9	10	11	12	13	14	15	16	17	18	19	20
1	2	3	4	5	6	7	8	9	10	11	12	13	14	15	16	17	18	19	20
1	2	3	4	5	6	7	8	9	10	11	12	13	14	15	16	17	18	19	20
1	2	3	4	5	6	7	8	9	10	11	12	13	14	15	16	17	18	19	20
1	2	3	4	5	6	7	8	9	10	11	12	13	14	15	16	17	18	19	20
1	2	3	4	5	6	7	8	9	10	11	12	13	14	15	16	17	18	19	20
1	2	3	4	5	6	7	8	9	10	11	12	13	14	15	16	17	18	19	20
1	2	3	4	5	6	7	8	9	10	11	12	13	14	15	16	17	18	19	20
1	2	3	4	5	6	7	8	9	10	11	12	13	14	15	16	17	18	19	20
1	2	3	4	5	6	7	8	9	10	11	12	13	14	15	16	17	18	19	20
1	2	3	4	5	6	7	8	9	10	11	12	13	14	15	16	17	18	19	20
1	2	3	4	5	6	7	8	9	10	11	12	13	14	15	16	17	18	19	20
1	2	3	4	5	6	7	8	9	10	11	12	13	14	15	16	17	18	19	20
1	2	3	4	5	6	7	8	9	10	11	12	13	14	15	16	17	18	19	20
1	2	3	4	5	6	7	8	9	10	11	12	13	14	15	16	17	18	19	20
1	2	3	4	5	6	7	8	9	10	11	12	13	14	15	16	17	18	19	20
1	2	3	4	5	6	7	8	9	10	11	12	13	14	15	16	17	18	19	20
1	2	3	4	5	6	7	8	9	10	11	12	13	14	15	16	17	18	19	20
1	2	3	4	5	6	7	8	9	10	11	12	13	14	15	16	17	18	19	20
1	2	3	4	5	6	7	8	9	10	11	12	13	14	15	16	17	18	19	20
1	2	3	4	5	6	7	8	9	10	11	12	13	14	15	16	17	18	19	20
1	2	3	4	5	6	7	8	9	10	11	12	13	14	15	16	17	18	19	20
1	2	3	4	5	6	7	8	9	10	11	12	13	14	15	16	17	18	19	20
1	2	3	4	5	6	7	8	9	10	11	12	13	14	15	16	17	18	19	20
1	2	3	4	5	6	7	8	9	10	11	12	13	14	15	16	17	18	19	20
1	2	3	4	5	6	7	8	9	10	11	12	13	14	15	16	17	18	19	20
1	2	3	4	5	6	7	8	9	10	11	12	13	14	15	16	17	18	19	20
1	2	3	4	5	6	7	8	9	10	11	12	13	14	15	16	17	18	19	20
1	2	3	4	5	6	7	8	9	10	11	12	13	14	15	16	17	18	19	20
1	2	3	4	5	6	7	8	9	10	11	12	13	14	15	16	17	18	19	20
1	2	3	4	5	6	7	8	9	10	11	12	13	14	15	16	17	18	19	20
1	2	3	4	5	6	7	8	9	10	11	12	13	14	15	16	17	18	19	20
1	2	3	4	5	6	7	8	9	10	11	12	13	14	15	16	17	18	19	20
1	2	3	4	5	6	7	8	9	10	11	12	13	14	15	16	17	18	19	20
1	2	3	4	5	6	7	8	9	10	11	12	13	14	15	16	17	18	19	20
1	2	3	4	5	6	7	8	9	10	11	12	13	14	15	16	17	18	19	20
1	2	3	4	5	6	7	8	9	10	11	12	13	14	15	16	17	18	19	20
1	2	3	4	5	6	7	8	9	10	11	12	13	14	15	16	17	18	19	20
1	2	3	4	5	6	7	8	9	10	11	12	13	14	15	16	17	18	19	20
1	2	3	4	5	6	7	8	9	10	11	12	13	14	15	16	17	18	19	20
1	2	3	4	5	6	7	8	9	10	11	12	13	14	15	16	17	18	19	20
1	2	3	4	5	6	7	8	9	10	11	12	13	14	15	16	17	18	19	20
1	2	3	4	5	6	7	8	9	10	11	12	13	14	15	16	17	18	19	20
1	2	3	4	5	6	7	8	9	10	11	12	13	14	15	16	17	18	19	20
1	2	3	4	5	6	7	8	9	10	11	12	13	14	15	16	17	18	19	20
1	2	3	4	5	6	7	8	9	10	11	12	13	14	15	16	17	18	19	20
1	2	3	4	5	6	7	8	9	10	11	12	13	14	15	16	17	18	19	20
1	2	3	4	5	6	7	8	9	10	11	12	13	14	15	16	17	18	19	20
1	2	3	4	5	6	7	8	9	10	11	12	13	14	15	16	17	18	19	20
1	2	3	4	5	6	7	8	9	10	11	12	13	14	15	16	17	18	19	20
1	2	3	4	5	6	7	8	9	10	11	12	13	14	15	16	17	18	19	20
1	2	3	4	5	6	7	8	9	10	11	12	13	14	15	16	17	18	19	20
1	2	3	4	5	6	7	8	9	10	11	12	13	14	15	16	17	18	19	20
1	2	3	4	5	6	7	8	9	10	11	12	13	14	15	16	17	18	19	20
1	2	3	4	5	6	7	8	9	10	11	12	13	14	15	16	17	18	19	20
1	2	3	4	5	6	7	8	9	10	11	12	13	14	15	16	17	18	19	20
1	2	3	4	5	6	7	8	9	10	11	12	13	14	15	16	17	18	19	20
1	2	3	4	5	6	7	8	9	10	11	12	13	14	15	16	17	18	19	20
1	2	3	4	5	6	7	8	9	10	11	12	13	14	15	16	17	18	19	20
1	2	3	4	5	6	7	8	9	10	11	12	13	14	15	16	17	18	19	20
1	2	3	4	5	6	7	8	9	10	11	12	13	14	15	16	17	18	19	20
1	2	3	4	5	6	7	8	9	10	11	12	13	14	15	16	17	18	19	20
1	2	3	4	5	6	7	8	9	10	11	12	13	14	15	16	17	18	19	20
1	2	3	4	5	6	7	8	9	10	11	12	13	14	15	16	17	18	19	20
1	2	3	4	5	6	7	8	9	10	11	12	13	14	15	16	17	18	19	20
1	2	3	4	5	6	7	8	9	10	11	12	13	14	15	16	17	18	19	20
1	2	3	4	5	6	7	8	9	10	11	12	13	14	15	16	17	18	19	20
1	2	3	4	5	6	7	8	9	10	11	12	13	14	15	16	17	18	19	20
1	2	3	4	5	6	7	8	9	10	11	12	13	14	15	16	17	18	19	20
1	2	3	4	5	6	7	8	9	10	11	12	13	14	15	16	17	18	19	20
1	2	3	4	5	6	7	8	9	10	11	12	13	14	15	16	17	18	19	20
1	2	3	4	5	6	7	8	9	10	11	12	13	14	15	16	17	18	19	20
1	2	3	4	5	6	7	8	9	10	11	12	13	14	15	16	17	18	19	20
1	2	3	4	5	6	7	8	9	10	11	12	13	14	15	16	17	18	19	20
1	2	3	4	5	6	7	8	9	10	11	12	13	14	15	16	17	18	19	20
1	2	3	4	5	6	7	8	9	10	11	12	13	14	15	16	17	18	19	20
1	2	3	4	5	6	7	8	9	10	11	12	13	14	15	16	17	18	19	20
1	2	3	4	5	6	7	8	9	10	11	12	13	14	15	16	17	18	19	20
1	2	3	4	5	6	7	8	9	10	11	12	13	14	15	16	17	18	19	20
1	2	3	4	5	6	7	8	9	10	11	12	13	14	15	16	17	18	19	20
1	2	3	4	5	6	7	8	9	10	11	12	13	14	15	16	17	18	19	20
1	2	3	4	5	6	7	8	9	10	11	12	13	14	15	16	17	18	19	20
1	2	3	4	5	6	7	8	9	10	11	12	13	14	15	16	17	18	19	20
1	2	3	4	5	6	7	8	9	10	11	12	13	14	15	16	17	18	19	20
1	2	3	4	5	6	7	8	9	10	11	12	13	14	15	16	17	18	19	20
1	2	3	4	5	6	7	8	9	10	11	12	13	14	15	16	17	18	19	20
1	2	3	4	5	6	7	8	9	10	11	12	13	14	15	16	17	18	19	20
1	2	3	4	5	6	7	8	9	10	11	12	13	14	15	16	17	18	19	20
1	2	3	4	5	6	7	8	9	10	11	12	13	14	15	16	17	18	19	20
1	2	3	4	5	6	7	8	9	10	11	12	13	14	15	16	17	18	19	20
1	2	3	4	5	6	7	8	9	10	11	12	13	14	15	16	17	18	19	20
1	2	3	4	5	6	7	8	9	10	11	12	13	14	15	16	17	18	19	20
1	2	3	4	5	6	7	8	9	10	11	12	13	14	15	16	17	18	19	20
1	2	3	4	5	6	7	8	9	10	11	12	13	14	15	16	17	18	19	20
1	2	3	4	5	6	7	8	9	10	11	12	13	14	15	16	17	18	19	20
1	2	3	4	5	6	7	8	9	10	11	12	13	14	15	16	17	18	19	20
1	2	3	4	5	6	7	8	9	10	11	12	13	14	15	16	17	18	19	20
1	2	3	4	5	6	7	8	9	10	11	12	13	14	15	16	17	18	19	20
1	2	3	4	5	6	7	8	9	10	11	12	13	14	15	16	17	18	19	20
1	2	3	4	5	6	7	8	9	10	11	12	13	14	15	16	17	18	19	20
1	2	3	4	5	6	7	8	9	10	11	12	13	14	15	16	17	18	19	20
1	2	3	4	5	6	7	8	9	10	11	12	13	14	15	16	17	18	19	20
1	2	3	4	5	6	7	8	9	10	11	12	13	14	15	16	17	18	19	20
1	2	3	4	5	6	7	8	9	10	11	12	13	14	15	16	17	18	19	20
1	2	3	4	5	6	7	8	9	10	11	12	13	14	15	16	17	18	19	20
1	2	3	4	5	6	7	8	9	10	11	12	13	14	15	16	17	18	19	20
1	2	3	4	5	6	7	8	9	10	11	12	13	14	15	16	17	18	19	20
1	2	3	4	5	6	7	8	9	10	11	12	13	14	15	16	17	18	19	20
1	2	3	4	5	6	7	8	9	10	11	12	13	14	15	16	17	18	19	20
1	2	3	4	5	6	7	8	9	10	11	12	13	14	15	16	17	18	19	20
1	2	3	4	5	6	7	8	9	10	11	12	13	14	15	16	17	18	19	20
1	2	3	4	5	6	7	8	9	10	11	12	13	14	15	16	17	18	19	20
1	2	3	4	5	6	7	8	9	10	11	12	13	14	15	16	17	18	19	20
1	2	3	4	5	6	7	8	9	10	11	12	13	14	15	16	17	18	19	20
1	2	3	4	5	6	7	8	9	10	11	12	13	14	15	16	17	18	19	20
1	2	3	4	5	6	7	8	9	10	11	12	13	14	15	16	17	18	19	20
1	2	3	4	5	6	7	8	9	10	11	12	13	14	15	16	17	18	19	20
1	2	3	4	5	6	7	8	9	10	11	12	13	14	15	16	17	18	19	20
1	2	3	4	5	6	7	8	9	10	11	12	13	14	15	16	17	18	19	20
1	2	3	4	5	6	7	8	9	10	11	12	13	14	15	16	17	18	19	20
1	2	3	4	5	6	7	8	9	10	11	12	13	14	15	16	17	18	19	20
