200	20
75.4	14.5	90.8	63.7	49.6	2.9	67.7	48.6	48.4	63.9	26.0	2.0	37.8	72.6	3.4	16.0	89.1	20.3	15.7	10.8
27.7	78.8	64.6	78.5	13.4	26.4	96.2	11.5	15.1	43.2	13.2	53.7	51.0	50.3	72.5	82.1	63.2	11.2	45.1	80.3
87.3	86.0	25.9	32.4	78.5	40.9	33.9	86.4	4.0	2.7	37.3	16.1	16.8	33.1	55.7	63.5	23.6	91.3	89.9	46.8
4.2	51.4	9.5	37.3	5.1	95.2	95.6	18.3	94.3	8.8	50.3	11.8	92.5	7.5	56.6	44.1	1.9	43.0	42.3	76.3
42.1	10.5	90.0	12.7	17.7	21.1	52.6	35.0	92.4	38.5	24.9	93.4	88.8	8.3	37.3	85.6	75.8	19.5	54.0	57.5
17.9	87.2	78.9	15.2	47.0	65.8	47.4	65.8	81.4	75.5	93.9	70.1	9.5	38.8	71.8	91.5	18.9	62.1	6.0	0.1
94.1	79.0	78.0	2.7	52.5	35.3	29.3	19.0	0.0	20.9	99.4	55.4	19.2	18.8	65.1	84.4	96.3	94.6	31.4	36.6
24.0	30.0	48.3	80.5	23.0	68.1	95.7	72.9	33.8	75.7	84.7	24.2	84.7	70.7	41.6	70.0	27.7	36.1	72.6	29.3
32.1	50.7	23.0	10.1	51.2	61.2	71.7	52.2	98.5	8.8	95.4	8.3	30.6	16.1	46.9	6.3	2.3	41.2	3.0	93.4
72.2	91.0	64.8	14.0	86.8	8.8	34.8	40.9	33.9	87.2	94.7	6.1	2.7	89.4	15.1	20.4	84.6	88.9	48.0	30.9
52.2	71.0	95.9	91.4	32.8	26.7	87.9	37.9	95.4	39.2	92.3	62.5	22.8	79.3	88.4	72.0	10.8	44.1	33.9	14.4
89.8	18.2	48.6	73.7	43.1	38.0	24.1	95.3	77.4	84.7	15.3	36.6	93.1	79.4	68.6	2.8	8.8	54.2	53.2	40.7
17.3	39.4	0.8	64.2	29.8	76.0	35.7	50.0	99.8	30.1	72.7	60.2	20.4	83.1	60.9	22.8	19.7	62.1	80.2	94.0
38.9	73.5	39.2	63.7	57.8	30.4	21.4	75.3	70.1	71.3	31.5	66.1	30.0	99.6	22.4	13.4	99.9	52.3	26.6	13.4
71.3	88.2	53.3	81.8	62.4	25.0	90.3	86.4	55.9	66.4	24.7	70.2	95.3	76.7	66.5	13.8	80.3	21.1	10.8	88.6
91.9	91.1	73.3	99.9	5.0	55.2	59.2	89.4	6.3	9.9	54.1	92.2	12.3	73.9	4.2	20.0	29.6	93.8	92.8	49.5
41.3	67.0	78.7	39.9	58.9	28.4	30.4	99.3	10.5	21.6	82.6	91.0	5.4	45.0	78.6	61.7	87.3	98.8	90.6	82.3
17.1	85.7	95.1	81.9	42.1	37.9	60.4	42.3	9.8	82.4	63.4	47.7	87.7	0.6	34.6	96.3	94.8	14.3	98.3	16.3
27.5	15.6	83.1	21.7	48.1	92.9	2.3	97.8	51.5	48.2	70.7	97.0	4.3	43.9	99.9	64.8	64.2	74.4	28.4	21.8
76.2	29.1	65.6	97.7	21.8	36.2	81.9	0.5	53.5	15.0	91.4	59.2	34.6	15.1	61.2	57.8	19.6	54.9	34.0	34.3
3.2	53.7	49.3	17.4	45.4	43.8	72.1	57.8	71.4	97.4	33.0	44.5	22.0	99.5	98.8	90.1	64.5	23.3	50.0	98.3
59.9	37.9	82.9	10.7	58.3	5.1	13.5	68.3	98.0	18.3	17.1	12.1	26.3	73.2	55.9	30.0	46.8	23.5	64.9	68.3
81.1	88.3	99.7	28.7	9.7	96.2	85.4	75.1	19.9	27.5	81.1	29.0	18.8	3.2	77.3	11.5	18.4	69.3	10.3	95.2
63.0	70.3	26.3	51.0	2.6	1.1	94.2	83.1	49.0	7.2	8.1	35.6	34.8	34.4	2.9	72.1	46.0	44.8	24.4	61.7
64.0	55.0	12.3	73.4	79.2	36.0	15.1	31.0	0.9	66.8	7.3	12.8	40.5	53.7	27.8	46.6	79.8	35.2	19.0	26.2
4.1	29.5	3.8	78.7	23.7	88.4	14.9	2.0	99.4	92.6	72.0	10.9	77.3	53.3	31.9	65.6	61.7	77.9	12.4	82.7
6.7	34.5	83.0	36.5	85.4	30.8	25.8	25.4	38.8	6.9	13.4	41.8	38.7	46.5	31.0	8.0	69.3	53.1	33.0	48.5
39.4	27.7	46.5	72.5	53.9	93.2	88.4	27.3	73.7	22.7	86.0	23.7	14.2	71.6	92.9	90.4	40.4	59.2	39.7	84.8
4.6	39.2	37.6	38.3	90.1	1.3	67.3	79.2	0.9	12.3	14.6	37.0	90.4	40.7	1.7	32.7	48.1	18.8	35.0	30.9
49.2	93.5	62.0	32.3	94.5	98.3	2.7	81.3	13.5	78.1	79.4	20.4	25.1	16.2	93.0	56.2	11.1	95.6	24.7	21.1
73.6	83.8	17.4	97.3	10.6	59.0	68.1	54.4	51.6	0.7	94.7	50.6	48.5	19.2	2.3	22.7	84.5	17.2	85.3	85.9
99.1	73.2	6.6	27.9	0.8	95.3	89.9	43.8	78.2	86.1	52.0	91.6	85.6	93.9	74.0	38.5	97.7	83.9	24.0	46.8
46.1	87.2	29.3	0.8	1.9	28.7	19.5	1.2	60.8	35.0	52.1	98.8	53.2	9.2	24.7	19.4	1.6	23.9	75.8	25.9
66.8	56.5	63.4	29.2	34.8	92.9	27.5	94.2	37.1	23.7	3.1	23.9	72.9	50.5	4.5	33.4	62.3	74.2	13.9	0.3
3.1	41.8	75.4	17.6	47.6	46.0	17.0	15.7	27.7	85.4	24.0	62.4	55.0	39.6	40.6	53.5	47.3	92.2	98.8	41.3
30.3	36.8	75.0	33.3	56.7	42.1	17.7	24.7	44.8	44.7	78.8	92.5	65.4	38.4	67.9	11.5	53.6	53.0	78.9	72.0
25.0	6.0	55.6	1.0	43.3	35.5	97.7	57.4	17.6	28.9	9.4	77.8	24.1	74.7	22.6	51.3	22.3	0.1	76.2	18.8
57.7	20.5	30.1	67.0	4.7	43.4	6.5	18.6	82.1	85.2	33.1	97.3	4.6	23.3	78.4	18.8	81.4	83.8	71.9	63.4
82.8	14.4	64.8	51.2	54.7	90.0	0.8	69.7	47.2	94.4	6.8	12.3	10.9	60.8	18.5	32.0	15.9	75.0	58.1	16.8
11.5	6.2	44.2	58.1	36.4	68.6	37.2	35.9	27.1	30.7	80.8	97.8	24.3	25.0	84.6	41.4	72.0	86.0	79.5	90.7
37.9	15.8	49.7	90.5	46.0	48.3	1.9	57.8	52.6	19.2	39.8	57.3	35.5	80.5	20.2	54.2	38.9	53.7	80.3	23.1
62.9	70.2	15.9	53.7	75.5	16.1	73.0	63.9	58.5	65.1	74.8	21.6	83.4	42.3	46.8	55.8	20.5	53.4	24.7	93.0
18.9	89.7	63.4	12.8	32.7	18.6	7.1	83.2	53.2	70.7	98.6	93.1	11.2	13.9	38.3	5.7	31.8	62.1	65.0	97.7
33.0	89.0	66.9	79.8	89.3	22.6	64.9	91.0	91.7	68.1	82.5	84.1	56.3	15.4	64.2	27.9	36.7	96.2	21.7	2.3
30.5	97.3	19.1	87.4	88.3	62.5	64.2	81.1	40.5	98.8	67.6	65.6	62.7	32.8	44.6	24.0	39.6	72.5	0.1	67.7
3.7	77.6	56.2	56.6	25.8	51.6	46.9	40.7	24.7	41.5	16.8	26.2	70.3	13.1	19.8	25.4	59.2	78.8	52.8	76.3
75.1	23.1	62.3	43.7	33.7	49.7	81.6	39.2	77.4	78.9	53.5	46.4	34.2	99.9	24.1	68.3	71.7	8.4	7.0	85.5
74.4	84.9	36.8	33.6	57.6	40.2	59.3	4.9	65.9	23.2	38.4	83.4	26.2	81.1	7.2	26.3	55.3	67.0	80.4	56.8
7.1	44.0	88.4	57.2	75.9	25.3	27.2	95.6	33.9	31.0	34.3	60.0	16.5	40.5	83.4	83.3	53.0	95.7	18.2	66.8
2.4	61.4	62.9	25.7	24.6	69.3	0.8	45.9	22.2	51.9	96.5	17.8	9.0	28.6	56.3	67.1	67.7	10.7	56.6	49.8
26.6	36.9	31.2	50.6	18.7	61.5	96.0	21.4	85.6	3.0	55.0	62.2	55.9	6.7	78.1	19.1	90.6	49.1	38.8	42.5
17.1	89.4	1.4	67.1	27.7	13.0	95.1	14.9	45.2	24.2	75.0	41.2	4.2	86.4	47.6	47.8	49.9	16.3	32.7	54.2
8.7	42.3	17.7	71.9	51.4	30.7	51.5	24.0	93.2	59.7	55.9	15.0	68.9	46.9	90.1	68.1	91.0	14.6	43.6	51.6
18.5	29.6	44.8	21.8	65.2	51.6	38.4	25.8	63.0	21.4	73.0	10.2	70.6	33.8	71.2	22.5	75.2	48.9	88.2	49.5
97.0	9.3	49.1	54.6	29.0	88.2	65.8	95.0	22.2	82.3	62.3	59.1	24.1	16.0	38.4	96.3	73.2	37.2	87.1	56.6
93.6	68.5	24.6	72.9	77.8	73.9	56.5	40.4	55.1	50.2	85.6	18.1	52.8	90.7	13.3	19.6	13.3	40.8	57.6	42.5
42.7	61.5	7.3	81.3	98.5	96.2	20.3	66.3	40.5	9.7	28.9	95.3	60.8	49.7	76.0	54.6	23.4	34.0	84.0	86.0
43.4	15.5	60.0	39.0	71.8	51.7	5.1	54.8	73.3	96.0	16.4	84.3	99.5	93.1	49.7	33.2	77.3	65.8	10.2	95.4
41.4	18.4	46.7	29.5	82.7	82.9	47.7	76.2	92.1	24.9	34.6	21.5	19.4	15.5	97.7	78.5	38.8	55.1	31.8	35.3
31.8	11.8	63.1	37.6	38.2	12.9	19.5	23.7	88.8	54.9	95.1	93.2	58.2	71.7	22.3	9.5	34.8	17.0	60.7	51.5
6.9	65.7	56.2	62.6	79.6	57.7	5.0	36.2	58.3	23.4	83.3	1.4	20.5	35.7	15.1	23.6	34.6	0.1	24.3	16.6
73.9	74.9	78.5	70.4	56.8	83.0	55.0	49.8	96.5	96.2	30.6	49.1	34.2	77.1	78.0	35.2	78.3	35.4	25.2	74.3
15.6	53.1	71.1	42.1	49.6	58.8	17.5	49.0	91.2	86.8	45.6	94.2	5.0	52.4	2.3	91.3	22.7	92.5	16.4	50.8
86.5	41.7	47.5	50.4	50.6	96.8	35.2	39.3	17.8	38.1	39.2	91.5	10.1	87.5	67.6	56.8	9.7	66.8	80.7	24.9
75.3	21.7	29.6	76.4	25.0	8.7	44.7	51.2	72.9	25.1	93.9	62.3	57.8	0.0	75.0	26.5	50.8	93.1	77.8	7.9
23.4	96.7	5.4	31.5	54.2	71.9	54.7	23.2	93.5	52.1	45.4	72.2	77.4	75.6	43.5	59.1	57.6	13.8	35.7	19.5
12.5	32.5	28.8	52.2	14.3	20.4	47.9	90.9	76.4	70.0	26.9	45.8	41.4	18.2	66.8	90.8	21.0	88.7	38.5	69.3
20.0	78.3	8.0	20.1	75.8	20.5	44.2	27.7	94.3	58.1	88.0	50.2	28.8	62.7	43.7	49.5	76.2	50.8	8.1	55.5
59.4	87.8	72.2	10.3	94.2	68.0	21.8	84.1	76.5	69.0	84.5	53.9	94.1	25.6	44.6	85.1	37.0	55.6	37.3	59.1
18.8	91.1	31.7	24.9	87.7	20.6	49.1	93.8	20.4	4.5	92.4	12.6	2.5	48.7	28.7	20.4	77.5	67.4	19.2	36.7
4.0	4.7	45.3	75.4	49.1	24.0	84.7	66.3	64.6	88.5	98.6	94.2	0.6	73.9	37.8	37.4	7.5	22.0	29.2	94.4
61.8	85.7	61.6	97.2	8.6	47.4	81.8	71.4	68.5	69.8	9.8	3.1	85.0	33.8	59.7	50.3	83.1	49.5	70.8	86.5
8.4	40.4	51.2	9.2	22.8	22.1	32.7	81.9	98.0	5.0	96.8	22.5	7.1	32.6	15.0	54.4	26.7	86.2	69.6	7.0
48.5	92.5	26.4	20.4	95.5	46.4	57.0	25.7	21.0	75.9	7.4	32.8	17.9	53.5	74.8	42.5	90.6	91.9	48.5	98.1
5.8	75.5	7.7	38.4	23.2	49.5	39.1	34.4	79.0	11.1	23.0	46.9	8.1	52.4	11.6	32.4	38.4	89.3	82.5	25.8
0.6	40.5	92.5	72.3	76.1	25.0	77.8	30.5	30.2	4.8	12.2	54.9	20.1	7.8	68.1	57.1	57.3	64.4	24.3	50.5
71.3	45.4	73.0	30.3	85.7	39.7	53.0	75.6	47.8	67.4	37.3	30.7	88.4	88.3	65.6	27.7	38.8	18.0	56.5	17.4
88.8	63.5	33.9	63.6	10.4	79.7	9.0	52.1	84.3	15.1	37.0	97.6	25.0	71.9	63.0	46.6	62.1	43.3	2.2	56.7
19.4	79.8	56.5	27.9	39.4	20.6	18.8	52.8	14.9	2.5	71.0	95.6	51.4	70.6	2.8	1.1	9.7	9.7	64.4	29.7
52.5	80.6	37.9	59.1	6.9	92.6	6.6	13.9	40.1	69.2	2.9	38.7	18.2	5.3	8.1	21.8	82.4	35.8	88.3	46.8
45.7	57.3	27.0	83.9	71.5	83.1	82.6	6.4	92.0	30.5	41.1	42.6	5.1	87.5	52.1	61.0	5.6	61.3	69.1	43.7
15.5	14.5	0.8	61.4	42.5	11.9	36.9	34.0	52.1	83.8	85.5	81.6	23.5	14.6	92.0	73.0	30.1	78.1	93.9	51.7
51.9	32.8	96.5	29.6	74.5	6.0	79.4	72.4	10.3	32.3	21.9	20.2	93.6	1.0	76.3	87.2	76.0	33.2	31.7	87.8
26.6	66.2	74.9	48.8	36.0	53.3	6.8	67.0	32.8	68.2	69.8	39.7	96.9	74.8	61.1	47.2	30.4	83.7	96.5	3.2
35.5	8.7	70.9	77.0	11.0	96.4	20.5	46.5	82.2	9.7	97.3	30.8	48.5	52.0	63.7	64.5	19.9	92.6	95.4	60.1
19.0	83.1	54.2	51.0	34.5	29.7	43.1	54.1	45.4	26.4	36.0	87.6	48.1	6.5	89.3	59.7	3.8	30.5	90.1	65.0
94.2	19.6	58.4	11.4	16.2	62.3	63.8	24.3	63.6	72.8	65.0	23.0	23.6	28.4	43.1	45.4	78.3	59.5	32.7	4.8
67.4	23.2	7.9	71.6	64.5	25.0	73.5	99.2	4.2	71.2	13.5	94.4	55.7	76.3	23.7	21.1	51.5	47.9	93.2	74.0
17.5	44.7	13.4	96.5	72.3	34.8	21.8	26.7	17.0	99.8	97.2	76.0	49.8	17.6	28.5	30.1	88.5	90.4	68.3	91.8
74.3	72.6	35.0	82.4	8.3	64.5	72.4	42.6	2.6	89.4	97.3	90.6	14.9	82.3	86.6	38.6	80.8	88.6	37.4	51.8
42.2	22.1	75.9	6.9	86.0	88.3	3.7	36.8	36.1	30.6	69.7	21.9	2.7	44.2	22.6	64.1	46.1	42.8	84.0	29.1
52.8	91.6	10.9	16.9	84.4	15.9	98.8	46.8	44.7	74.6	45.7	81.5	45.4	14.6	7.1	75.1	92.7	63.2	96.3	3.1
22.6	10.4	17.0	43.7	9.5	32.7	87.6	57.1	23.1	25.2	24.7	3.0	24.3	73.5	80.9	41.1	63.1	65.5	59.9	9.5
4.6	41.2	58.4	15.9	12.4	99.4	56.5	90.9	88.1	46.0	64.4	8.8	73.4	71.3	86.6	88.0	37.8	29.1	25.8	45.9
10.4	43.2	79.9	66.8	70.5	44.4	28.2	52.1	31.7	80.5	19.3	92.2	7.2	70.6	20.6	9.1	53.9	62.7	57.7	33.8
2.8	34.3	75.7	8.3	76.6	43.0	20.0	22.7	84.8	52.8	96.0	28.3	59.3	17.5	61.9	90.2	99.8	88.0	26.9	53.7
86.3	68.4	0.3	69.8	71.8	90.1	66.5	26.8	54.7	86.9	63.5	76.5	92.7	57.4	57.0	12.5	74.6	93.8	49.8	38.5
46.5	85.9	5.7	45.5	49.7	15.7	65.6	9.6	34.6	70.9	92.5	35.9	8.0	58.4	23.1	32.7	80.5	11.3	21.6	5.4
87.6	94.8	87.7	62.4	30.7	63.8	98.3	21.3	3.3	74.9	31.4	11.2	91.1	91.3	24.1	94.5	81.5	57.0	7.2	46.7
87.3	63.7	8.6	54.0	24.8	88.7	31.7	65.2	2.6	71.4	23.0	76.6	92.9	62.7	37.5	14.5	58.1	28.3	20.4	18.0
23.8	23.1	89.6	16.9	20.5	58.8	62.7	87.7	58.2	43.5	51.0	15.9	99.4	74.2	72.5	87.8	67.0	68.1	24.2	57.0
99.5	94.5	91.5	87.6	32.2	28.0	55.7	15.0	32.2	4.9	32.9	19.1	23.8	57.0	55.7	45.3	34.8	54.5	84.9	16.8
92.7	31.8	76.2	52.9	0.3	91.5	21.4	42.6	92.8	63.8	94.8	62.7	55.5	37.8	35.1	60.6	99.2	35.3	23.6	53.5
8.7	48.8	12.4	52.4	55.6	26.6	34.8	44.2	3.8	83.7	58.6	0.9	90.9	99.3	2.0	64.3	9.3	77.7	49.6	40.8
96.8	3.6	35.5	20.4	84.1	48.4	73.0	87.3	44.6	56.5	12.8	86.5	50.6	60.2	3.0	79.0	51.5	48.8	92.1	58.7
32.4	36.3	40.3	75.3	38.0	37.4	25.3	77.7	22.1	53.0	66.5	42.0	20.8	69.9	79.9	22.6	97.7	37.7	30.5	53.6
41.4	89.6	95.9	55.0	71.1	73.0	91.8	74.9	25.1	87.7	88.5	63.4	85.2	12.7	82.7	89.3	50.2	96.3	66.0	56.9
99.2	88.2	33.5	72.3	26.4	41.3	30.9	81.7	87.9	84.5	6.0	50.6	42.9	98.6	81.5	73.5	87.5	34.4	49.0	17.0
11.1	65.7	88.1	97.5	85.6	80.1	98.1	58.6	58.7	25.9	22.1	83.3	99.0	35.2	51.5	11.8	8.4	89.1	6.8	61.4
55.5	85.0	69.6	91.9	39.2	54.6	84.3	13.3	23.7	97.5	24.3	77.8	59.4	76.6	64.4	39.4	56.7	77.1	13.5	21.0
88.1	72.8	34.5	89.6	94.5	61.9	80.1	34.6	27.8	86.8	44.7	58.3	97.3	23.1	81.2	52.3	92.8	29.4	68.6	50.2
84.5	72.0	57.7	26.3	32.9	0.4	78.5	96.7	91.1	76.5	13.8	93.1	29.1	54.6	23.1	65.3	98.8	36.9	88.7	73.9
26.5	85.8	71.9	22.7	16.0	98.7	17.6	72.3	53.2	24.9	76.8	94.1	65.3	72.0	97.6	3.4	30.6	52.4	74.7	31.8
94.5	10.4	28.8	40.7	40.1	2.3	89.2	21.8	2.4	62.9	86.3	0.2	48.0	34.6	75.1	10.7	30.9	90.9	86.8	9.3
47.0	47.1	56.1	29.9	66.0	41.2	82.8	88.4	65.3	25.9	81.1	66.4	20.8	22.8	21.9	28.2	30.8	79.3	9.2	61.7
67.2	21.4	65.3	65.1	79.9	53.3	27.6	6.7	97.8	15.1	24.8	75.7	46.3	95.8	16.6	73.3	4.3	3.8	23.8	92.1
59.2	29.9	31.4	50.3	67.0	23.1	29.6	28.1	92.0	83.5	16.7	5.3	96.1	32.6	66.0	71.7	31.6	50.8	73.8	49.0
81.7	23.7	20.1	31.5	5.5	50.0	44.9	4.4	5.0	28.8	91.4	44.7	24.0	18.4	44.7	70.0	14.1	54.5	80.0	27.9
65.3	34.6	12.4	82.1	70.4	97.8	39.3	92.6	45.9	1.7	80.1	46.8	20.4	73.1	88.8	47.8	77.5	28.1	61.7	92.6
82.8	32.9	33.3	49.8	49.8	76.5	10.9	75.9	75.9	63.1	80.7	34.9	28.5	54.2	26.4	85.5	25.2	6.9	42.6	55.1
89.5	28.0	82.3	97.9	88.6	80.5	61.9	50.7	37.7	61.9	31.0	23.2	71.7	80.8	72.6	12.1	7.7	96.7	94.5	23.3
5.4	58.9	74.0	48.9	9.4	94.7	39.4	75.9	32.5	24.9	85.3	21.3	7.8	64.1	49.5	38.5	53.8	70.2	10.5	64.9
38.4	36.0	50.4	18.5	62.7	6.0	78.2	90.6	26.6	77.3	66.4	44.7	89.2	73.5	81.1	96.5	88.5	65.5	30.0	88.7
90.6	1.3	87.3	72.3	40.0	4.1	84.3	86.0	30.6	98.3	13.6	75.1	79.0	11.4	56.2	57.9	8.8	13.6	81.6	68.0
54.6	12.4	92.1	0.2	20.0	29.9	48.0	92.6	20.6	82.4	41.2	73.4	25.1	44.2	85.0	16.4	80.4	30.3	42.2	65.4
71.9	40.9	61.0	57.8	81.2	70.7	91.1	71.1	95.7	42.9	83.4	53.5	13.7	3.1	49.2	23.8	51.1	27.0	20.8	24.0
93.2	45.2	19.7	51.0	19.1	8.8	38.4	69.9	58.1	2.4	85.9	21.5	47.6	54.9	99.3	3.8	35.9	3.9	43.2	54.5
70.4	59.4	55.3	3.1	24.8	24.8	98.5	65.5	6.2	64.6	29.3	18.4	87.5	74.0	54.8	95.9	0.7	72.6	33.8	0.8
87.8	25.3	92.6	6.2	36.1	97.1	57.1	6.9	23.9	5.6	71.8	84.0	68.1	90.2	99.5	39.9	36.0	95.4	41.1	57.7
71.2	30.4	11.6	82.8	85.3	18.9	89.0	88.1	87.4	36.8	19.8	96.0	75.6	30.3	3.3	31.9	84.0	78.4	68.3	46.2
83.8	95.7	93.3	47.2	76.0	22.6	59.2	59.6	91.9	79.1	30.9	73.4	8.2	98.8	67.8	1.1	48.2	94.0	64.2	54.1
59.9	49.7	28.1	98.5	92.2	95.2	33.3	73.4	70.4	61.1	65.3	56.3	36.7	17.8	9.7	30.3	49.6	5.0	66.8	59.0
92.9	17.4	58.9	18.5	92.8	95.1	77.2	43.1	11.4	10.0	77.9	9.1	25.9	46.7	98.5	88.6	9.1	32.7	52.6	38.4
14.7	43.0	98.7	32.8	96.0	8.9	24.4	53.3	77.8	32.4	44.8	74.4	49.5	80.4	14.0	13.3	71.9	68.4	94.4	36.1
25.1	18.1	12.6	14.2	37.5	0.3	66.2	24.6	51.2	91.7	63.7	23.7	48.7	0.6	93.1	54.6	11.2	61.9	56.3	16.0
12.3	33.4	23.5	50.6	1.6	64.9	52.8	20.4	17.5	40.0	15.4	28.1	60.4	35.3	3.4	63.4	86.4	60.2	6.0	48.0
7.0	87.9	32.3	11.6	50.4	37.3	84.8	40.4	68.6	13.1	68.6	83.4	60.4	27.3	92.3	8.9	68.4	5.6	57.8	69.2
25.7	50.8	63.4	20.2	51.7	88.7	51.8	49.0	80.6	3.2	16.8	78.1	89.3	35.6	75.2	73.3	37.1	41.0	62.7	9.9
25.0	4.6	42.6	87.7	7.7	75.0	19.7	35.7	8.7	31.6	69.2	58.7	0.5	96.1	4.8	22.4	19.1	41.1	26.9	58.0
0.8	21.8	15.2	94.6	87.7	66.6	93.3	90.2	92.4	70.8	49.1	94.6	64.5	50.0	22.4	87.3	19.3	55.2	87.5	71.8
51.2	29.1	28.3	58.4	93.8	58.3	39.5	46.7	46.9	21.3	78.5	64.9	11.1	24.7	99.6	83.5	58.8	64.8	6.9	39.6
17.9	1.7	56.1	97.3	76.1	90.1	1.9	9.5	1.1	96.2	93.3	94.4	79.8	11.5	16.6	0.7	30.2	47.3	68.3	65.3
23.0	34.4	35.5	13.6	99.4	58.1	26.0	18.0	53.9	68.2	71.8	91.9	63.1	73.8	22.9	94.7	21.9	37.4	71.4	78.3
0.8	87.2	45.3	77.2	37.0	43.7	48.2	39.3	65.7	63.0	46.7	7.5	44.2	32.9	79.0	88.4	94.1	2.1	70.7	62.6
94.3	11.4	86.6	53.9	15.0	71.2	33.4	14.5	89.4	17.5	47.7	25.1	61.4	68.3	23.2	70.6	66.5	26.5	23.8	36.7
91.7	38.9	6.7	93.1	91.7	74.0	41.8	87.9	98.4	17.3	52.7	50.9	62.0	32.0	17.4	20.4	7.1	71.7	62.3	58.5
77.8	22.4	15.9	30.4	77.9	83.4	77.7	38.9	2.3	31.1	70.7	89.4	59.9	98.9	75.3	18.7	80.0	75.7	3.9	53.3
96.3	28.3	48.2	57.7	50.4	9.5	86.5	79.4	56.0	72.7	68.1	94.2	30.2	77.2	65.1	43.5	2.6	6.7	76.5	36.4
67.8	4.3	73.2	44.1	61.6	98.7	88.7	83.3	48.8	20.7	39.9	0.7	92.4	42.8	60.8	54.6	52.1	98.9	69.6	29.9
73.8	2.6	94.2	55.0	2.2	98.6	57.8	28.9	67.3	51.4	50.4	0.1	88.0	33.6	9.1	86.4	80.0	8.7	18.3	59.9
65.8	58.5	73.8	4.4	24.9	75.0	29.3	11.4	1.5	74.5	36.1	90.5	49.6	29.3	3.6	25.8	98.8	78.6	13.5	73.0
7.4	4.1	7.6	15.9	57.2	99.8	53.8	28.6	98.5	65.1	64.3	44.6	0.8	93.1	5.1	8.4	75.8	25.4	70.5	4.2
51.5	21.4	47.9	61.7	15.0	77.2	62.9	23.7	71.7	13.4	77.0	58.6	47.3	84.0	60.7	30.3	53.9	2.4	41.5	20.8
15.0	88.1	77.7	84.2	27.0	75.3	63.3	97.6	66.6	44.0	94.8	15.5	91.3	31.8	21.2	28.3	64.5	58.0	5.8	59.5
76.1	35.6	95.7	46.6	27.3	93.4	13.3	21.0	87.3	45.3	79.6	39.0	92.2	60.0	37.0	97.9	17.6	63.7	63.4	24.3
5.4	65.4	17.7	2.3	62.2	58.6	63.4	25.2	22.0	59.4	94.8	55.7	75.0	84.7	7.3	79.7	11.1	79.7	85.0	94.1
38.2	4.2	62.4	53.7	29.8	94.6	29.3	42.7	47.6	99.1	64.4	3.3	12.6	24.8	48.2	67.9	91.2	34.3	6.3	91.8
55.9	71.6	72.3	93.9	68.2	67.5	51.2	99.6	21.7	72.9	41.6	64.3	73.5	24.8	92.5	9.8	56.5	92.2	85.6	43.1
5.8	2.2	69.8	94.3	32.6	24.6	23.9	92.4	36.6	97.5	4.5	75.3	15.8	3.4	75.3	76.4	99.1	53.2	38.1	76.4
25.9	76.6	89.1	28.2	8.8	87.3	93.3	51.7	19.7	34.0	6.9	49.3	41.2	62.7	20.3	82.6	71.3	89.2	24.7	52.4
53.1	8.7	79.7	95.7	83.4	84.8	31.4	4.3	7.0	62.8	31.2	20.3	67.9	16.7	44.5	97.8	38.1	37.9	47.3	89.6
51.4	61.1	34.0	62.3	90.5	19.9	5.3	46.0	61.5	38.7	92.2	44.8	31.0	0.6	13.5	46.9	29.9	57.2	78.4	75.5
99.1	15.3	20.4	87.2	53.3	23.3	45.3	50.6	21.3	53.5	57.9	4.3	86.9	12.2	26.0	55.0	20.4	97.9	35.8	72.2
52.2	65.0	28.6	47.1	79.8	84.2	84.9	73.6	68.9	60.4	42.6	94.8	7.5	61.3	50.6	79.4	12.1	75.9	42.5	65.8
58.7	80.4	35.6	27.9	75.4	38.6	21.8	81.5	97.4	3.8	81.1	77.6	5.9	30.6	71.5	41.5	27.9	58.4	15.7	47.0
50.1	52.6	79.8	81.2	20.4	85.6	78.2	98.8	94.7	73.5	19.7	97.3	24.2	97.3	85.6	5.6	97.9	93.8	69.6	60.9
14.1	92.7	50.8	31.1	80.9	30.1	66.9	23.4	9.4	14.9	17.1	75.3	1.0	56.2	63.1	43.2	25.8	94.3	79.3	46.7
0.1	15.4	41.9	25.4	6.1	11.0	58.6	45.4	90.6	71.8	59.5	28.2	7.1	16.2	51.8	34.0	81.2	25.0	83.0	19.9
75.5	4.6	14.3	29.6	64.2	63.1	96.9	25.2	88.4	29.2	65.5	55.1	32.1	56.0	70.2	71.5	32.0	49.9	60.0	89.9
97.1	50.6	81.1	25.1	36.3	8.1	75.0	97.1	32.1	81.6	9.8	93.3	29.6	59.7	37.9	81.2	84.8	21.3	19.4	40.0
17.9	44.4	55.2	7.3	86.3	92.5	98.9	46.3	99.5	21.5	17.4	24.4	5.2	96.9	60.1	46.1	2.0	56.7	76.6	1.2
34.8	74.7	15.0	99.2	72.2	17.8	17.4	16.2	44.3	44.7	4.6	47.9	85.0	9.4	14.2	15.4	7.1	97.0	4.5	10.8
65.8	98.9	94.1	41.7	80.0	28.4	65.3	27.7	12.4	48.2	50.8	11.0	68.3	55.3	12.7	66.9	79.0	28.0	82.2	65.3
5.5	95.7	78.9	50.7	36.8	89.2	87.3	25.1	75.3	92.5	8.5	80.3	89.9	53.2	23.5	18.9	77.8	8.1	32.6	49.1
71.2	55.6	16.3	30.4	81.4	31.7	73.9	40.8	36.5	58.4	8.0	61.0	71.3	25.4	63.5	23.2	9.7	89.3	88.7	21.9
99.0	59.8	27.5	66.6	0.5	60.3	27.1	61.8	14.2	95.1	95.5	14.9	95.1	4.6	82.7	46.0	93.9	41.9	6.7	54.9
37.5	86.6	6.9	74.0	73.5	81.5	20.0	5.1	0.4	38.8	16.2	49.2	46.6	12.1	24.9	48.2	45.1	38.4	32.9	31.5
97.4	35.5	74.9	37.3	77.9	47.9	58.4	50.8	91.6	53.5	14.8	97.3	57.6	76.9	29.0	78.7	21.9	55.4	35.4	78.7
36.4	90.9	13.3	53.4	46.8	2.3	49.9	91.9	27.4	24.9	69.4	50.0	37.5	65.1	14.0	68.3	61.9	7.4	63.8	60.4
74.8	85.1	15.6	30.0	28.1	11.2	95.7	28.8	13.0	95.2	10.0	75.1	68.3	83.3	17.6	80.0	72.9	46.8	35.7	83.1
78.4	80.0	88.2	6.1	29.4	40.2	67.7	33.6	89.6	17.4	38.9	68.4	61.6	50.0	84.5	42.6	67.8	21.5	89.9	97.6
29.6	21.0	76.3	42.6	11.9	53.1	99.0	76.3	92.9	75.1	57.7	26.1	52.2	89.0	0.3	36.3	66.5	24.7	69.2	58.7
70.0	29.4	85.6	84.7	70.2	33.9	97.0	9.6	10.4	38.1	97.3	34.2	5.8	76.4	48.2	71.5	7.1	10.7	75.6	94.9
22.1	13.7	90.3	20.4	79.3	29.9	98.2	62.4	36.7	36.3	2.9	18.3	22.5	2.0	97.3	53.9	8.6	16.1	20.3	34.9
44.8	53.8	21.7	83.6	93.7	51.4	62.0	9.6	38.5	9.8	40.7	23.9	24.7	51.2	37.3	87.3	84.5	73.4	24.7	30.3
38.8	29.9	78.1	95.1	47.6	8.8	44.6	69.2	16.9	7.7	12.3	67.6	20.1	77.1	70.0	50.7	28.1	18.3	40.1	83.1
22.0	61.4	25.9	23.7	33.8	93.9	86.5	68.3	80.2	44.3	66.5	18.6	76.6	19.6	92.4	91.8	56.9	54.1	68.4	69.1
90.3	78.0	10.1	14.7	59.2	33.1	19.3	84.9	83.4	22.4	97.2	70.5	28.8	92.5	84.0	28.8	9.7	0.9	3.9	16.8
92.3	1.7	55.5	52.2	75.3	29.1	76.9	91.0	10.5	85.9	70.6	18.5	39.4	28.1	76.3	34.5	28.3	52.6	58.5	43.1
39.7	10.5	91.8	56.5	42.2	72.5	82.5	2.3	40.4	87.6	54.6	47.2	23.2	33.1	67.7	59.6	9.2	30.1	41.6	54.6
34.7	14.3	84.0	96.4	87.4	8.5	80.1	23.4	35.9	44.7	96.7	3.0	32.6	37.4	3.2	4.9	56.2	21.6	91.5	75.4
4.3	33.0	57.2	71.3	67.6	85.5	46.4	97.8	33.0	29.7	66.0	17.2	92.9	61.4	34.0	50.6	24.6	4.5	3.5	15.9
28.3	46.5	82.4	85.3	94.5	1.7	15.7	19.9	40.7	82.4	18.7	8.5	21.2	3.7	17.3	4.7	71.6	28.5	83.4	58.8
83.4	73.9	86.8	0.7	41.7	26.4	65.2	19.8	29.6	79.3	79.0	21.8	30.3	6.1	81.7	72.9	28.6	31.1	20.0	84.8
22.3	51.4	83.2	7.0	88.4	32.6	83.4	31.0	85.9	69.5	99.4	74.9	92.2	97.6	32.4	54.5	63.1	60.6	82.9	29.8
18.3	4.5	9.9	53.8	93.4	51.7	19.3	52.9	95.7	71.2	29.6	75.0	57.9	58.9	53.0	86.9	16.3	15.1	28.0	13.1
64.8	7.7	82.4	54.3	47.4	1.4	12.7	69.2	0.1	28.8	35.3	99.9	43.4	7.9	82.1	40.2	38.0	8.8	84.4	84.3
79.1	8.5	77.7	75.0	20.3	62.5	60.9	67.3	79.0	28.1	48.1	96.0	15.0	43.6	31.3	41.6	57.0	11.6	14.8	20.6
22.5	80.9	97.4	55.4	85.3	76.3	55.0	1.4	41.2	65.0	55.2	91.9	15.1	68.5	0.7	22.8	64.7	82.1	20.6	4.0
42.9	85.2	28.6	31.6	24.2	97.2	90.6	37.4	76.9	64.6	64.9	70.8	67.7	40.2	24.1	15.4	31.9	82.9	79.3	64.9
1	2	3	4	5	6	7	8	9	10	11	12	13	14	15	16	17	18	19	20
1	2	3	4	5	6	7	8	9	10	11	12	13	14	15	16	17	18	19	20
1	2	3	4	5	6	7	8	9	10	11	12	13	14	15	16	17	18	19	20
1	2	3	4	5	6	7	8	9	10	11	12	13	14	15	16	17	18	19	20
1	2	3	4	5	6	7	8	9	10	11	12	13	14	15	16	17	18	19	20
1	2	3	4	5	6	7	8	9	10	11	12	13	14	15	16	17	18	19	20
1	2	3	4	5	6	7	8	9	10	11	12	13	14	15	16	17	18	19	20
1	2	3	4	5	6	7	8	9	10	11	12	13	14	15	16	17	18	19	20
1	2	3	4	5	6	7	8	9	10	11	12	13	14	15	16	17	18	19	20
1	2	3	4	5	6	7	8	9	10	11	12	13	14	15	16	17	18	19	20
1	2	3	4	5	6	7	8	9	10	11	12	13	14	15	16	17	18	19	20
1	2	3	4	5	6	7	8	9	10	11	12	13	14	15	16	17	18	19	20
1	2	3	4	5	6	7	8	9	10	11	12	13	14	15	16	17	18	19	20
1	2	3	4	5	6	7	8	9	10	11	12	13	14	15	16	17	18	19	20
1	2	3	4	5	6	7	8	9	10	11	12	13	14	15	16	17	18	19	20
1	2	3	4	5	6	7	8	9	10	11	12	13	14	15	16	17	18	19	20
1	2	3	4	5	6	7	8	9	10	11	12	13	14	15	16	17	18	19	20
1	2	3	4	5	6	7	8	9	10	11	12	13	14	15	16	17	18	19	20
1	2	3	4	5	6	7	8	9	10	11	12	13	14	15	16	17	18	19	20
1	2	3	4	5	6	7	8	9	10	11	12	13	14	15	16	17	18	19	20
1	2	3	4	5	6	7	8	9	10	11	12	13	14	15	16	17	18	19	20
1	2	3	4	5	6	7	8	9	10	11	12	13	14	15	16	17	18	19	20
1	2	3	4	5	6	7	8	9	10	11	12	13	14	15	16	17	18	19	20
1	2	3	4	5	6	7	8	9	10	11	12	13	14	15	16	17	18	19	20
1	2	3	4	5	6	7	8	9	10	11	12	13	14	15	16	17	18	19	20
1	2	3	4	5	6	7	8	9	10	11	12	13	14	15	16	17	18	19	20
1	2	3	4	5	6	7	8	9	10	11	12	13	14	15	16	17	18	19	20
1	2	3	4	5	6	7	8	9	10	11	12	13	14	15	16	17	18	19	20
1	2	3	4	5	6	7	8	9	10	11	12	13	14	15	16	17	18	19	20
1	2	3	4	5	6	7	8	9	10	11	12	13	14	15	16	17	18	19	20
1	2	3	4	5	6	7	8	9	10	11	12	13	14	15	16	17	18	19	20
1	2	3	4	5	6	7	8	9	10	11	12	13	14	15	16	17	18	19	20
1	2	3	4	5	6	7	8	9	10	11	12	13	14	15	16	17	18	19	20
1	2	3	4	5	6	7	8	9	10	11	12	13	14	15	16	17	18	19	20
1	2	3	4	5	6	7	8	9	10	11	12	13	14	15	16	17	18	19	20
1	2	3	4	5	6	7	8	9	10	11	12	13	14	15	16	17	18	19	20
1	2	3	4	5	6	7	8	9	10	11	12	13	14	15	16	17	18	19	20
1	2	3	4	5	6	7	8	9	10	11	12	13	14	15	16	17	18	19	20
1	2	3	4	5	6	7	8	9	10	11	12	13	14	15	16	17	18	19	20
1	2	3	4	5	6	7	8	9	10	11	12	13	14	15	16	17	18	19	20
1	2	3	4	5	6	7	8	9	10	11	12	13	14	15	16	17	18	19	20
1	2	3	4	5	6	7	8	9	10	11	12	13	14	15	16	17	18	19	20
1	2	3	4	5	6	7	8	9	10	11	12	13	14	15	16	17	18	19	20
1	2	3	4	5	6	7	8	9	10	11	12	13	14	15	16	17	18	19	20
1	2	3	4	5	6	7	8	9	10	11	12	13	14	15	16	17	18	19	20
1	2	3	4	5	6	7	8	9	10	11	12	13	14	15	16	17	18	19	20
1	2	3	4	5	6	7	8	9	10	11	12	13	14	15	16	17	18	19	20
1	2	3	4	5	6	7	8	9	10	11	12	13	14	15	16	17	18	19	20
1	2	3	4	5	6	7	8	9	10	11	12	13	14	15	16	17	18	19	20
1	2	3	4	5	6	7	8	9	10	11	12	13	14	15	16	17	18	19	20
1	2	3	4	5	6	7	8	9	10	11	12	13	14	15	16	17	18	19	20
1	2	3	4	5	6	7	8	9	10	11	12	13	14	15	16	17	18	19	20
1	2	3	4	5	6	7	8	9	10	11	12	13	14	15	16	17	18	19	20
1	2	3	4	5	6	7	8	9	10	11	12	13	14	15	16	17	18	19	20
1	2	3	4	5	6	7	8	9	10	11	12	13	14	15	16	17	18	19	20
1	2	3	4	5	6	7	8	9	10	11	12	13	14	15	16	17	18	19	20
1	2	3	4	5	6	7	8	9	10	11	12	13	14	15	16	17	18	19	20
1	2	3	4	5	6	7	8	9	10	11	12	13	14	15	16	17	18	19	20
1	2	3	4	5	6	7	8	9	10	11	12	13	14	15	16	17	18	19	20
1	2	3	4	5	6	7	8	9	10	11	12	13	14	15	16	17	18	19	20
1	2	3	4	5	6	7	8	9	10	11	12	13	14	15	16	17	18	19	20
1	2	3	4	5	6	7	8	9	10	11	12	13	14	15	16	17	18	19	20
1	2	3	4	5	6	7	8	9	10	11	12	13	14	15	16	17	18	19	20
1	2	3	4	5	6	7	8	9	10	11	12	13	14	15	16	17	18	19	20
1	2	3	4	5	6	7	8	9	10	11	12	13	14	15	16	17	18	19	20
1	2	3	4	5	6	7	8	9	10	11	12	13	14	15	16	17	18	19	20
1	2	3	4	5	6	7	8	9	10	11	12	13	14	15	16	17	18	19	20
1	2	3	4	5	6	7	8	9	10	11	12	13	14	15	16	17	18	19	20
1	2	3	4	5	6	7	8	9	10	11	12	13	14	15	16	17	18	19	20
1	2	3	4	5	6	7	8	9	10	11	12	13	14	15	16	17	18	19	20
1	2	3	4	5	6	7	8	9	10	11	12	13	14	15	16	17	18	19	20
1	2	3	4	5	6	7	8	9	10	11	12	13	14	15	16	17	18	19	20
1	2	3	4	5	6	7	8	9	10	11	12	13	14	15	16	17	18	19	20
1	2	3	4	5	6	7	8	9	10	11	12	13	14	15	16	17	18	19	20
1	2	3	4	5	6	7	8	9	10	11	12	13	14	15	16	17	18	19	20
1	2	3	4	5	6	7	8	9	10	11	12	13	14	15	16	17	18	19	20
1	2	3	4	5	6	7	8	9	10	11	12	13	14	15	16	17	18	19	20
1	2	3	4	5	6	7	8	9	10	11	12	13	14	15	16	17	18	19	20
1	2	3	4	5	6	7	8	9	10	11	12	13	14	15	16	17	18	19	20
1	2	3	4	5	6	7	8	9	10	11	12	13	14	15	16	17	18	19	20
1	2	3	4	5	6	7	8	9	10	11	12	13	14	15	16	17	18	19	20
1	2	3	4	5	6	7	8	9	10	11	12	13	14	15	16	17	18	19	20
1	2	3	4	5	6	7	8	9	10	11	12	13	14	15	16	17	18	19	20
1	2	3	4	5	6	7	8	9	10	11	12	13	14	15	16	17	18	19	20
1	2	3	4	5	6	7	8	9	10	11	12	13	14	15	16	17	18	19	20
1	2	3	4	5	6	7	8	9	10	11	12	13	14	15	16	17	18	19	20
1	2	3	4	5	6	7	8	9	10	11	12	13	14	15	16	17	18	19	20
1	2	3	4	5	6	7	8	9	10	11	12	13	14	15	16	17	18	19	20
1	2	3	4	5	6	7	8	9	10	11	12	13	14	15	16	17	18	19	20
1	2	3	4	5	6	7	8	9	10	11	12	13	14	15	16	17	18	19	20
1	2	3	4	5	6	7	8	9	10	11	12	13	14	15	16	17	18	19	20
1	2	3	4	5	6	7	8	9	10	11	12	13	14	15	16	17	18	19	20
1	2	3	4	5	6	7	8	9	10	11	12	13	14	15	16	17	18	19	20
1	2	3	4	5	6	7	8	9	10	11	12	13	14	15	16	17	18	19	20
1	2	3	4	5	6	7	8	9	10	11	12	13	14	15	16	17	18	19	20
1	2	3	4	5	6	7	8	9	10	11	12	13	14	15	16	17	18	19	20
1	2	3	4	5	6	7	8	9	10	11	12	13	14	15	16	17	18	19	20
1	2	3	4	5	6	7	8	9	10	11	12	13	14	15	16	17	18	19	20
1	2	3	4	5	6	7	8	9	10	11	12	13	14	15	16	17	18	19	20
1	2	3	4	5	6	7	8	9	10	11	12	13	14	15	16	17	18	19	20
1	2	3	4	5	6	7	8	9	10	11	12	13	14	15	16	17	18	19	20
1	2	3	4	5	6	7	8	9	10	11	12	13	14	15	16	17	18	19	20
1	2	3	4	5	6	7	8	9	10	11	12	13	14	15	16	17	18	19	20
1	2	3	4	5	6	7	8	9	10	11	12	13	14	15	16	17	18	19	20
1	2	3	4	5	6	7	8	9	10	11	12	13	14	15	16	17	18	19	20
1	2	3	4	5	6	7	8	9	10	11	12	13	14	15	16	17	18	19	20
1	2	3	4	5	6	7	8	9	10	11	12	13	14	15	16	17	18	19	20
1	2	3	4	5	6	7	8	9	10	11	12	13	14	15	16	17	18	19	20
1	2	3	4	5	6	7	8	9	10	11	12	13	14	15	16	17	18	19	20
1	2	3	4	5	6	7	8	9	10	11	12	13	14	15	16	17	18	19	20
1	2	3	4	5	6	7	8	9	10	11	12	13	14	15	16	17	18	19	20
1	2	3	4	5	6	7	8	9	10	11	12	13	14	15	16	17	18	19	20
1	2	3	4	5	6	7	8	9	10	11	12	13	14	15	16	17	18	19	20
1	2	3	4	5	6	7	8	9	10	11	12	13	14	15	16	17	18	19	20
1	2	3	4	5	6	7	8	9	10	11	12	13	14	15	16	17	18	19	20
1	2	3	4	5	6	7	8	9	10	11	12	13	14	15	16	17	18	19	20
1	2	3	4	5	6	7	8	9	10	11	12	13	14	15	16	17	18	19	20
1	2	3	4	5	6	7	8	9	10	11	12	13	14	15	16	17	18	19	20
1	2	3	4	5	6	7	8	9	10	11	12	13	14	15	16	17	18	19	20
1	2	3	4	5	6	7	8	9	10	11	12	13	14	15	16	17	18	19	20
1	2	3	4	5	6	7	8	9	10	11	12	13	14	15	16	17	18	19	20
1	2	3	4	5	6	7	8	9	10	11	12	13	14	15	16	17	18	19	20
1	2	3	4	5	6	7	8	9	10	11	12	13	14	15	16	17	18	19	20
1	2	3	4	5	6	7	8	9	10	11	12	13	14	15	16	17	18	19	20
1	2	3	4	5	6	7	8	9	10	11	12	13	14	15	16	17	18	19	20
1	2	3	4	5	6	7	8	9	10	11	12	13	14	15	16	17	18	19	20
1	2	3	4	5	6	7	8	9	10	11	12	13	14	15	16	17	18	19	20
1	2	3	4	5	6	7	8	9	10	11	12	13	14	15	16	17	18	19	20
1	2	3	4	5	6	7	8	9	10	11	12	13	14	15	16	17	18	19	20
1	2	3	4	5	6	7	8	9	10	11	12	13	14	15	16	17	18	19	20
1	2	3	4	5	6	7	8	9	10	11	12	13	14	15	16	17	18	19	20
1	2	3	4	5	6	7	8	9	10	11	12	13	14	15	16	17	18	19	20
1	2	3	4	5	6	7	8	9	10	11	12	13	14	15	16	17	18	19	20
1	2	3	4	5	6	7	8	9	10	11	12	13	14	15	16	17	18	19	20
1	2	3	4	5	6	7	8	9	10	11	12	13	14	15	16	17	18	19	20
1	2	3	4	5	6	7	8	9	10	11	12	13	14	15	16	17	18	19	20
1	2	3	4	5	6	7	8	9	10	11	12	13	14	15	16	17	18	19	20
1	2	3	4	5	6	7	8	9	10	11	12	13	14	15	16	17	18	19	20
1	2	3	4	5	6	7	8	9	10	11	12	13	14	15	16	17	18	19	20
1	2	3	4	5	6	7	8	9	10	11	12	13	14	15	16	17	18	19	20
1	2	3	4	5	6	7	8	9	10	11	12	13	14	15	16	17	18	19	20
1	2	3	4	5	6	7	8	9	10	11	12	13	14	15	16	17	18	19	20
1	2	3	4	5	6	7	8	9	10	11	12	13	14	15	16	17	18	19	20
1	2	3	4	5	6	7	8	9	10	11	12	13	14	15	16	17	18	19	20
1	2	3	4	5	6	7	8	9	10	11	12	13	14	15	16	17	18	19	20
1	2	3	4	5	6	7	8	9	10	11	12	13	14	15	16	17	18	19	20
1	2	3	4	5	6	7	8	9	10	11	12	13	14	15	16	17	18	19	20
1	2	3	4	5	6	7	8	9	10	11	12	13	14	15	16	17	18	19	20
1	2	3	4	5	6	7	8	9	10	11	12	13	14	15	16	17	18	19	20
1	2	3	4	5	6	7	8	9	10	11	12	13	14	15	16	17	18	19	20
1	2	3	4	5	6	7	8	9	10	11	12	13	14	15	16	17	18	19	20
1	2	3	4	5	6	7	8	9	10	11	12	13	14	15	16	17	18	19	20
1	2	3	4	5	6	7	8	9	10	11	12	13	14	15	16	17	18	19	20
1	2	3	4	5	6	7	8	9	10	11	12	13	14	15	16	17	18	19	20
1	2	3	4	5	6	7	8	9	10	11	12	13	14	15	16	17	18	19	20
1	2	3	4	5	6	7	8	9	10	11	12	13	14	15	16	17	18	19	20
1	2	3	4	5	6	7	8	9	10	11	12	13	14	15	16	17	18	19	20
1	2	3	4	5	6	7	8	9	10	11	12	13	14	15	16	17	18	19	20
1	2	3	4	5	6	7	8	9	10	11	12	13	14	15	16	17	18	19	20
1	2	3	4	5	6	7	8	9	10	11	12	13	14	15	16	17	18	19	20
1	2	3	4	5	6	7	8	9	10	11	12	13	14	15	16	17	18	19	20
1	2	3	4	5	6	7	8	9	10	11	12	13	14	15	16	17	18	19	20
1	2	3	4	5	6	7	8	9	10	11	12	13	14	15	16	17	18	19	20
1	2	3	4	5	6	7	8	9	10	11	12	13	14	15	16	17	18	19	20
1	2	3	4	5	6	7	8	9	10	11	12	13	14	15	16	17	18	19	20
1	2	3	4	5	6	7	8	9	10	11	12	13	14	15	16	17	18	19	20
1	2	3	4	5	6	7	8	9	10	11	12	13	14	15	16	17	18	19	20
1	2	3	4	5	6	7	8	9	10	11	12	13	14	15	16	17	18	19	20
1	2	3	4	5	6	7	8	9	10	11	12	13	14	15	16	17	18	19	20
1	2	3	4	5	6	7	8	9	10	11	12	13	14	15	16	17	18	19	20
1	2	3	4	5	6	7	8	9	10	11	12	13	14	15	16	17	18	19	20
1	2	3	4	5	6	7	8	9	10	11	12	13	14	15	16	17	18	19	20
1	2	3	4	5	6	7	8	9	10	11	12	13	14	15	16	17	18	19	20
1	2	3	4	5	6	7	8	9	10	11	12	13	14	15	16	17	18	19	20
1	2	3	4	5	6	7	8	9	10	11	12	13	14	15	16	17	18	19	20
1	2	3	4	5	6	7	8	9	10	11	12	13	14	15	16	17	18	19	20
1	2	3	4	5	6	7	8	9	10	11	12	13	14	15	16	17	18	19	20
1	2	3	4	5	6	7	8	9	10	11	12	13	14	15	16	17	18	19	20
1	2	3	4	5	6	7	8	9	10	11	12	13	14	15	16	17	18	19	20
1	2	3	4	5	6	7	8	9	10	11	12	13	14	15	16	17	18	19	20
1	2	3	4	5	6	7	8	9	10	11	12	13	14	15	16	17	18	19	20
1	2	3	4	5	6	7	8	9	10	11	12	13	14	15	16	17	18	19	20
1	2	3	4	5	6	7	8	9	10	11	12	13	14	15	16	17	18	19	20
1	2	3	4	5	6	7	8	9	10	11	12	13	14	15	16	17	18	19	20
1	2	3	4	5	6	7	8	9	10	11	12	13	14	15	16	17	18	19	20
1	2	3	4	5	6	7	8	9	10	11	12	13	14	15	16	17	18	19	20
1	2	3	4	5	6	7	8	9	10	11	12	13	14	15	16	17	18	19	20
1	2	3	4	5	6	7	8	9	10	11	12	13	14	15	16	17	18	19	20
1	2	3	4	5	6	7	8	9	10	11	12	13	14	15	16	17	18	19	20
1	2	3	4	5	6	7	8	9	10	11	12	13	14	15	16	17	18	19	20
1	2	3	4	5	6	7	8	9	10	11	12	13	14	15	16	17	18	19	20
1	2	3	4	5	6	7	8	9	10	11	12	13	14	15	16	17	18	19	20
1	2	3	4	5	6	7	8	9	10	11	12	13	14	15	16	17	18	19	20
1	2	3	4	5	6	7	8	9	10	11	12	13	14	15	16	17	18	19	20
1	2	3	4	5	6	7	8	9	10	11	12	13	14	15	16	17	18	19	20
1	2	3	4	5	6	7	8	9	10	11	12	13	14	15	16	17	18	19	20
1	2	3	4	5	6	7	8	9	10	11	12	13	14	15	16	17	18	19	20
1	2	3	4	5	6	7	8	9	10	11	12	13	14	15	16	17	18	19	20
1	2	3	4	5	6	7	8	9	10	11	12	13	14	15	16	17	18	19	20
1	2	3	4	5	6	7	8	9	10	11	12	13	14	15	16	17	18	19	20
