200	20
70.0	37.7	9.7	31.2	63.3	95.9	1.2	49.6	98.4	52.2	54.2	80.0	40.8	24.8	59.7	16.5	79.7	48.2	8.9	38.5
9.9	37.5	19.1	46.4	92.7	93.4	95.4	60.7	59.6	43.9	40.8	54.3	1.5	38.2	23.2	64.7	64.4	55.0	55.4	17.9
43.6	88.6	17.2	92.7	72.4	59.7	48.1	9.4	16.7	3.8	34.7	88.6	44.0	18.0	16.8	73.5	15.1	58.2	35.8	7.8
59.7	57.9	88.5	53.7	65.2	19.9	69.5	20.2	68.2	53.3	45.1	15.3	51.6	43.5	65.4	24.6	86.3	5.1	76.7	63.9
30.6	78.9	94.2	26.9	36.2	19.0	14.1	85.5	3.2	43.0	12.2	59.5	20.1	86.3	9.3	75.7	21.7	9.2	32.9	16.9
34.9	89.9	44.5	76.3	57.5	31.3	72.2	96.8	59.1	67.5	52.4	97.6	24.4	41.8	52.4	72.4	73.8	94.3	42.4	53.5
70.4	14.7	28.6	42.9	88.3	23.1	14.1	39.5	65.6	67.8	30.4	34.7	10.0	87.7	95.1	82.1	95.9	36.7	87.0	4.5
43.1	59.1	41.4	7.4	44.9	10.3	57.9	3.2	99.2	72.0	8.9	18.9	79.5	74.5	35.6	20.4	21.7	13.1	15.9	3.3
90.3	50.4	70.9	91.7	94.0	40.0	74.3	7.6	92.0	23.6	41.7	32.6	54.1	95.1	88.2	50.7	45.7	42.0	73.7	31.7
3.7	16.2	71.5	65.4	66.9	67.3	97.6	38.1	32.5	79.6	37.2	99.1	16.7	16.8	69.6	60.4	66.9	37.0	57.3	19.9
26.4	51.3	92.0	98.4	70.8	2.3	94.3	54.1	31.4	68.5	93.9	76.9	6.3	51.5	57.4	60.9	73.3	46.9	81.7	12.5
48.2	79.1	44.3	77.2	93.2	31.8	89.2	34.5	38.3	44.5	9.7	21.2	89.1	18.6	32.4	82.3	34.0	89.7	38.6	34.8
46.7	88.7	62.8	33.9	76.9	39.2	86.2	73.9	73.0	51.1	5.4	93.4	91.7	20.5	16.7	19.1	33.3	24.8	12.1	20.9
21.5	21.3	39.3	55.7	32.7	11.4	84.1	85.8	35.6	30.0	31.3	82.6	15.9	13.2	35.8	45.2	65.0	93.4	19.8	55.7
26.9	57.5	10.8	39.1	20.7	14.1	31.9	67.7	96.9	90.6	73.7	28.2	77.7	33.2	57.9	50.7	6.4	89.6	58.7	49.0
6.7	63.4	36.7	35.6	95.4	55.4	67.8	55.5	1.6	65.4	58.4	84.0	86.8	73.2	35.1	33.7	70.6	74.4	59.8	5.1
31.8	84.6	50.3	79.7	75.5	71.0	17.8	55.6	42.1	33.8	98.4	0.3	75.3	36.3	45.2	75.8	49.4	52.8	17.2	23.2
42.8	63.8	83.0	16.8	53.9	31.3	0.6	48.5	63.7	1.9	62.7	39.0	97.3	15.2	52.7	46.9	77.2	79.7	33.0	99.9
93.1	56.7	6.5	13.5	87.6	71.9	85.1	95.7	13.3	38.9	96.9	29.3	24.4	4.2	14.1	87.1	38.6	3.4	76.2	87.2
51.7	36.3	30.8	31.8	9.9	25.6	18.7	73.8	84.7	39.6	87.1	30.2	79.9	37.7	56.1	77.1	94.4	65.7	51.1	86.9
38.2	8.0	21.4	23.2	29.9	28.4	26.6	62.5	98.9	13.7	84.8	16.8	21.2	42.6	12.4	68.0	3.3	26.6	48.2	8.1
49.1	2.6	94.3	18.5	61.7	10.6	34.6	33.4	70.5	19.7	71.2	92.2	4.5	15.2	50.8	39.1	91.2	88.9	45.0	64.7
83.8	34.8	47.5	76.9	40.3	81.6	94.2	75.2	52.0	84.6	13.0	74.1	13.2	2.6	44.0	14.6	50.8	25.4	53.0	89.5
18.7	87.4	73.5	60.4	80.8	29.4	87.5	45.7	47.7	4.6	83.8	83.5	92.6	7.0	78.1	21.2	42.1	93.7	77.7	92.3
16.3	5.2	86.8	4.5	88.2	71.7	89.0	7.5	94.8	22.4	38.1	63.5	13.5	24.1	79.3	75.9	40.2	42.3	34.1	64.0
62.6	2.6	12.1	63.7	32.9	87.6	15.2	19.3	79.3	11.3	66.2	88.5	35.4	50.4	4.1	35.7	98.3	83.0	99.5	11.0
47.1	3.2	39.4	23.7	41.4	84.5	90.8	5.8	15.8	46.3	26.6	31.0	52.5	59.8	3.8	56.7	21.3	81.7	17.8	31.3
76.5	97.2	61.7	77.0	44.4	58.5	74.6	1.4	11.0	25.1	31.4	65.6	58.7	76.9	21.1	76.7	0.7	43.8	7.2	100.0
75.5	24.3	88.8	34.5	13.6	77.2	38.9	66.0	62.2	37.4	95.1	9.8	61.9	94.8	37.0	86.5	89.3	51.3	40.4	33.0
61.4	58.4	25.2	36.4	43.7	46.9	24.8	91.6	32.1	38.6	85.5	50.8	81.9	7.1	37.2	67.0	73.8	1.9	60.5	97.8
66.6	72.3	90.7	57.9	85.5	35.7	46.7	22.3	47.4	45.3	44.5	19.7	13.3	69.6	92.6	73.1	45.9	80.8	42.3	83.6
37.5	34.1	73.1	46.1	27.5	41.7	86.9	72.2	30.0	12.9	0.9	61.9	91.4	56.8	52.6	36.7	15.5	96.7	70.0	88.5
32.3	18.8	70.1	76.1	84.3	58.3	87.0	62.1	18.0	80.6	28.9	35.8	1.4	54.0	73.1	29.8	37.9	75.1	86.3	67.3
13.3	57.0	20.6	70.7	75.0	3.4	11.0	52.9	72.6	26.8	67.5	94.7	48.1	79.3	90.1	68.5	86.2	11.8	10.0	16.2
91.0	82.9	65.5	47.2	42.9	69.1	28.9	49.3	32.9	23.2	29.6	75.1	32.1	30.0	41.8	29.2	80.0	47.1	98.2	35.3
79.1	22.7	44.3	15.0	79.0	12.5	44.2	17.1	79.9	32.0	94.8	36.7	55.5	32.3	53.1	82.2	14.6	98.4	20.7	21.5
54.6	27.8	15.8	46.9	24.1	6.2	65.5	67.8	98.4	38.3	25.9	59.3	32.3	84.5	27.0	3.5	41.3	42.1	77.1	63.5
59.3	56.3	57.6	85.4	12.9	53.4	98.6	45.4	84.0	8.4	59.2	3.7	89.6	67.9	61.1	36.3	80.6	72.6	87.8	97.4
1.3	70.8	97.0	10.7	79.2	93.8	93.3	57.2	73.7	83.4	99.1	12.5	82.6	42.4	77.6	35.6	37.0	64.5	82.0	15.5
93.5	48.4	35.6	20.7	78.2	39.1	55.4	24.1	54.6	47.1	68.1	80.1	87.3	80.4	14.5	67.0	40.9	57.5	63.9	11.5
93.0	72.4	19.9	25.1	31.5	92.1	11.8	23.1	31.1	79.8	84.6	86.4	60.1	90.4	54.5	42.6	43.5	47.7	35.0	82.5
63.7	78.6	19.6	14.5	31.7	8.5	18.7	13.9	10.4	25.7	80.8	24.6	70.7	12.2	71.4	95.3	35.6	37.9	6.5	72.3
81.5	62.3	80.9	44.9	76.6	19.6	63.7	47.3	4.0	76.5	55.1	37.4	33.4	29.8	68.9	52.7	50.7	35.0	77.5	4.6
38.7	77.8	40.5	42.4	10.1	40.8	9.5	99.4	58.4	12.1	71.8	29.5	89.0	38.6	12.0	39.7	30.3	93.0	47.4	45.2
30.3	14.8	60.0	19.4	15.8	80.5	18.8	99.5	45.6	11.1	5.4	40.9	5.9	29.6	32.4	49.0	1.7	93.7	79.8	91.8
94.2	77.2	76.7	64.9	10.8	69.7	5.2	46.2	85.6	16.4	58.5	44.3	96.7	18.1	90.5	87.3	11.2	49.2	88.8	25.2
85.9	62.3	68.1	21.3	20.2	60.1	44.3	63.3	11.0	48.2	44.9	30.5	96.5	32.4	91.3	48.2	61.2	0.9	40.9	79.4
50.6	93.0	36.6	44.7	62.9	68.1	95.5	64.3	55.6	3.6	75.6	27.3	5.5	37.0	7.3	14.8	79.5	59.2	11.5	48.5
33.0	33.1	92.6	98.7	49.5	30.6	40.2	87.9	16.7	88.8	10.4	67.1	0.6	11.0	56.1	71.0	15.0	92.5	33.3	23.4
41.2	44.9	67.5	62.8	29.9	48.8	6.0	80.1	83.3	95.3	95.1	26.5	86.2	12.0	13.4	27.6	32.6	18.3	89.2	33.4
25.6	71.1	95.7	11.9	13.7	99.1	77.7	50.8	38.1	27.9	13.0	51.2	72.2	45.0	44.2	2.8	46.7	57.2	23.3	0.2
80.6	16.6	80.9	56.2	68.8	3.2	54.3	93.1	45.1	17.9	12.6	29.8	4.8	21.7	94.8	90.1	49.2	76.4	44.2	72.4
80.3	69.7	87.5	66.0	95.1	12.9	44.6	13.3	78.9	55.9	74.3	14.9	64.5	20.4	53.8	50.0	8.8	7.7	2.7	33.9
36.1	44.7	63.7	54.0	28.9	66.4	13.5	38.4	50.1	1.3	95.6	22.2	78.9	77.1	67.0	26.2	14.9	83.2	72.4	90.8
52.5	64.4	85.2	4.8	50.0	3.9	63.1	94.5	14.4	26.3	77.0	86.8	81.3	70.0	0.5	28.4	37.6	43.9	98.0	66.6
87.6	88.1	68.7	36.2	31.2	54.6	73.3	74.4	53.9	77.7	35.1	35.6	72.1	40.0	48.7	3.5	28.3	72.5	91.3	66.7
61.9	24.1	7.3	30.2	40.2	29.4	40.4	27.3	29.1	73.7	56.6	85.4	19.5	29.2	45.0	82.3	87.6	54.6	90.7	22.4
10.1	22.2	9.1	43.0	97.8	4.5	62.1	10.2	82.7	42.2	58.7	39.5	44.3	47.9	73.8	17.8	18.9	90.9	74.6	97.0
21.0	40.4	54.4	35.9	86.9	65.3	22.6	70.2	57.2	98.1	42.8	68.1	31.3	80.3	63.9	59.0	59.9	50.4	34.3	75.3
20.9	18.3	71.3	99.3	73.7	74.6	28.9	53.3	65.6	67.0	28.9	63.3	19.0	19.5	37.2	9.0	77.7	28.8	8.3	55.7
47.0	90.8	98.8	19.6	97.2	49.9	42.6	88.6	10.3	35.0	69.1	4.6	52.6	97.7	38.9	71.9	10.9	8.8	82.5	43.0
88.0	37.9	94.6	1.5	81.8	14.3	77.0	62.9	64.9	23.8	33.6	29.6	67.3	61.8	98.4	54.7	58.5	95.5	49.8	4.3
12.3	79.3	72.4	57.4	40.8	95.7	62.0	45.4	46.2	66.7	53.3	83.4	99.8	9.1	2.4	54.9	63.9	77.1	64.7	40.9
45.6	94.0	40.5	28.5	57.9	24.1	84.9	46.8	23.4	45.3	73.5	43.1	81.5	81.2	5.9	90.8	94.0	86.8	55.6	10.0
87.3	76.2	86.3	42.9	79.1	37.6	50.0	23.1	8.2	77.9	64.8	94.4	10.3	65.4	88.0	22.4	93.1	78.6	5.5	89.1
49.8	15.1	36.6	2.3	76.0	46.0	27.7	89.2	87.2	39.4	7.6	60.4	53.0	4.6	1.3	51.9	61.0	40.1	46.4	90.7
98.1	56.4	69.8	36.8	31.3	14.9	49.7	26.4	61.4	95.2	54.5	58.2	39.0	45.0	93.9	68.5	25.9	2.5	62.4	69.1
2.9	43.1	80.4	82.2	55.0	55.0	65.2	20.0	67.4	24.5	17.4	33.1	99.6	66.6	16.3	5.2	49.4	79.4	97.2	14.5
81.8	71.4	98.8	84.8	8.4	81.2	63.2	96.8	72.2	72.6	91.6	6.8	55.6	33.0	99.3	66.6	57.7	8.4	44.0	23.5
58.9	62.4	54.2	0.7	56.3	4.2	74.6	13.7	45.3	67.0	71.7	32.4	73.0	42.7	6.3	31.1	5.5	60.4	36.2	99.7
34.4	77.4	35.4	52.2	93.2	79.0	46.6	67.6	57.3	24.7	66.2	48.8	60.1	5.7	22.7	98.0	46.9	1.0	59.1	89.8
63.1	29.8	67.1	93.5	97.1	79.3	38.2	30.7	25.1	77.5	99.7	57.9	71.5	86.3	94.6	19.5	70.7	58.0	5.5	54.4
94.8	16.9	18.2	19.4	98.4	26.3	48.1	1.4	67.9	35.2	60.0	90.2	83.4	51.5	16.2	24.5	54.6	53.1	70.9	34.5
6.2	91.5	7.6	34.3	92.5	11.9	54.5	56.9	12.2	51.9	63.1	66.3	35.6	93.2	25.5	80.0	64.2	10.4	6.1	27.6
77.6	28.9	55.1	95.5	7.0	3.6	12.8	15.6	42.7	66.8	10.5	24.3	95.5	64.0	19.1	41.8	77.2	41.7	71.8	90.8
13.7	40.5	11.7	74.6	23.8	15.5	11.7	88.2	89.3	78.1	84.6	57.5	53.5	4.3	48.1	0.6	40.0	14.1	64.6	38.2
22.0	86.8	74.1	24.9	26.1	83.7	57.9	31.7	55.2	25.7	70.6	45.8	70.9	82.7	87.4	9.9	41.3	15.3	46.1	23.9
80.9	28.7	98.2	89.8	25.7	85.2	65.3	97.6	71.5	35.5	0.0	92.3	15.6	44.6	35.9	50.6	41.2	87.5	89.0	10.8
35.8	18.1	27.6	70.7	57.3	3.8	27.1	20.0	41.6	46.9	70.6	68.1	0.2	61.5	94.5	34.6	83.9	67.5	98.9	86.6
37.1	57.9	84.2	13.5	74.7	12.4	30.0	7.7	76.7	17.1	39.2	86.9	48.5	13.6	41.5	50.6	15.3	23.3	27.0	36.6
57.1	10.2	86.8	92.8	30.2	20.9	98.8	51.1	24.7	41.1	86.3	75.4	94.9	25.7	13.4	7.4	94.2	30.9	83.6	0.9
34.2	12.4	99.2	67.0	45.0	7.0	92.7	93.5	56.4	29.1	83.7	21.1	32.2	55.6	16.9	27.3	65.0	8.1	65.1	30.5
5.5	30.0	29.7	62.4	18.2	82.0	29.4	45.7	0.2	90.8	16.7	10.7	86.6	51.5	17.6	58.5	26.5	37.6	35.5	81.1
3.5	57.7	28.4	95.8	46.0	5.0	32.0	67.4	15.3	6.1	88.8	93.9	83.7	100.0	8.7	81.1	19.2	82.7	28.3	71.5
43.5	48.8	63.3	61.4	27.2	14.3	41.0	30.6	35.3	31.7	23.2	67.1	14.3	35.5	66.7	52.9	52.7	37.5	15.4	76.6
42.2	51.9	65.4	83.5	34.5	28.4	18.4	60.7	2.5	48.3	29.6	36.6	47.7	69.5	43.1	57.6	22.0	89.1	93.4	30.4
96.7	28.8	89.8	38.1	90.9	61.0	15.1	25.6	37.4	78.1	13.0	54.3	12.0	56.2	13.6	11.1	27.9	30.9	19.8	79.4
45.6	39.1	71.3	77.3	62.4	22.3	26.2	72.9	93.7	20.4	18.4	55.6	49.7	70.5	41.6	65.0	96.8	96.9	36.2	43.6
94.9	77.0	73.0	66.3	16.7	90.9	12.0	32.1	17.5	70.0	71.8	84.7	42.3	27.3	18.4	25.6	0.7	42.3	88.8	27.2
61.5	5.2	81.9	77.0	94.8	64.0	29.9	24.1	21.5	41.5	49.3	79.6	82.0	55.7	45.8	12.0	13.9	85.8	95.2	22.9
51.5	96.8	24.5	3.5	61.9	47.6	42.3	94.7	89.7	47.0	31.9	70.7	75.5	35.2	47.6	1.6	20.9	97.8	79.2	58.5
59.3	86.4	40.6	83.5	1.0	80.6	68.7	21.9	48.0	32.1	62.2	59.7	53.7	88.3	77.8	9.9	81.7	98.2	26.4	84.3
14.9	54.9	35.7	99.2	12.3	47.9	14.6	34.1	31.9	14.4	25.3	86.9	23.6	6.5	41.8	61.9	35.7	98.0	39.3	67.6
85.4	29.8	28.1	95.4	79.5	99.5	42.7	77.0	42.3	66.1	94.4	52.6	83.2	10.0	93.5	22.3	10.5	98.1	42.2	95.7
14.9	64.8	20.2	87.3	56.6	96.4	12.1	27.8	92.8	8.9	41.0	33.2	68.8	35.0	32.3	7.9	0.7	75.1	54.4	60.2
75.2	6.3	95.1	69.8	15.8	79.9	23.5	50.8	92.5	60.5	0.8	81.6	98.9	29.2	26.9	41.4	67.3	6.2	59.6	12.7
22.0	81.3	9.3	18.6	20.3	33.3	92.8	18.3	23.0	11.2	62.5	73.6	45.4	80.9	75.8	81.7	44.6	67.8	0.9	3.9
16.7	68.9	64.4	41.8	24.5	81.3	25.3	9.0	34.3	41.9	76.3	59.7	9.3	84.4	90.0	65.8	27.6	29.5	59.4	48.0
92.8	82.3	11.3	2.2	20.2	68.6	87.4	32.0	6.6	15.1	19.0	8.0	58.1	96.3	90.8	57.9	20.4	29.0	61.7	74.9
35.2	0.5	98.3	40.3	75.4	36.4	86.2	96.6	77.4	40.6	35.1	93.7	92.6	82.1	96.7	24.8	58.6	24.9	99.4	83.5
4.8	7.4	3.9	55.3	21.5	20.8	29.4	92.4	80.1	24.6	7.0	8.0	13.3	40.8	26.3	83.4	56.3	37.0	45.1	96.1
76.7	51.2	60.5	9.5	86.8	14.8	62.5	34.5	82.4	99.4	64.5	55.3	20.3	28.7	22.9	83.0	58.7	38.0	23.3	58.1
76.4	2.8	35.1	92.2	50.7	57.2	48.6	70.3	52.9	80.7	89.8	23.6	76.6	27.2	38.7	74.4	40.3	96.7	92.6	59.4
31.5	60.9	97.8	2.3	70.8	94.5	97.3	34.5	82.7	10.7	54.8	67.2	48.9	8.6	4.3	50.3	19.4	86.6	89.4	45.6
1.5	33.1	46.7	82.6	62.2	14.7	15.8	97.1	78.4	56.7	40.1	24.6	68.6	27.3	70.2	0.1	79.6	89.3	9.6	37.6
31.5	8.8	52.6	59.5	72.0	23.6	99.6	47.4	70.0	33.6	35.0	46.6	9.2	91.2	26.1	6.8	78.3	31.6	17.6	87.0
84.8	0.4	89.1	97.8	1.4	11.8	85.4	32.2	70.1	55.0	19.8	90.2	9.3	28.6	46.0	67.0	10.0	42.0	0.3	83.9
40.0	88.7	0.4	16.9	37.4	79.5	36.0	42.2	74.3	17.4	54.4	21.3	68.7	25.6	68.0	64.8	70.4	46.0	25.5	75.1
40.8	26.9	30.6	84.5	75.9	30.1	67.7	6.9	69.6	33.1	22.8	87.4	27.2	40.8	43.1	44.2	35.3	57.0	14.7	28.1
25.6	8.6	33.7	93.5	26.8	19.8	27.2	39.5	99.8	29.6	72.5	9.8	17.2	17.5	85.3	55.0	4.1	37.6	70.3	25.3
41.6	20.4	59.9	16.0	63.9	16.4	83.0	59.4	2.1	61.2	59.0	30.1	57.8	48.0	37.9	20.8	7.8	11.4	89.5	20.0
98.1	37.9	7.7	83.8	57.0	85.2	84.8	96.9	96.0	43.1	69.6	33.4	17.6	36.4	5.3	35.0	52.3	37.1	67.9	44.7
44.7	57.7	37.6	18.8	43.9	62.4	98.1	41.1	5.7	15.5	34.1	28.0	53.5	78.8	90.3	1.8	66.0	37.4	35.0	59.1
14.2	3.6	28.2	81.7	45.5	16.3	20.5	59.5	73.9	76.2	24.8	0.8	72.8	67.0	79.5	76.5	51.9	76.2	19.3	25.9
1.4	86.7	2.3	4.8	42.8	28.5	20.9	12.3	32.0	38.6	84.9	47.8	58.7	45.9	45.0	57.8	88.5	96.5	42.4	94.4
16.8	56.3	50.8	50.1	2.9	99.4	28.0	48.8	44.8	86.5	58.0	36.2	78.7	82.1	36.0	9.7	2.2	30.0	14.6	83.9
85.3	62.2	87.1	6.1	17.8	46.1	2.3	35.9	44.8	31.6	91.4	11.8	41.1	94.6	25.3	30.2	45.5	30.8	90.3	93.4
41.4	91.0	35.0	73.6	63.3	20.3	74.7	34.9	49.1	28.2	15.3	35.1	0.5	84.3	63.2	28.3	17.4	63.8	89.9	99.6
8.2	69.5	18.6	38.0	50.6	25.9	97.3	75.6	88.1	97.8	45.4	54.2	10.1	89.8	50.9	22.9	42.0	95.7	33.1	53.5
81.4	23.0	86.4	65.7	74.5	94.9	72.0	34.4	64.9	52.3	68.1	49.9	60.8	74.1	1.9	17.4	96.9	17.3	43.4	74.7
16.6	8.9	47.0	42.1	84.7	93.9	20.7	37.6	27.9	20.8	41.8	56.7	80.9	79.8	1.1	47.6	61.8	7.1	68.1	36.7
6.1	33.8	47.4	65.2	64.7	7.6	67.4	42.2	86.0	24.1	63.2	5.9	45.3	31.0	10.3	4.0	77.9	88.0	50.6	75.8
94.4	99.4	96.0	99.4	73.5	82.9	93.0	54.8	89.3	73.1	73.5	27.5	51.3	64.0	65.8	41.1	46.3	99.0	55.1	35.5
55.5	50.6	75.0	61.0	56.9	23.7	20.4	57.8	4.6	40.7	94.2	22.7	65.2	3.7	66.3	41.0	69.9	61.0	4.3	91.3
28.6	85.8	10.8	88.3	46.8	66.7	9.1	2.1	83.5	88.7	99.2	77.2	59.8	31.3	91.2	15.6	34.9	29.1	78.7	91.6
45.5	91.8	34.7	88.4	76.8	54.9	30.7	67.3	59.9	23.1	91.5	80.5	100.0	71.3	89.6	52.4	32.6	28.3	15.3	28.2
80.2	35.9	15.9	54.1	66.6	71.1	79.0	49.3	22.5	0.6	69.5	89.4	93.1	98.6	43.9	73.0	91.6	69.7	11.1	87.9
11.1	57.2	68.4	72.7	6.8	60.0	34.3	75.6	29.3	34.1	16.0	74.1	29.7	10.0	93.0	53.6	67.2	99.5	48.7	92.1
28.0	56.2	61.3	62.4	12.7	83.8	67.3	44.1	78.2	74.5	23.3	98.0	45.8	58.6	40.9	76.8	16.7	39.3	90.3	41.8
11.8	58.2	99.5	75.7	26.7	58.7	86.0	21.5	1.4	44.4	88.3	94.2	29.8	42.8	39.0	63.1	79.3	79.0	62.1	59.8
66.1	23.8	6.9	8.3	45.1	78.2	89.8	84.9	74.8	57.1	42.8	6.6	13.0	5.4	41.8	40.0	15.9	6.6	69.2	94.6
21.0	67.5	88.7	83.2	97.2	93.6	81.8	57.1	78.3	94.2	32.1	54.8	41.0	73.9	44.3	85.2	58.8	31.3	84.7	3.3
68.7	38.5	96.0	26.2	55.9	58.9	71.7	84.6	76.9	23.8	58.0	34.2	86.7	31.5	25.2	34.7	45.9	7.3	45.9	53.2
32.5	72.0	48.3	35.4	69.6	83.6	93.8	55.7	7.6	66.7	14.6	18.3	84.6	19.7	21.5	59.7	77.4	84.8	21.8	14.3
80.8	80.6	4.6	40.1	26.2	88.7	88.6	53.6	10.7	60.0	61.1	58.5	32.3	79.1	21.7	18.5	9.6	52.7	67.8	46.0
95.0	43.0	18.1	12.5	70.5	86.0	86.8	11.6	33.1	47.2	73.8	35.7	12.0	76.5	89.7	57.8	76.1	98.1	70.5	84.2
31.6	37.9	52.9	93.1	84.7	53.3	45.9	27.5	73.9	51.1	36.0	5.7	77.5	25.2	94.1	78.8	92.8	51.0	46.1	30.0
83.0	13.1	66.8	28.9	5.0	70.1	11.8	15.3	99.6	48.5	24.4	79.8	52.0	0.2	33.1	98.8	83.9	99.6	93.9	83.6
57.1	6.7	61.3	18.2	78.0	83.8	67.3	98.4	17.9	87.9	16.0	7.6	61.9	64.0	94.8	39.9	15.7	70.6	46.7	90.2
33.8	91.8	57.9	9.1	27.2	33.9	49.8	37.0	46.5	64.0	31.9	74.6	41.4	20.5	2.4	84.5	83.8	89.3	2.9	17.0
67.8	33.1	57.0	59.4	34.0	78.2	46.8	50.3	3.7	86.8	92.1	82.9	37.0	9.5	77.7	49.3	10.1	11.3	46.5	37.4
24.7	84.9	57.4	48.2	85.2	74.4	28.5	17.6	28.7	75.9	6.3	44.1	44.4	74.4	50.1	72.2	96.8	40.5	67.0	42.1
37.5	63.1	94.2	76.1	19.1	98.1	34.0	54.2	8.8	32.9	77.4	5.2	21.5	18.4	36.6	59.9	92.2	56.6	8.3	12.4
7.2	48.4	52.3	41.3	74.9	14.4	7.4	69.2	20.5	17.7	51.9	99.8	98.6	1.2	99.3	37.2	62.9	36.2	83.9	31.8
25.1	34.2	84.2	65.9	84.7	76.7	96.1	1.5	38.2	47.2	85.6	53.1	47.5	96.4	63.6	0.1	83.9	12.5	71.2	33.3
66.9	26.1	37.8	90.0	76.1	94.3	7.1	45.5	51.8	84.6	88.8	91.0	2.7	75.3	89.4	77.9	89.3	84.9	99.7	23.8
61.9	62.2	49.4	11.9	64.8	90.5	48.0	71.7	25.2	13.9	7.0	73.2	5.2	97.1	26.4	96.5	89.4	60.2	91.4	62.8
14.6	28.3	54.4	92.8	10.5	93.5	52.4	69.3	97.9	22.6	44.2	55.3	15.3	73.3	42.0	19.8	0.4	74.1	95.2	27.9
11.0	20.6	13.5	17.3	64.4	46.8	94.8	20.1	53.9	32.9	81.5	87.5	91.3	26.2	51.4	37.6	70.8	33.4	25.5	4.4
55.9	36.7	47.3	26.5	10.6	50.5	29.8	23.1	96.5	38.6	36.8	18.6	93.4	62.2	78.6	39.6	7.6	23.5	49.8	61.4
99.4	86.3	49.1	59.1	95.7	7.5	34.0	88.7	63.4	55.7	0.6	82.8	62.1	14.3	71.6	75.0	43.1	55.3	74.3	98.1
38.9	67.6	15.2	8.1	39.8	37.1	18.0	45.5	99.9	17.7	47.1	40.9	41.9	26.6	25.2	7.5	69.0	79.9	71.0	63.5
27.6	72.3	10.3	60.1	4.4	65.3	58.6	29.8	2.6	44.2	10.4	43.2	40.1	37.2	4.1	58.8	38.8	0.4	2.5	37.2
74.6	15.6	43.2	12.5	47.6	67.3	28.3	2.2	5.6	28.5	58.1	81.5	42.5	87.6	92.5	2.0	66.8	55.5	90.4	11.6
92.1	79.6	26.9	34.5	76.8	80.7	97.6	62.4	32.4	53.4	53.3	60.1	42.4	30.1	35.7	43.0	28.4	70.3	79.7	52.6
60.5	30.1	65.7	0.9	93.9	50.4	56.5	75.0	0.0	94.6	10.4	82.9	39.2	53.5	76.0	46.6	66.2	60.0	95.1	47.7
81.5	31.0	15.9	76.3	92.1	52.7	93.3	12.8	23.8	58.8	3.5	97.0	15.8	43.4	71.4	89.3	38.5	65.4	80.5	39.4
61.8	54.3	44.2	92.9	20.8	86.0	11.1	76.9	73.3	2.2	89.5	80.1	10.1	82.2	43.8	70.0	88.4	99.4	23.7	58.5
38.0	32.0	3.0	92.2	42.1	98.5	43.6	76.4	0.6	61.6	50.4	15.2	44.6	96.2	6.7	68.8	22.3	65.3	41.6	96.8
18.0	49.9	75.0	89.3	31.6	41.1	97.7	76.6	80.5	15.9	24.0	4.1	50.0	28.5	53.9	57.1	55.6	3.0	0.2	94.6
72.7	10.8	32.4	27.5	97.6	33.4	61.4	82.7	92.7	32.5	13.1	46.9	14.9	37.5	26.1	94.2	55.0	6.6	54.0	9.6
24.0	3.1	60.7	33.9	34.0	8.2	2.0	3.8	97.5	87.9	17.9	86.3	77.0	64.3	9.1	40.0	69.2	49.9	67.4	12.1
35.3	87.2	14.1	60.9	72.9	77.8	77.6	64.9	62.6	55.4	41.7	82.7	34.9	92.3	64.8	31.5	39.6	9.5	73.3	28.3
51.9	97.4	59.5	95.8	28.1	77.5	25.5	69.1	23.9	41.9	78.0	22.8	78.5	65.2	62.7	6.1	11.6	66.3	12.1	22.7
86.1	16.0	81.9	60.5	9.4	91.7	56.3	38.4	85.5	43.6	68.0	34.9	90.2	3.4	58.6	35.5	29.8	54.9	19.5	62.3
68.3	8.5	95.9	47.2	82.6	11.1	90.4	63.5	67.4	14.3	97.5	84.0	43.6	96.3	8.9	47.1	35.0	28.7	97.2	34.3
2.5	91.4	15.0	3.2	37.4	43.0	60.0	99.3	80.7	33.3	97.1	11.7	37.7	86.9	36.4	10.0	3.6	26.7	73.1	18.1
81.2	29.1	46.2	42.0	56.7	20.9	26.8	0.5	30.8	60.3	67.8	38.4	37.9	69.2	47.1	66.1	21.1	48.8	35.5	75.0
15.2	39.1	28.8	69.8	88.9	63.2	53.4	82.4	3.7	7.6	22.1	52.5	72.8	55.9	37.4	2.8	87.2	98.8	7.0	69.6
1.2	53.5	43.4	12.9	14.9	91.7	45.4	68.4	69.8	82.3	26.2	30.7	20.6	93.4	79.1	22.8	43.4	10.6	83.8	56.1
1.5	46.2	72.2	54.7	29.5	14.1	28.2	45.0	89.3	14.8	62.7	30.6	94.7	67.8	51.2	83.6	52.0	22.8	26.4	52.1
37.9	82.9	54.1	72.4	78.4	14.0	64.5	87.9	66.6	39.8	44.5	65.5	12.6	94.0	73.9	48.7	78.3	66.1	47.2	47.0
71.4	71.7	60.0	20.1	46.0	41.7	52.0	99.1	77.0	85.9	98.2	61.0	77.5	9.2	55.5	92.3	39.8	9.3	22.3	6.2
52.8	71.3	25.5	52.4	38.9	19.6	33.9	8.0	8.3	79.3	45.8	44.7	9.0	57.7	50.5	95.9	34.0	15.7	46.4	38.1
83.8	4.1	29.4	1.7	8.2	57.1	49.5	35.9	66.0	35.1	2.3	87.7	73.5	15.3	80.2	71.1	36.7	80.8	30.7	14.9
77.4	14.2	34.8	35.1	18.5	89.2	88.0	99.7	54.6	99.1	16.2	85.5	3.1	5.2	37.7	40.1	84.9	81.0	59.6	69.9
4.0	20.8	77.7	77.6	98.0	43.3	3.6	46.6	87.9	20.2	48.6	90.8	70.3	80.6	71.5	24.6	59.4	61.1	46.7	76.8
54.3	3.7	3.0	12.4	77.3	11.0	63.6	58.0	50.3	77.0	68.7	2.8	92.2	64.1	28.9	53.5	57.7	25.9	33.1	12.1
86.9	7.9	79.9	88.2	87.4	61.8	81.5	69.9	76.5	92.6	58.3	7.8	9.5	39.8	78.6	89.9	4.5	30.0	5.0	42.5
78.5	97.4	9.1	95.5	72.7	10.0	54.6	80.7	19.5	38.5	91.0	29.6	71.7	24.3	36.9	61.0	33.1	82.8	46.6	94.6
7.7	27.8	18.6	50.0	78.2	66.5	85.8	72.7	64.1	55.8	7.6	86.2	74.5	64.5	12.9	91.4	16.6	11.1	34.7	39.5
0.5	90.2	15.2	64.9	65.5	0.3	2.8	16.1	11.4	99.8	75.9	38.1	59.4	93.2	14.0	87.2	47.4	72.3	13.0	63.3
82.3	17.5	56.8	18.7	46.2	23.1	24.6	37.6	0.7	41.7	74.7	95.8	51.3	22.4	33.3	94.5	11.5	32.2	47.4	21.6
26.3	0.8	92.6	84.2	34.9	81.4	88.7	32.8	86.3	66.4	43.1	14.1	40.8	6.3	64.4	50.4	62.9	6.3	48.9	79.9
90.0	50.2	58.7	76.3	30.0	29.5	98.3	52.6	32.5	4.6	74.0	21.0	96.8	89.7	22.1	31.9	65.4	74.8	23.6	12.6
12.7	48.6	18.1	22.7	82.5	94.6	39.6	28.9	99.8	34.1	75.8	40.8	91.6	60.9	25.5	58.0	8.1	41.5	67.0	8.6
68.3	58.0	86.7	43.5	91.5	22.2	99.9	36.4	32.5	55.0	88.1	23.1	96.3	60.5	54.0	44.0	57.1	42.0	82.7	71.7
90.9	69.9	29.7	81.0	28.4	21.9	11.1	66.1	67.4	25.8	36.7	36.2	32.5	72.7	71.4	45.5	79.1	23.6	17.2	28.9
64.6	7.1	50.7	79.1	58.8	5.9	46.4	83.3	52.8	55.0	38.9	49.4	85.6	8.5	37.1	39.3	88.8	10.7	82.7	22.2
47.3	36.9	40.5	93.7	55.1	27.9	67.5	54.2	31.6	79.6	59.6	72.7	96.4	48.3	2.7	47.1	30.8	59.0	75.4	41.8
94.4	73.6	63.4	77.3	66.6	24.9	26.5	93.2	51.9	42.4	18.5	18.5	71.1	79.2	88.5	63.6	70.9	46.8	3.1	4.2
56.6	6.1	65.8	35.7	69.0	67.9	36.5	85.3	15.7	18.3	78.7	99.0	59.4	78.8	35.3	31.6	59.1	23.5	17.1	60.8
33.2	39.0	46.0	15.4	93.1	4.7	54.2	37.3	55.4	6.2	6.6	99.9	91.7	84.1	43.2	45.9	74.0	80.9	58.5	35.4
31.4	95.1	79.2	25.7	47.4	70.3	8.4	30.5	26.8	58.7	99.6	26.4	3.6	87.5	73.7	46.7	25.4	4.2	52.7	87.6
7.0	48.2	10.0	78.9	7.4	69.6	84.2	8.2	57.7	29.3	37.1	8.9	60.3	42.4	96.6	86.0	34.8	65.4	27.1	88.1
51.5	34.9	11.8	43.9	95.4	39.6	55.5	19.3	98.9	28.0	87.7	63.4	79.4	40.1	82.8	34.2	3.5	51.7	60.6	61.1
65.6	40.5	14.9	48.5	76.6	76.2	2.8	46.2	12.5	52.6	53.5	75.7	20.3	5.1	59.7	91.4	9.7	64.6	51.7	83.1
84.4	94.2	33.2	48.0	92.3	98.6	50.0	62.8	33.5	79.5	22.2	93.9	61.3	73.2	3.1	55.5	44.8	46.8	78.7	70.6
22.6	57.8	78.2	94.0	10.2	28.7	75.6	12.1	23.2	26.8	29.1	67.9	80.5	23.5	58.6	24.3	28.5	14.3	8.6	39.3
28.2	79.0	33.6	53.9	82.6	44.8	38.7	99.5	56.1	50.4	98.5	98.8	27.1	98.7	48.1	30.0	26.3	86.0	64.1	5.7
1	2	3	4	5	6	7	8	9	10	11	12	13	14	15	16	17	18	19	20
1	2	3	4	5	6	7	8	9	10	11	12	13	14	15	16	17	18	19	20
1	2	3	4	5	6	7	8	9	10	11	12	13	14	15	16	17	18	19	20
1	2	3	4	5	6	7	8	9	10	11	12	13	14	15	16	17	18	19	20
1	2	3	4	5	6	7	8	9	10	11	12	13	14	15	16	17	18	19	20
1	2	3	4	5	6	7	8	9	10	11	12	13	14	15	16	17	18	19	20
1	2	3	4	5	6	7	8	9	10	11	12	13	14	15	16	17	18	19	20
1	2	3	4	5	6	7	8	9	10	11	12	13	14	15	16	17	18	19	20
1	2	3	4	5	6	7	8	9	10	11	12	13	14	15	16	17	18	19	20
1	2	3	4	5	6	7	8	9	10	11	12	13	14	15	16	17	18	19	20
1	2	3	4	5	6	7	8	9	10	11	12	13	14	15	16	17	18	19	20
1	2	3	4	5	6	7	8	9	10	11	12	13	14	15	16	17	18	19	20
1	2	3	4	5	6	7	8	9	10	11	12	13	14	15	16	17	18	19	20
1	2	3	4	5	6	7	8	9	10	11	12	13	14	15	16	17	18	19	20
1	2	3	4	5	6	7	8	9	10	11	12	13	14	15	16	17	18	19	20
1	2	3	4	5	6	7	8	9	10	11	12	13	14	15	16	17	18	19	20
1	2	3	4	5	6	7	8	9	10	11	12	13	14	15	16	17	18	19	20
1	2	3	4	5	6	7	8	9	10	11	12	13	14	15	16	17	18	19	20
1	2	3	4	5	6	7	8	9	10	11	12	13	14	15	16	17	18	19	20
1	2	3	4	5	6	7	8	9	10	11	12	13	14	15	16	17	18	19	20
1	2	3	4	5	6	7	8	9	10	11	12	13	14	15	16	17	18	19	20
1	2	3	4	5	6	7	8	9	10	11	12	13	14	15	16	17	18	19	20
1	2	3	4	5	6	7	8	9	10	11	12	13	14	15	16	17	18	19	20
1	2	3	4	5	6	7	8	9	10	11	12	13	14	15	16	17	18	19	20
1	2	3	4	5	6	7	8	9	10	11	12	13	14	15	16	17	18	19	20
1	2	3	4	5	6	7	8	9	10	11	12	13	14	15	16	17	18	19	20
1	2	3	4	5	6	7	8	9	10	11	12	13	14	15	16	17	18	19	20
1	2	3	4	5	6	7	8	9	10	11	12	13	14	15	16	17	18	19	20
1	2	3	4	5	6	7	8	9	10	11	12	13	14	15	16	17	18	19	20
1	2	3	4	5	6	7	8	9	10	11	12	13	14	15	16	17	18	19	20
1	2	3	4	5	6	7	8	9	10	11	12	13	14	15	16	17	18	19	20
1	2	3	4	5	6	7	8	9	10	11	12	13	14	15	16	17	18	19	20
1	2	3	4	5	6	7	8	9	10	11	12	13	14	15	16	17	18	19	20
1	2	3	4	5	6	7	8	9	10	11	12	13	14	15	16	17	18	19	20
1	2	3	4	5	6	7	8	9	10	11	12	13	14	15	16	17	18	19	20
1	2	3	4	5	6	7	8	9	10	11	12	13	14	15	16	17	18	19	20
1	2	3	4	5	6	7	8	9	10	11	12	13	14	15	16	17	18	19	20
1	2	3	4	5	6	7	8	9	10	11	12	13	14	15	16	17	18	19	20
1	2	3	4	5	6	7	8	9	10	11	12	13	14	15	16	17	18	19	20
1	2	3	4	5	6	7	8	9	10	11	12	13	14	15	16	17	18	19	20
1	2	3	4	5	6	7	8	9	10	11	12	13	14	15	16	17	18	19	20
1	2	3	4	5	6	7	8	9	10	11	12	13	14	15	16	17	18	19	20
1	2	3	4	5	6	7	8	9	10	11	12	13	14	15	16	17	18	19	20
1	2	3	4	5	6	7	8	9	10	11	12	13	14	15	16	17	18	19	20
1	2	3	4	5	6	7	8	9	10	11	12	13	14	15	16	17	18	19	20
1	2	3	4	5	6	7	8	9	10	11	12	13	14	15	16	17	18	19	20
1	2	3	4	5	6	7	8	9	10	11	12	13	14	15	16	17	18	19	20
1	2	3	4	5	6	7	8	9	10	11	12	13	14	15	16	17	18	19	20
1	2	3	4	5	6	7	8	9	10	11	12	13	14	15	16	17	18	19	20
1	2	3	4	5	6	7	8	9	10	11	12	13	14	15	16	17	18	19	20
1	2	3	4	5	6	7	8	9	10	11	12	13	14	15	16	17	18	19	20
1	2	3	4	5	6	7	8	9	10	11	12	13	14	15	16	17	18	19	20
1	2	3	4	5	6	7	8	9	10	11	12	13	14	15	16	17	18	19	20
1	2	3	4	5	6	7	8	9	10	11	12	13	14	15	16	17	18	19	20
1	2	3	4	5	6	7	8	9	10	11	12	13	14	15	16	17	18	19	20
1	2	3	4	5	6	7	8	9	10	11	12	13	14	15	16	17	18	19	20
1	2	3	4	5	6	7	8	9	10	11	12	13	14	15	16	17	18	19	20
1	2	3	4	5	6	7	8	9	10	11	12	13	14	15	16	17	18	19	20
1	2	3	4	5	6	7	8	9	10	11	12	13	14	15	16	17	18	19	20
1	2	3	4	5	6	7	8	9	10	11	12	13	14	15	16	17	18	19	20
1	2	3	4	5	6	7	8	9	10	11	12	13	14	15	16	17	18	19	20
1	2	3	4	5	6	7	8	9	10	11	12	13	14	15	16	17	18	19	20
1	2	3	4	5	6	7	8	9	10	11	12	13	14	15	16	17	18	19	20
1	2	3	4	5	6	7	8	9	10	11	12	13	14	15	16	17	18	19	20
1	2	3	4	5	6	7	8	9	10	11	12	13	14	15	16	17	18	19	20
1	2	3	4	5	6	7	8	9	10	11	12	13	14	15	16	17	18	19	20
1	2	3	4	5	6	7	8	9	10	11	12	13	14	15	16	17	18	19	20
1	2	3	4	5	6	7	8	9	10	11	12	13	14	15	16	17	18	19	20
1	2	3	4	5	6	7	8	9	10	11	12	13	14	15	16	17	18	19	20
1	2	3	4	5	6	7	8	9	10	11	12	13	14	15	16	17	18	19	20
1	2	3	4	5	6	7	8	9	10	11	12	13	14	15	16	17	18	19	20
1	2	3	4	5	6	7	8	9	10	11	12	13	14	15	16	17	18	19	20
1	2	3	4	5	6	7	8	9	10	11	12	13	14	15	16	17	18	19	20
1	2	3	4	5	6	7	8	9	10	11	12	13	14	15	16	17	18	19	20
1	2	3	4	5	6	7	8	9	10	11	12	13	14	15	16	17	18	19	20
1	2	3	4	5	6	7	8	9	10	11	12	13	14	15	16	17	18	19	20
1	2	3	4	5	6	7	8	9	10	11	12	13	14	15	16	17	18	19	20
1	2	3	4	5	6	7	8	9	10	11	12	13	14	15	16	17	18	19	20
1	2	3	4	5	6	7	8	9	10	11	12	13	14	15	16	17	18	19	20
1	2	3	4	5	6	7	8	9	10	11	12	13	14	15	16	17	18	19	20
1	2	3	4	5	6	7	8	9	10	11	12	13	14	15	16	17	18	19	20
1	2	3	4	5	6	7	8	9	10	11	12	13	14	15	16	17	18	19	20
1	2	3	4	5	6	7	8	9	10	11	12	13	14	15	16	17	18	19	20
1	2	3	4	5	6	7	8	9	10	11	12	13	14	15	16	17	18	19	20
1	2	3	4	5	6	7	8	9	10	11	12	13	14	15	16	17	18	19	20
1	2	3	4	5	6	7	8	9	10	11	12	13	14	15	16	17	18	19	20
1	2	3	4	5	6	7	8	9	10	11	12	13	14	15	16	17	18	19	20
1	2	3	4	5	6	7	8	9	10	11	12	13	14	15	16	17	18	19	20
1	2	3	4	5	6	7	8	9	10	11	12	13	14	15	16	17	18	19	20
1	2	3	4	5	6	7	8	9	10	11	12	13	14	15	16	17	18	19	20
1	2	3	4	5	6	7	8	9	10	11	12	13	14	15	16	17	18	19	20
1	2	3	4	5	6	7	8	9	10	11	12	13	14	15	16	17	18	19	20
1	2	3	4	5	6	7	8	9	10	11	12	13	14	15	16	17	18	19	20
1	2	3	4	5	6	7	8	9	10	11	12	13	14	15	16	17	18	19	20
1	2	3	4	5	6	7	8	9	10	11	12	13	14	15	16	17	18	19	20
1	2	3	4	5	6	7	8	9	10	11	12	13	14	15	16	17	18	19	20
1	2	3	4	5	6	7	8	9	10	11	12	13	14	15	16	17	18	19	20
1	2	3	4	5	6	7	8	9	10	11	12	13	14	15	16	17	18	19	20
1	2	3	4	5	6	7	8	9	10	11	12	13	14	15	16	17	18	19	20
1	2	3	4	5	6	7	8	9	10	11	12	13	14	15	16	17	18	19	20
1	2	3	4	5	6	7	8	9	10	11	12	13	14	15	16	17	18	19	20
1	2	3	4	5	6	7	8	9	10	11	12	13	14	15	16	17	18	19	20
1	2	3	4	5	6	7	8	9	10	11	12	13	14	15	16	17	18	19	20
1	2	3	4	5	6	7	8	9	10	11	12	13	14	15	16	17	18	19	20
1	2	3	4	5	6	7	8	9	10	11	12	13	14	15	16	17	18	19	20
1	2	3	4	5	6	7	8	9	10	11	12	13	14	15	16	17	18	19	20
1	2	3	4	5	6	7	8	9	10	11	12	13	14	15	16	17	18	19	20
1	2	3	4	5	6	7	8	9	10	11	12	13	14	15	16	17	18	19	20
1	2	3	4	5	6	7	8	9	10	11	12	13	14	15	16	17	18	19	20
1	2	3	4	5	6	7	8	9	10	11	12	13	14	15	16	17	18	19	20
1	2	3	4	5	6	7	8	9	10	11	12	13	14	15	16	17	18	19	20
1	2	3	4	5	6	7	8	9	10	11	12	13	14	15	16	17	18	19	20
1	2	3	4	5	6	7	8	9	10	11	12	13	14	15	16	17	18	19	20
1	2	3	4	5	6	7	8	9	10	11	12	13	14	15	16	17	18	19	20
1	2	3	4	5	6	7	8	9	10	11	12	13	14	15	16	17	18	19	20
1	2	3	4	5	6	7	8	9	10	11	12	13	14	15	16	17	18	19	20
1	2	3	4	5	6	7	8	9	10	11	12	13	14	15	16	17	18	19	20
1	2	3	4	5	6	7	8	9	10	11	12	13	14	15	16	17	18	19	20
1	2	3	4	5	6	7	8	9	10	11	12	13	14	15	16	17	18	19	20
1	2	3	4	5	6	7	8	9	10	11	12	13	14	15	16	17	18	19	20
1	2	3	4	5	6	7	8	9	10	11	12	13	14	15	16	17	18	19	20
1	2	3	4	5	6	7	8	9	10	11	12	13	14	15	16	17	18	19	20
1	2	3	4	5	6	7	8	9	10	11	12	13	14	15	16	17	18	19	20
1	2	3	4	5	6	7	8	9	10	11	12	13	14	15	16	17	18	19	20
1	2	3	4	5	6	7	8	9	10	11	12	13	14	15	16	17	18	19	20
1	2	3	4	5	6	7	8	9	10	11	12	13	14	15	16	17	18	19	20
1	2	3	4	5	6	7	8	9	10	11	12	13	14	15	16	17	18	19	20
1	2	3	4	5	6	7	8	9	10	11	12	13	14	15	16	17	18	19	20
1	2	3	4	5	6	7	8	9	10	11	12	13	14	15	16	17	18	19	20
1	2	3	4	5	6	7	8	9	10	11	12	13	14	15	16	17	18	19	20
1	2	3	4	5	6	7	8	9	10	11	12	13	14	15	16	17	18	19	20
1	2	3	4	5	6	7	8	9	10	11	12	13	14	15	16	17	18	19	20
1	2	3	4	5	6	7	8	9	10	11	12	13	14	15	16	17	18	19	20
1	2	3	4	5	6	7	8	9	10	11	12	13	14	15	16	17	18	19	20
1	2	3	4	5	6	7	8	9	10	11	12	13	14	15	16	17	18	19	20
1	2	3	4	5	6	7	8	9	10	11	12	13	14	15	16	17	18	19	20
1	2	3	4	5	6	7	8	9	10	11	12	13	14	15	16	17	18	19	20
1	2	3	4	5	6	7	8	9	10	11	12	13	14	15	16	17	18	19	20
1	2	3	4	5	6	7	8	9	10	11	12	13	14	15	16	17	18	19	20
1	2	3	4	5	6	7	8	9	10	11	12	13	14	15	16	17	18	19	20
1	2	3	4	5	6	7	8	9	10	11	12	13	14	15	16	17	18	19	20
1	2	3	4	5	6	7	8	9	10	11	12	13	14	15	16	17	18	19	20
1	2	3	4	5	6	7	8	9	10	11	12	13	14	15	16	17	18	19	20
1	2	3	4	5	6	7	8	9	10	11	12	13	14	15	16	17	18	19	20
1	2	3	4	5	6	7	8	9	10	11	12	13	14	15	16	17	18	19	20
1	2	3	4	5	6	7	8	9	10	11	12	13	14	15	16	17	18	19	20
1	2	3	4	5	6	7	8	9	10	11	12	13	14	15	16	17	18	19	20
1	2	3	4	5	6	7	8	9	10	11	12	13	14	15	16	17	18	19	20
1	2	3	4	5	6	7	8	9	10	11	12	13	14	15	16	17	18	19	20
1	2	3	4	5	6	7	8	9	10	11	12	13	14	15	16	17	18	19	20
1	2	3	4	5	6	7	8	9	10	11	12	13	14	15	16	17	18	19	20
1	2	3	4	5	6	7	8	9	10	11	12	13	14	15	16	17	18	19	20
1	2	3	4	5	6	7	8	9	10	11	12	13	14	15	16	17	18	19	20
1	2	3	4	5	6	7	8	9	10	11	12	13	14	15	16	17	18	19	20
1	2	3	4	5	6	7	8	9	10	11	12	13	14	15	16	17	18	19	20
1	2	3	4	5	6	7	8	9	10	11	12	13	14	15	16	17	18	19	20
1	2	3	4	5	6	7	8	9	10	11	12	13	14	15	16	17	18	19	20
1	2	3	4	5	6	7	8	9	10	11	12	13	14	15	16	17	18	19	20
1	2	3	4	5	6	7	8	9	10	11	12	13	14	15	16	17	18	19	20
1	2	3	4	5	6	7	8	9	10	11	12	13	14	15	16	17	18	19	20
1	2	3	4	5	6	7	8	9	10	11	12	13	14	15	16	17	18	19	20
1	2	3	4	5	6	7	8	9	10	11	12	13	14	15	16	17	18	19	20
1	2	3	4	5	6	7	8	9	10	11	12	13	14	15	16	17	18	19	20
1	2	3	4	5	6	7	8	9	10	11	12	13	14	15	16	17	18	19	20
1	2	3	4	5	6	7	8	9	10	11	12	13	14	15	16	17	18	19	20
1	2	3	4	5	6	7	8	9	10	11	12	13	14	15	16	17	18	19	20
1	2	3	4	5	6	7	8	9	10	11	12	13	14	15	16	17	18	19	20
1	2	3	4	5	6	7	8	9	10	11	12	13	14	15	16	17	18	19	20
1	2	3	4	5	6	7	8	9	10	11	12	13	14	15	16	17	18	19	20
1	2	3	4	5	6	7	8	9	10	11	12	13	14	15	16	17	18	19	20
1	2	3	4	5	6	7	8	9	10	11	12	13	14	15	16	17	18	19	20
1	2	3	4	5	6	7	8	9	10	11	12	13	14	15	16	17	18	19	20
1	2	3	4	5	6	7	8	9	10	11	12	13	14	15	16	17	18	19	20
1	2	3	4	5	6	7	8	9	10	11	12	13	14	15	16	17	18	19	20
1	2	3	4	5	6	7	8	9	10	11	12	13	14	15	16	17	18	19	20
1	2	3	4	5	6	7	8	9	10	11	12	13	14	15	16	17	18	19	20
1	2	3	4	5	6	7	8	9	10	11	12	13	14	15	16	17	18	19	20
1	2	3	4	5	6	7	8	9	10	11	12	13	14	15	16	17	18	19	20
1	2	3	4	5	6	7	8	9	10	11	12	13	14	15	16	17	18	19	20
1	2	3	4	5	6	7	8	9	10	11	12	13	14	15	16	17	18	19	20
1	2	3	4	5	6	7	8	9	10	11	12	13	14	15	16	17	18	19	20
1	2	3	4	5	6	7	8	9	10	11	12	13	14	15	16	17	18	19	20
1	2	3	4	5	6	7	8	9	10	11	12	13	14	15	16	17	18	19	20
1	2	3	4	5	6	7	8	9	10	11	12	13	14	15	16	17	18	19	20
1	2	3	4	5	6	7	8	9	10	11	12	13	14	15	16	17	18	19	20
1	2	3	4	5	6	7	8	9	10	11	12	13	14	15	16	17	18	19	20
1	2	3	4	5	6	7	8	9	10	11	12	13	14	15	16	17	18	19	20
1	2	3	4	5	6	7	8	9	10	11	12	13	14	15	16	17	18	19	20
1	2	3	4	5	6	7	8	9	10	11	12	13	14	15	16	17	18	19	20
1	2	3	4	5	6	7	8	9	10	11	12	13	14	15	16	17	18	19	20
1	2	3	4	5	6	7	8	9	10	11	12	13	14	15	16	17	18	19	20
1	2	3	4	5	6	7	8	9	10	11	12	13	14	15	16	17	18	19	20
1	2	3	4	5	6	7	8	9	10	11	12	13	14	15	16	17	18	19	20
1	2	3	4	5	6	7	8	9	10	11	12	13	14	15	16	17	18	19	20
1	2	3	4	5	6	7	8	9	10	11	12	13	14	15	16	17	18	19	20
1	2	3	4	5	6	7	8	9	10	11	12	13	14	15	16	17	18	19	20
1	2	3	4	5	6	7	8	9	10	11	12	13	14	15	16	17	18	19	20
1	2	3	4	5	6	7	8	9	10	11	12	13	14	15	16	17	18	19	20
1	2	3	4	5	6	7	8	9	10	11	12	13	14	15	16	17	18	19	20
1	2	3	4	5	6	7	8	9	10	11	12	13	14	15	16	17	18	19	20
