100	20
68.6	42.8	54.5	27.0	22.9	29.4	78.8	15.4	78.5	71.7	36.9	99.8	43.2	30.0	14.8	96.0	49.8	91.9	78.2	72.2
42.1	99.5	26.6	30.0	87.8	96.6	81.3	78.3	84.5	19.6	59.3	74.5	27.6	77.9	35.4	42.4	12.2	21.9	39.5	33.2
68.1	26.4	25.5	94.1	65.6	55.1	87.8	72.5	36.3	3.6	60.4	80.5	34.8	55.7	90.6	7.8	27.9	12.9	94.4	93.7
47.2	82.3	84.5	17.6	87.0	63.5	16.0	63.7	94.5	77.3	23.7	72.4	31.6	17.9	40.6	88.2	51.1	85.4	98.1	73.7
14.4	93.3	83.5	27.4	17.5	77.1	19.8	45.7	94.7	93.6	86.6	58.5	18.6	36.8	25.5	1.1	58.5	61.1	52.2	35.0
13.9	99.5	7.3	73.2	88.9	44.8	81.3	53.6	85.0	35.6	61.9	29.7	62.8	37.9	61.1	48.3	15.7	88.3	63.9	65.5
75.0	26.7	73.9	63.4	54.8	85.6	21.5	21.6	0.5	42.0	78.2	9.4	6.3	63.4	24.2	21.5	26.5	31.0	86.3	73.0
98.2	14.9	43.3	50.4	89.8	19.2	47.4	45.4	5.5	54.2	74.1	37.9	71.2	49.2	0.8	62.0	56.0	91.3	42.7	84.3
33.9	99.0	6.7	8.3	13.4	38.5	82.0	37.5	17.3	9.0	95.8	83.1	15.6	15.1	63.8	61.6	67.6	81.6	8.8	41.0
22.0	33.9	75.6	54.5	45.5	2.6	13.7	55.8	30.4	27.9	79.9	34.2	64.6	87.2	25.1	59.1	44.5	48.3	35.8	0.1
6.7	73.0	71.1	5.1	57.7	17.0	3.8	79.4	71.6	44.3	43.4	5.9	12.4	62.2	70.0	7.7	9.4	32.1	29.3	22.3
68.0	30.2	94.2	25.0	33.4	56.3	45.0	70.1	26.6	58.4	64.0	93.7	56.9	87.3	7.3	40.9	27.3	98.6	69.7	9.5
85.7	6.7	18.8	95.3	99.6	13.8	28.5	31.0	8.0	57.1	5.4	45.6	71.4	54.5	1.9	69.3	62.3	33.9	69.9	38.8
62.6	57.1	56.6	23.8	48.2	55.5	58.2	97.3	68.5	78.9	71.3	59.0	24.1	0.8	46.6	10.1	88.4	33.0	26.0	29.3
12.4	15.2	83.1	81.1	9.0	77.1	93.2	5.3	98.1	44.9	29.8	47.1	96.8	57.0	39.2	66.7	86.4	85.8	89.8	18.3
63.2	55.3	59.4	96.4	23.5	21.3	76.3	57.6	59.2	72.8	39.2	43.4	75.4	34.1	70.9	27.5	4.2	20.8	35.4	84.1
79.5	30.0	64.5	5.9	71.2	3.2	94.3	27.5	66.0	31.0	13.9	17.1	26.2	34.3	50.5	97.6	9.0	60.5	66.3	27.1
68.6	6.8	9.3	19.6	82.3	50.1	49.0	6.8	18.8	39.4	89.6	5.0	44.9	95.2	95.3	62.9	11.9	19.4	65.0	1.4
26.1	25.5	85.5	16.1	11.1	76.2	91.1	4.3	6.3	97.9	55.8	47.9	50.3	66.7	18.8	64.8	73.1	65.8	99.8	81.8
55.7	7.7	29.0	73.7	27.8	19.1	76.3	39.5	77.2	83.8	96.7	53.1	49.2	84.5	47.9	2.6	5.1	38.4	66.2	66.6
86.9	61.4	75.7	98.1	43.3	31.3	65.5	62.7	82.1	39.4	7.6	79.7	35.7	64.7	20.4	53.1	23.1	4.3	96.1	73.7
21.7	11.1	27.4	84.2	79.0	56.0	44.7	90.4	52.2	88.9	18.5	44.4	76.6	34.7	22.4	88.0	68.3	86.7	69.3	17.1
5.9	19.3	33.3	8.7	46.8	80.2	52.3	93.2	11.9	50.6	62.6	32.6	35.3	31.4	52.9	17.2	15.5	11.3	68.7	8.1
51.4	18.0	65.0	11.4	59.7	19.7	98.9	84.1	67.3	41.8	66.3	96.1	78.2	76.1	91.0	46.1	17.7	72.9	52.6	93.7
85.1	4.8	32.9	93.6	61.4	32.8	29.9	4.6	43.1	62.8	82.1	52.6	68.5	21.8	99.8	65.5	87.1	60.5	21.9	44.5
17.0	60.3	98.1	25.5	80.5	48.1	30.3	26.8	46.2	43.6	71.2	57.1	14.2	18.8	88.6	57.6	32.8	30.1	98.3	78.0
0.0	16.8	29.4	74.5	42.8	87.6	45.6	69.9	16.0	8.2	87.6	48.9	29.4	84.5	5.2	30.9	9.7	44.1	6.3	4.2
95.0	28.5	7.5	45.2	4.2	36.0	40.6	73.6	8.3	7.2	39.0	44.5	51.6	44.5	72.6	70.7	70.8	20.7	53.5	93.1
49.1	87.5	19.8	6.1	26.1	11.9	63.7	59.0	63.2	21.9	97.2	4.1	69.2	22.3	87.2	72.7	19.1	49.4	68.9	52.9
46.5	9.3	27.5	55.2	63.6	59.6	46.0	87.7	33.2	32.3	26.2	25.4	30.2	30.1	70.9	13.6	26.2	12.9	92.2	35.6
13.2	19.8	48.5	32.7	54.7	48.4	7.3	15.7	92.9	34.1	44.6	2.0	85.6	52.5	55.2	49.7	51.0	74.2	4.1	4.0
71.7	92.7	49.1	76.3	63.7	31.9	53.4	21.4	35.8	70.4	86.8	44.6	13.7	71.9	37.9	90.2	50.1	19.1	25.4	38.6
39.5	10.6	43.8	94.8	17.8	93.8	84.1	76.3	68.6	65.6	18.1	25.3	11.5	87.1	76.8	19.4	50.0	3.2	99.9	57.7
27.6	2.9	36.6	60.2	84.8	35.9	38.3	97.3	75.4	11.5	36.7	37.8	36.3	75.8	16.2	56.7	31.5	8.9	84.8	74.0
48.1	45.2	51.4	31.2	56.6	84.2	39.0	4.6	36.2	44.5	22.2	37.1	29.5	11.5	64.8	5.6	35.0	56.2	5.7	76.8
5.8	61.3	20.6	78.0	1.6	75.1	46.7	52.5	63.4	98.7	53.6	13.4	24.9	28.8	44.7	11.4	13.7	23.3	61.1	65.0
5.1	90.5	85.2	72.0	11.7	70.2	34.8	2.6	47.8	2.2	53.6	40.5	9.4	52.3	7.7	2.6	29.9	85.2	23.8	70.6
96.9	44.6	62.8	6.8	20.2	3.0	88.5	40.1	14.1	55.5	2.2	80.2	3.4	2.0	41.1	84.1	74.1	42.0	66.1	47.4
33.7	96.0	93.1	78.6	33.5	10.4	48.7	70.8	7.4	66.4	92.3	36.2	88.1	5.3	3.7	37.8	78.9	34.1	49.4	53.0
82.9	40.1	96.8	93.0	91.1	12.0	59.0	90.7	35.7	5.3	26.8	88.4	29.1	72.5	86.6	13.9	83.2	81.0	42.6	87.1
1.4	72.9	1.2	64.8	55.7	12.5	31.7	92.7	63.7	62.1	60.9	22.6	74.6	25.5	87.3	51.5	98.3	94.4	79.5	23.4
88.7	1.4	16.3	97.5	34.0	90.3	62.2	97.9	40.0	1.9	35.7	19.6	4.0	27.1	63.9	52.0	73.3	54.3	0.9	26.5
45.6	91.3	10.4	46.2	39.0	47.9	59.1	95.4	95.8	22.9	77.2	73.6	54.5	8.5	51.6	99.3	24.2	65.1	58.1	45.5
1.4	29.7	26.1	20.2	58.7	41.2	38.0	73.6	98.7	35.9	21.1	57.5	85.0	99.9	82.2	67.0	2.7	51.5	55.7	18.3
81.3	2.1	77.2	54.3	84.4	2.1	88.2	94.3	4.0	38.3	48.2	71.0	8.7	47.7	44.5	61.8	90.7	43.5	9.3	71.9
96.1	7.0	47.6	32.2	63.0	81.1	46.6	48.0	90.4	0.1	85.4	67.6	73.6	3.6	40.8	63.3	34.1	89.1	70.0	38.1
6.9	65.6	74.9	59.1	45.4	94.0	42.1	98.1	61.4	14.0	85.9	91.6	68.7	62.1	12.7	24.5	37.6	99.3	44.4	27.2
46.5	38.8	86.8	47.1	26.0	10.4	34.1	20.4	5.7	25.6	18.9	98.0	48.4	46.9	38.8	15.2	47.2	84.4	3.1	49.1
30.3	80.6	3.1	89.0	76.1	99.9	48.8	49.7	11.1	55.8	67.9	66.3	66.9	90.7	85.9	62.9	57.4	73.8	43.6	70.4
36.4	85.9	50.5	15.0	96.1	7.5	69.1	49.5	17.9	61.8	13.8	24.3	37.9	88.6	19.9	61.6	15.1	20.2	19.4	55.6
29.1	14.5	28.4	89.0	77.9	25.0	46.0	3.7	97.2	47.9	10.4	47.5	11.9	55.4	55.9	27.7	93.4	56.3	70.5	68.4
45.9	62.1	34.9	77.6	36.1	26.5	42.9	34.9	51.7	37.2	10.6	61.5	32.6	76.4	13.7	71.2	88.3	40.5	17.8	48.5
40.4	83.4	18.3	34.6	43.9	68.9	11.8	68.3	44.6	91.7	8.1	6.2	99.5	62.5	93.6	31.4	53.5	86.6	0.6	96.8
44.8	39.6	55.5	91.4	15.7	79.4	7.6	19.2	4.3	41.8	78.1	36.7	87.8	16.9	12.6	65.7	54.1	58.5	98.9	67.5
8.3	82.6	38.1	80.7	31.6	62.7	1.6	13.2	43.8	41.9	34.2	47.1	4.6	71.7	53.9	14.2	84.8	79.2	70.8	94.1
49.6	8.5	73.3	58.4	7.8	69.5	5.5	9.2	6.4	85.5	39.0	25.0	64.1	11.8	54.9	73.3	8.5	57.5	52.1	29.1
45.9	28.0	78.1	46.7	99.4	2.9	16.5	89.8	50.3	57.6	96.4	73.3	32.9	98.5	7.1	18.7	36.5	46.5	59.8	42.1
57.4	90.8	56.3	4.4	31.4	16.9	67.6	52.9	62.2	58.1	49.3	95.7	70.6	90.3	85.2	92.4	67.3	51.5	11.6	50.4
6.5	35.8	39.9	63.5	90.1	1.6	68.4	69.9	4.8	33.5	8.3	77.6	53.5	75.0	80.5	89.6	6.0	76.1	83.8	18.1
56.5	29.0	31.9	50.5	91.1	35.3	22.6	93.8	12.8	84.8	29.1	68.2	28.4	81.4	47.4	3.5	65.3	72.0	52.9	63.5
24.5	41.3	55.9	33.0	85.2	69.4	53.4	96.4	89.6	25.1	69.0	96.0	6.3	60.1	32.9	40.7	19.7	52.9	59.0	39.2
29.5	42.5	36.8	81.6	48.0	45.8	74.3	91.5	70.5	91.4	83.0	26.2	64.3	23.4	68.7	95.2	1.2	10.6	37.8	24.2
85.3	64.4	1.5	59.4	88.3	9.3	6.0	49.2	70.4	14.8	2.8	6.7	70.3	84.1	61.7	96.3	4.1	66.6	20.6	40.5
57.9	77.5	2.6	13.7	51.5	42.3	99.0	39.1	23.2	87.5	93.3	4.9	68.1	86.9	46.8	64.7	30.0	64.3	97.9	67.1
93.9	54.6	87.1	56.3	11.7	59.0	5.3	18.7	87.3	45.5	71.1	12.0	8.5	95.1	75.3	95.3	28.2	37.5	30.7	81.0
79.7	48.4	46.1	66.3	10.6	80.8	11.7	9.6	34.3	36.5	11.1	7.1	72.5	10.8	66.8	89.5	37.4	68.2	6.5	72.4
17.6	67.0	14.2	84.1	36.6	48.7	17.6	58.9	64.9	6.0	35.7	76.5	32.9	77.3	24.7	15.0	60.6	71.4	46.6	0.6
7.9	26.7	82.9	26.9	62.8	23.2	85.7	17.0	89.5	43.2	16.0	20.0	23.5	89.3	20.6	84.6	97.3	99.4	89.4	35.8
57.9	88.7	33.4	61.0	51.1	81.1	82.6	74.1	74.6	67.7	2.6	99.6	21.2	74.0	14.6	80.2	23.0	73.4	77.4	51.0
45.2	74.1	31.2	47.8	53.0	98.4	81.7	57.5	88.6	68.6	80.5	58.4	28.5	73.0	62.0	69.3	64.6	74.3	21.9	2.8
86.4	72.1	2.6	19.9	50.2	80.9	51.7	56.4	4.6	24.4	36.8	62.0	72.6	59.2	35.2	82.7	58.9	86.7	6.5	66.4
77.6	3.2	64.4	20.0	86.8	61.7	34.7	98.8	93.7	3.0	8.3	52.7	72.0	74.6	15.3	24.4	52.4	25.9	67.5	77.6
21.9	11.3	80.6	78.6	8.0	58.4	47.6	71.3	6.8	78.1	78.7	21.2	51.2	29.5	15.4	94.0	80.4	81.8	25.2	71.4
34.1	81.7	20.9	44.1	38.7	54.1	25.8	32.0	93.4	9.9	1.0	93.9	27.2	32.7	76.8	87.2	47.4	67.4	37.9	0.7
24.1	98.4	69.5	19.7	17.1	88.5	69.7	70.8	41.4	9.3	92.0	74.5	95.4	78.9	90.7	21.7	13.0	49.7	49.4	36.8
79.8	72.1	74.5	31.6	86.6	87.6	41.1	69.2	32.3	42.8	56.7	76.6	33.0	54.9	25.6	37.9	9.5	7.4	98.1	59.3
2.5	6.2	68.9	98.4	9.4	46.7	36.1	53.5	69.5	44.2	75.1	14.1	45.7	7.3	73.2	67.2	12.8	17.9	38.9	29.7
38.8	34.2	21.6	14.9	7.7	80.5	73.2	68.3	46.3	59.3	4.7	81.1	96.9	48.5	72.5	42.5	24.6	51.7	39.5	73.9
15.7	28.2	19.1	81.7	23.0	64.1	5.4	86.5	73.0	19.8	55.0	78.8	73.6	43.5	50.4	22.2	69.3	65.3	50.9	42.0
76.1	7.5	72.0	76.1	43.8	16.1	65.0	26.3	0.5	23.6	28.7	48.2	81.2	5.5	60.3	81.0	2.4	90.9	41.1	60.8
11.4	77.9	16.8	46.2	74.4	56.3	27.4	38.1	88.8	5.1	84.5	39.0	0.3	85.1	76.7	73.5	33.3	25.1	53.0	54.3
87.1	22.4	57.6	31.4	4.0	87.9	36.6	74.8	71.7	12.8	3.5	16.4	33.7	90.7	94.8	88.2	36.3	80.8	41.2	59.4
34.4	47.7	36.8	50.3	18.4	88.1	43.1	37.9	34.5	23.1	59.0	73.0	26.2	88.9	28.4	39.2	54.9	10.8	49.6	74.0
61.6	10.1	10.2	78.9	32.0	88.6	14.0	88.3	34.3	32.2	92.6	34.9	89.9	89.3	97.7	46.3	23.5	56.7	69.8	31.9
75.7	33.9	22.5	22.2	68.6	81.5	24.0	53.6	96.7	71.3	57.9	70.9	25.5	50.0	97.5	44.9	90.8	13.9	40.6	20.2
67.3	97.1	51.2	15.2	88.4	86.7	89.3	41.8	57.0	83.5	5.3	75.0	21.6	49.6	5.2	76.0	54.3	79.5	31.2	90.5
19.4	1.6	81.4	93.7	61.5	73.3	73.7	54.8	25.4	48.1	75.6	36.7	38.7	85.0	34.7	82.4	73.5	11.9	31.7	83.1
16.6	78.0	3.7	59.0	85.8	95.9	9.1	95.1	6.3	95.2	11.1	60.1	41.4	32.9	59.2	76.9	94.1	47.7	49.8	20.0
37.3	26.8	55.5	21.3	6.1	77.8	90.4	99.6	27.4	60.7	44.9	47.0	9.6	84.4	18.7	4.3	95.6	79.5	89.7	33.1
90.0	9.9	22.0	42.5	45.8	55.3	11.3	22.6	59.8	68.3	98.1	99.5	53.1	40.2	39.9	28.5	2.4	79.2	0.6	30.4
75.2	94.0	86.0	87.9	23.6	11.0	25.2	35.6	83.9	18.7	30.7	81.2	73.2	27.8	40.4	62.9	90.7	42.7	2.3	81.3
36.9	74.5	61.2	100.0	83.4	98.1	28.4	7.4	9.4	23.2	39.4	41.5	32.9	27.5	56.3	78.5	76.6	83.9	11.0	20.9
64.4	14.7	77.2	57.9	22.1	39.4	20.9	13.4	13.4	26.1	72.2	2.8	36.5	82.2	88.7	43.2	60.2	34.0	3.3	32.3
42.3	80.4	52.0	18.6	13.8	80.7	79.6	71.0	55.5	54.9	1.0	73.9	13.2	46.5	30.4	52.4	52.9	72.0	9.9	95.6
39.0	14.0	20.7	99.4	6.2	63.1	22.7	72.1	52.0	26.3	55.2	20.3	83.4	34.3	15.1	28.1	8.0	20.8	6.2	33.2
86.0	20.3	43.1	66.4	62.2	13.6	3.9	1.0	75.4	82.7	42.7	14.3	18.8	5.6	83.4	14.2	81.1	55.4	24.0	49.7
24.1	68.8	42.1	76.7	1.6	46.0	11.1	44.4	65.1	86.5	74.3	12.9	93.0	66.2	27.3	5.5	72.0	63.5	70.1	46.5
71.5	29.9	5.7	83.4	44.6	85.3	45.2	51.7	39.2	69.3	25.3	91.6	68.0	46.6	52.1	56.0	4.7	51.2	20.5	1.8
56.2	32.6	29.5	38.7	83.2	58.0	60.6	7.2	52.4	75.4	64.0	92.3	34.8	58.5	10.1	10.9	27.4	21.9	22.1	89.1
96.4	56.5	5.4	8.9	8.4	60.6	20.6	31.1	1.9	62.8	77.7	86.3	76.3	25.7	39.1	77.9	84.6	27.0	12.7	62.0
1	2	3	4	5	6	7	8	9	10	11	12	13	14	15	16	17	18	19	20
1	2	3	4	5	6	7	8	9	10	11	12	13	14	15	16	17	18	19	20
1	2	3	4	5	6	7	8	9	10	11	12	13	14	15	16	17	18	19	20
1	2	3	4	5	6	7	8	9	10	11	12	13	14	15	16	17	18	19	20
1	2	3	4	5	6	7	8	9	10	11	12	13	14	15	16	17	18	19	20
1	2	3	4	5	6	7	8	9	10	11	12	13	14	15	16	17	18	19	20
1	2	3	4	5	6	7	8	9	10	11	12	13	14	15	16	17	18	19	20
1	2	3	4	5	6	7	8	9	10	11	12	13	14	15	16	17	18	19	20
1	2	3	4	5	6	7	8	9	10	11	12	13	14	15	16	17	18	19	20
1	2	3	4	5	6	7	8	9	10	11	12	13	14	15	16	17	18	19	20
1	2	3	4	5	6	7	8	9	10	11	12	13	14	15	16	17	18	19	20
1	2	3	4	5	6	7	8	9	10	11	12	13	14	15	16	17	18	19	20
1	2	3	4	5	6	7	8	9	10	11	12	13	14	15	16	17	18	19	20
1	2	3	4	5	6	7	8	9	10	11	12	13	14	15	16	17	18	19	20
1	2	3	4	5	6	7	8	9	10	11	12	13	14	15	16	17	18	19	20
1	2	3	4	5	6	7	8	9	10	11	12	13	14	15	16	17	18	19	20
1	2	3	4	5	6	7	8	9	10	11	12	13	14	15	16	17	18	19	20
1	2	3	4	5	6	7	8	9	10	11	12	13	14	15	16	17	18	19	20
1	2	3	4	5	6	7	8	9	10	11	12	13	14	15	16	17	18	19	20
1	2	3	4	5	6	7	8	9	10	11	12	13	14	15	16	17	18	19	20
1	2	3	4	5	6	7	8	9	10	11	12	13	14	15	16	17	18	19	20
1	2	3	4	5	6	7	8	9	10	11	12	13	14	15	16	17	18	19	20
1	2	3	4	5	6	7	8	9	10	11	12	13	14	15	16	17	18	19	20
1	2	3	4	5	6	7	8	9	10	11	12	13	14	15	16	17	18	19	20
1	2	3	4	5	6	7	8	9	10	11	12	13	14	15	16	17	18	19	20
1	2	3	4	5	6	7	8	9	10	11	12	13	14	15	16	17	18	19	20
1	2	3	4	5	6	7	8	9	10	11	12	13	14	15	16	17	18	19	20
1	2	3	4	5	6	7	8	9	10	11	12	13	14	15	16	17	18	19	20
1	2	3	4	5	6	7	8	9	10	11	12	13	14	15	16	17	18	19	20
1	2	3	4	5	6	7	8	9	10	11	12	13	14	15	16	17	18	19	20
1	2	3	4	5	6	7	8	9	10	11	12	13	14	15	16	17	18	19	20
1	2	3	4	5	6	7	8	9	10	11	12	13	14	15	16	17	18	19	20
1	2	3	4	5	6	7	8	9	10	11	12	13	14	15	16	17	18	19	20
1	2	3	4	5	6	7	8	9	10	11	12	13	14	15	16	17	18	19	20
1	2	3	4	5	6	7	8	9	10	11	12	13	14	15	16	17	18	19	20
1	2	3	4	5	6	7	8	9	10	11	12	13	14	15	16	17	18	19	20
1	2	3	4	5	6	7	8	9	10	11	12	13	14	15	16	17	18	19	20
1	2	3	4	5	6	7	8	9	10	11	12	13	14	15	16	17	18	19	20
1	2	3	4	5	6	7	8	9	10	11	12	13	14	15	16	17	18	19	20
1	2	3	4	5	6	7	8	9	10	11	12	13	14	15	16	17	18	19	20
1	2	3	4	5	6	7	8	9	10	11	12	13	14	15	16	17	18	19	20
1	2	3	4	5	6	7	8	9	10	11	12	13	14	15	16	17	18	19	20
1	2	3	4	5	6	7	8	9	10	11	12	13	14	15	16	17	18	19	20
1	2	3	4	5	6	7	8	9	10	11	12	13	14	15	16	17	18	19	20
1	2	3	4	5	6	7	8	9	10	11	12	13	14	15	16	17	18	19	20
1	2	3	4	5	6	7	8	9	10	11	12	13	14	15	16	17	18	19	20
1	2	3	4	5	6	7	8	9	10	11	12	13	14	15	16	17	18	19	20
1	2	3	4	5	6	7	8	9	10	11	12	13	14	15	16	17	18	19	20
1	2	3	4	5	6	7	8	9	10	11	12	13	14	15	16	17	18	19	20
1	2	3	4	5	6	7	8	9	10	11	12	13	14	15	16	17	18	19	20
1	2	3	4	5	6	7	8	9	10	11	12	13	14	15	16	17	18	19	20
1	2	3	4	5	6	7	8	9	10	11	12	13	14	15	16	17	18	19	20
1	2	3	4	5	6	7	8	9	10	11	12	13	14	15	16	17	18	19	20
1	2	3	4	5	6	7	8	9	10	11	12	13	14	15	16	17	18	19	20
1	2	3	4	5	6	7	8	9	10	11	12	13	14	15	16	17	18	19	20
1	2	3	4	5	6	7	8	9	10	11	12	13	14	15	16	17	18	19	20
1	2	3	4	5	6	7	8	9	10	11	12	13	14	15	16	17	18	19	20
1	2	3	4	5	6	7	8	9	10	11	12	13	14	15	16	17	18	19	20
1	2	3	4	5	6	7	8	9	10	11	12	13	14	15	16	17	18	19	20
1	2	3	4	5	6	7	8	9	10	11	12	13	14	15	16	17	18	19	20
1	2	3	4	5	6	7	8	9	10	11	12	13	14	15	16	17	18	19	20
1	2	3	4	5	6	7	8	9	10	11	12	13	14	15	16	17	18	19	20
1	2	3	4	5	6	7	8	9	10	11	12	13	14	15	16	17	18	19	20
1	2	3	4	5	6	7	8	9	10	11	12	13	14	15	16	17	18	19	20
1	2	3	4	5	6	7	8	9	10	11	12	13	14	15	16	17	18	19	20
1	2	3	4	5	6	7	8	9	10	11	12	13	14	15	16	17	18	19	20
1	2	3	4	5	6	7	8	9	10	11	12	13	14	15	16	17	18	19	20
1	2	3	4	5	6	7	8	9	10	11	12	13	14	15	16	17	18	19	20
1	2	3	4	5	6	7	8	9	10	11	12	13	14	15	16	17	18	19	20
1	2	3	4	5	6	7	8	9	10	11	12	13	14	15	16	17	18	19	20
1	2	3	4	5	6	7	8	9	10	11	12	13	14	15	16	17	18	19	20
1	2	3	4	5	6	7	8	9	10	11	12	13	14	15	16	17	18	19	20
1	2	3	4	5	6	7	8	9	10	11	12	13	14	15	16	17	18	19	20
1	2	3	4	5	6	7	8	9	10	11	12	13	14	15	16	17	18	19	20
1	2	3	4	5	6	7	8	9	10	11	12	13	14	15	16	17	18	19	20
1	2	3	4	5	6	7	8	9	10	11	12	13	14	15	16	17	18	19	20
1	2	3	4	5	6	7	8	9	10	11	12	13	14	15	16	17	18	19	20
1	2	3	4	5	6	7	8	9	10	11	12	13	14	15	16	17	18	19	20
1	2	3	4	5	6	7	8	9	10	11	12	13	14	15	16	17	18	19	20
1	2	3	4	5	6	7	8	9	10	11	12	13	14	15	16	17	18	19	20
1	2	3	4	5	6	7	8	9	10	11	12	13	14	15	16	17	18	19	20
1	2	3	4	5	6	7	8	9	10	11	12	13	14	15	16	17	18	19	20
1	2	3	4	5	6	7	8	9	10	11	12	13	14	15	16	17	18	19	20
1	2	3	4	5	6	7	8	9	10	11	12	13	14	15	16	17	18	19	20
1	2	3	4	5	6	7	8	9	10	11	12	13	14	15	16	17	18	19	20
1	2	3	4	5	6	7	8	9	10	11	12	13	14	15	16	17	18	19	20
1	2	3	4	5	6	7	8	9	10	11	12	13	14	15	16	17	18	19	20
1	2	3	4	5	6	7	8	9	10	11	12	13	14	15	16	17	18	19	20
1	2	3	4	5	6	7	8	9	10	11	12	13	14	15	16	17	18	19	20
1	2	3	4	5	6	7	8	9	10	11	12	13	14	15	16	17	18	19	20
1	2	3	4	5	6	7	8	9	10	11	12	13	14	15	16	17	18	19	20
1	2	3	4	5	6	7	8	9	10	11	12	13	14	15	16	17	18	19	20
1	2	3	4	5	6	7	8	9	10	11	12	13	14	15	16	17	18	19	20
1	2	3	4	5	6	7	8	9	10	11	12	13	14	15	16	17	18	19	20
1	2	3	4	5	6	7	8	9	10	11	12	13	14	15	16	17	18	19	20
1	2	3	4	5	6	7	8	9	10	11	12	13	14	15	16	17	18	19	20
1	2	3	4	5	6	7	8	9	10	11	12	13	14	15	16	17	18	19	20
1	2	3	4	5	6	7	8	9	10	11	12	13	14	15	16	17	18	19	20
1	2	3	4	5	6	7	8	9	10	11	12	13	14	15	16	17	18	19	20
1	2	3	4	5	6	7	8	9	10	11	12	13	14	15	16	17	18	19	20
