100	20
2.9	1.6	66.6	69.5	92.5	19.2	91.5	26.9	74.5	87.9	78.7	40.0	71.0	20.3	55.7	73.1	53.2	19.1	10.5	20.8
33.9	14.3	17.4	76.4	84.0	60.6	47.1	36.3	86.4	34.3	31.5	87.1	21.0	5.6	50.6	59.5	38.6	99.2	46.7	23.8
3.2	9.7	1.9	56.3	88.0	13.5	19.0	23.5	35.2	56.6	73.4	19.5	0.8	76.3	82.6	29.8	93.9	83.6	69.5	23.2
39.6	51.1	33.2	1.9	80.9	79.4	9.5	60.6	20.7	11.1	62.2	4.0	33.2	40.8	22.6	69.7	74.6	45.2	98.9	77.2
67.8	7.9	89.0	89.0	56.6	51.9	3.7	65.2	98.8	21.8	11.4	39.9	59.9	23.8	71.1	76.9	73.3	72.0	39.8	41.4
88.2	42.5	56.5	58.4	69.9	2.2	91.9	65.1	33.0	67.0	44.9	14.1	57.3	15.4	43.2	38.2	41.3	76.0	36.2	60.6
71.6	9.6	64.7	3.4	84.8	1.6	64.0	84.4	50.5	48.2	82.4	46.3	45.0	67.7	33.7	34.5	98.8	90.7	38.8	41.9
6.8	15.3	59.2	50.4	43.4	36.7	59.4	16.9	48.0	75.6	75.7	55.3	81.2	2.7	8.7	16.4	38.6	33.1	69.9	58.7
13.3	3.0	30.7	2.4	46.4	53.3	85.3	4.4	13.6	93.7	18.9	35.2	11.1	73.4	51.6	34.6	73.8	82.0	71.5	63.6
49.1	7.0	47.1	28.9	0.9	75.4	75.1	85.0	27.3	35.0	64.1	44.3	49.9	52.5	75.9	50.8	54.7	49.5	15.5	10.6
15.8	7.4	13.2	8.6	26.7	25.2	14.0	75.1	5.3	97.1	52.8	32.9	48.6	33.8	78.2	98.0	71.4	25.5	47.8	33.8
53.4	24.0	43.4	22.0	71.1	24.5	70.9	56.9	66.7	90.9	22.4	91.2	47.5	20.0	11.8	82.1	55.8	1.5	83.6	22.0
59.9	98.3	52.9	41.4	96.7	43.9	70.3	57.6	89.9	26.3	72.1	25.9	49.9	0.0	13.5	12.3	12.4	37.3	31.0	31.6
99.6	74.1	67.8	84.1	70.3	33.5	10.4	75.6	57.4	99.0	44.9	11.4	47.9	25.6	37.3	16.8	83.8	91.6	20.3	98.3
1.6	65.8	92.2	28.7	14.1	59.6	54.3	30.1	98.0	15.7	84.6	94.9	89.7	95.5	22.0	91.3	65.1	7.9	64.1	11.1
33.4	91.8	18.7	99.0	77.4	47.0	91.0	43.5	57.0	18.4	42.2	41.9	6.0	6.2	40.8	96.8	5.7	47.0	32.5	30.6
66.4	44.6	46.5	82.0	9.3	39.0	69.3	72.2	81.5	39.5	67.9	24.8	57.2	91.4	87.5	6.8	76.7	36.9	29.7	63.0
29.2	27.7	13.5	9.7	28.5	61.3	33.6	32.6	95.5	30.8	41.9	86.5	21.2	39.9	84.2	68.2	3.4	98.8	0.1	36.0
86.9	82.0	25.0	57.3	3.6	45.4	24.9	83.3	53.3	16.7	58.5	21.9	69.1	21.5	48.2	40.5	60.9	52.4	15.7	90.5
84.6	85.8	42.8	86.7	49.6	77.3	83.9	65.9	32.0	79.8	27.5	37.2	50.3	67.7	79.3	99.6	54.6	79.8	98.3	49.7
48.7	56.1	58.0	63.3	40.6	45.2	86.1	58.9	16.8	17.8	8.7	58.2	79.4	66.5	98.9	3.3	12.6	11.2	54.2	97.8
26.4	37.8	19.6	90.3	5.6	79.9	52.0	93.9	0.4	75.8	34.4	47.5	80.3	40.9	6.2	86.4	36.1	14.4	68.3	9.6
84.3	94.2	15.6	0.4	91.7	5.8	62.9	42.7	12.3	19.9	14.7	44.1	66.9	0.6	14.9	73.4	86.2	5.1	17.7	69.9
73.9	63.7	53.6	72.6	97.7	96.5	84.4	19.6	58.0	75.8	3.4	10.6	11.7	29.6	54.9	29.7	93.1	25.1	65.5	43.6
14.7	65.4	42.1	81.8	10.7	60.3	79.1	18.7	83.3	97.2	26.2	82.9	99.9	25.0	16.6	90.0	80.2	34.7	20.7	33.0
62.8	28.1	97.6	11.8	96.0	90.9	87.7	85.1	47.6	4.0	28.7	67.4	67.3	34.4	80.6	4.4	60.3	77.2	58.3	50.5
63.4	30.5	65.0	53.9	94.9	94.7	12.7	39.0	81.9	49.5	18.8	43.1	84.8	81.7	55.4	67.7	47.8	70.8	20.7	16.3
89.0	29.5	17.5	17.0	79.6	32.6	45.0	71.9	29.6	69.9	21.0	37.6	42.3	53.8	38.1	85.9	49.8	55.4	23.7	40.4
29.0	80.7	31.3	49.1	32.4	55.7	98.6	22.2	18.8	12.4	57.5	13.6	64.3	52.8	72.2	86.1	79.2	55.9	28.4	61.1
10.7	20.9	1.7	99.8	67.2	83.2	50.7	36.8	9.4	32.3	38.6	52.0	21.9	40.0	62.7	29.2	77.2	79.7	58.9	85.8
11.4	89.3	19.3	18.7	29.6	93.4	89.8	36.6	82.2	30.3	95.9	15.2	8.5	46.3	76.7	23.6	80.1	10.0	58.1	98.0
75.0	34.8	95.3	57.9	80.2	55.4	69.8	57.1	60.7	33.7	0.6	72.8	71.2	47.9	49.0	46.0	44.2	32.6	78.8	16.5
30.1	45.1	33.3	61.3	67.5	95.4	8.9	3.3	88.4	41.2	42.1	12.2	27.4	60.4	35.0	16.6	56.0	38.0	41.3	82.0
82.0	0.4	30.2	62.1	62.6	42.3	6.0	92.6	63.0	77.1	36.9	88.4	28.1	23.2	25.8	81.7	17.1	60.9	77.3	1.8
40.3	73.4	40.6	74.4	64.4	97.2	89.9	6.6	57.2	91.4	66.2	74.3	92.3	96.8	18.7	4.2	56.0	35.9	62.1	72.9
68.1	55.4	72.9	21.0	6.1	49.3	6.8	57.6	71.3	18.5	58.0	65.2	6.2	81.3	70.6	13.0	13.6	34.8	57.7	87.2
99.7	66.6	78.4	38.1	7.8	78.6	95.4	92.5	8.7	72.3	85.1	83.6	14.5	56.7	12.2	45.9	42.1	55.4	82.4	51.3
83.1	7.7	40.4	10.8	41.2	31.0	40.7	53.2	99.5	70.9	93.4	89.5	91.9	62.9	24.3	92.2	18.3	71.0	15.9	44.2
35.7	99.6	26.6	19.0	74.1	10.9	98.9	88.9	33.2	93.9	57.8	27.3	72.7	75.9	92.6	8.9	47.6	41.8	17.8	92.8
94.2	61.5	55.4	36.5	32.5	35.5	91.6	53.2	45.2	32.6	56.0	73.4	11.8	95.9	45.1	84.5	13.6	8.5	26.0	15.6
83.3	93.5	44.8	30.7	67.0	97.4	74.5	5.5	38.8	31.3	63.2	46.7	3.0	48.0	77.3	48.4	75.6	58.1	50.9	54.9
95.8	98.1	36.9	91.4	93.9	97.2	44.9	96.4	96.6	90.2	18.7	5.0	53.2	36.5	74.9	26.5	63.9	22.6	60.2	95.2
95.9	91.9	2.3	15.3	24.4	19.9	62.3	74.8	46.2	44.7	17.9	19.6	74.7	52.5	21.7	34.5	85.7	61.2	25.4	23.2
82.3	94.2	17.7	26.9	97.2	35.9	66.0	96.9	97.5	30.9	79.4	76.0	18.3	29.8	13.2	49.8	2.7	23.2	15.7	75.1
31.2	87.0	28.6	66.8	57.6	61.4	37.0	34.6	37.6	17.9	64.3	95.7	24.0	28.0	78.3	12.8	46.0	50.0	88.3	1.8
65.0	10.9	35.6	54.5	28.6	24.1	83.2	98.4	43.7	89.1	92.7	87.2	43.3	45.8	1.6	69.1	48.9	21.9	68.3	17.6
96.5	15.5	27.3	82.1	8.9	96.3	80.5	4.7	70.2	68.7	10.5	8.4	71.6	8.2	66.1	45.5	33.8	47.9	26.8	47.8
9.4	59.7	85.5	45.3	12.5	25.7	37.5	40.4	93.2	69.2	31.5	60.2	90.1	99.6	54.5	6.3	9.6	27.8	85.1	64.4
4.6	0.8	74.3	70.6	20.1	50.7	79.8	74.8	89.1	70.3	99.3	76.7	89.7	66.8	58.4	91.5	37.3	1.4	10.3	78.5
71.8	51.6	98.7	41.2	85.1	21.3	72.7	59.0	72.4	1.9	18.4	34.4	24.8	40.0	23.6	29.7	37.8	18.9	9.3	82.5
42.1	32.6	15.1	65.9	44.2	29.1	58.6	41.5	70.5	57.9	71.9	84.9	66.2	57.3	29.5	20.4	1.2	65.9	67.7	53.6
44.5	47.2	59.3	89.3	22.3	42.2	81.4	76.9	25.2	67.7	71.2	72.9	60.1	73.1	8.8	80.6	70.1	16.3	34.3	93.8
31.8	50.8	99.2	78.0	97.2	5.1	63.6	1.8	82.0	76.8	97.3	78.1	39.1	65.6	58.8	26.2	43.6	61.6	3.1	0.9
97.3	77.7	47.9	7.2	44.3	47.0	94.2	84.1	53.2	60.4	86.2	41.1	10.1	26.7	25.0	18.9	99.8	6.5	63.1	1.9
81.3	91.5	96.4	17.5	71.7	90.1	27.0	34.3	78.5	27.0	68.3	49.2	29.2	77.8	3.7	87.1	18.5	32.6	66.6	14.0
12.5	80.0	67.3	53.2	11.4	11.7	85.3	89.1	6.6	4.3	58.8	30.6	71.7	20.7	75.9	80.6	95.5	73.2	0.2	30.2
79.4	4.3	17.9	7.4	96.2	86.4	2.0	21.3	38.7	46.9	23.1	3.8	67.0	43.3	32.1	3.8	62.3	24.5	46.2	35.2
91.6	45.4	97.7	29.9	87.1	67.9	25.3	90.5	24.9	51.1	66.9	91.6	28.2	99.7	71.2	86.2	81.8	23.3	8.4	54.9
20.1	95.6	26.6	12.8	57.3	27.2	43.7	20.2	3.4	45.8	77.7	28.0	21.9	23.1	92.5	60.2	63.5	63.2	95.0	75.3
2.1	35.3	80.0	42.0	18.7	38.7	44.4	34.3	89.9	59.5	54.1	63.8	90.0	19.2	39.9	10.2	43.3	27.2	6.2	58.4
19.8	26.8	84.9	82.9	35.2	87.6	53.4	51.1	32.9	71.8	77.0	94.9	62.5	83.3	75.2	43.4	60.8	16.3	60.5	30.6
54.3	89.2	77.1	63.4	55.2	14.7	91.6	12.5	88.8	34.6	96.2	40.1	0.2	99.5	80.0	15.4	2.0	99.3	54.2	65.6
12.7	99.5	95.5	67.4	10.6	40.8	18.3	21.8	64.6	8.1	5.3	37.6	55.0	64.0	98.1	94.6	58.7	91.2	25.9	86.5
82.6	4.3	22.9	32.2	98.2	90.9	49.3	28.8	4.6	15.7	54.8	42.2	0.6	43.7	58.0	60.7	19.9	46.2	12.1	26.7
79.5	75.7	29.9	20.7	51.0	29.8	26.0	72.7	31.3	76.8	88.1	62.2	98.5	26.2	94.6	59.1	64.7	94.2	44.8	31.4
0.2	47.3	91.5	70.2	92.5	96.1	51.6	93.4	33.2	29.1	7.1	3.1	50.6	63.9	37.4	16.5	13.0	35.0	89.5	53.5
37.0	43.4	83.3	65.8	3.1	89.3	9.7	71.4	10.9	36.8	68.9	48.2	29.1	39.5	81.9	41.7	56.4	48.2	14.7	94.7
94.4	53.2	91.6	36.4	33.8	70.9	28.4	44.4	48.3	39.2	28.8	12.1	71.5	66.2	74.1	26.2	55.8	78.6	52.7	15.6
78.5	88.6	38.1	91.2	14.0	48.1	78.4	42.1	95.9	23.5	98.0	73.3	48.4	68.9	44.2	28.1	65.4	16.3	96.8	14.4
35.6	7.5	65.6	33.0	29.4	45.2	50.0	41.3	18.6	18.3	46.9	34.4	13.3	2.4	7.0	74.3	89.8	89.9	8.9	29.4
10.2	31.9	97.4	21.1	66.2	90.3	24.4	61.5	63.5	50.7	93.3	52.4	90.9	2.8	71.1	30.5	50.2	2.0	80.9	38.7
25.6	91.4	61.0	15.9	27.1	2.8	34.2	82.9	85.7	75.3	14.4	6.2	20.3	25.3	61.4	44.7	85.2	46.1	31.8	12.5
36.7	54.1	43.2	8.1	92.3	21.2	17.9	32.8	91.5	74.4	48.1	27.5	14.1	21.5	95.1	94.9	56.8	79.8	43.9	74.4
0.5	81.2	31.1	5.3	64.8	30.0	95.3	21.5	50.3	76.2	60.6	35.2	49.6	87.6	57.6	97.1	84.1	26.1	82.7	42.2
15.8	23.1	46.5	25.9	60.7	25.4	52.3	36.6	53.7	25.5	35.9	82.3	13.5	3.9	39.2	31.4	58.3	5.7	29.0	65.1
22.4	35.1	64.1	51.1	20.6	8.1	31.8	92.1	5.9	21.4	39.1	44.4	37.5	79.7	62.5	53.8	30.4	71.5	93.1	25.8
91.4	59.4	47.1	46.8	0.5	28.1	22.2	19.1	15.8	73.8	11.7	35.1	24.7	48.4	32.2	83.0	40.9	55.1	14.5	4.0
67.2	78.2	59.8	66.5	18.7	22.0	49.6	13.1	62.8	31.7	4.5	57.1	13.6	92.7	40.2	8.8	76.9	44.0	97.8	94.8
84.8	94.7	53.8	74.2	31.6	40.2	54.1	39.5	89.5	39.1	97.9	4.4	82.0	29.2	34.1	25.0	57.4	20.4	97.2	87.4
89.4	44.4	15.8	29.9	78.8	44.5	35.8	67.0	96.8	14.6	2.4	71.9	61.4	18.1	80.4	52.5	12.4	23.9	1.6	5.1
77.6	18.0	2.4	56.7	84.9	24.9	52.5	80.1	26.7	50.3	65.6	2.6	99.3	88.7	16.2	57.5	11.1	98.6	7.6	35.4
24.5	64.8	21.0	22.9	42.2	91.4	53.5	64.2	29.8	64.1	26.3	44.0	12.1	48.4	81.0	42.7	39.7	66.6	18.3	81.7
21.0	74.2	42.1	20.3	1.2	92.9	33.1	41.8	92.4	30.2	28.7	46.9	93.6	29.0	45.4	45.2	30.8	84.0	93.3	63.5
92.9	54.3	28.3	26.5	41.8	91.6	36.8	81.6	29.0	53.2	45.2	58.5	65.7	50.5	65.3	82.3	82.3	20.4	52.7	53.5
39.0	29.6	72.4	90.0	98.2	28.8	39.4	43.4	75.0	11.7	5.0	87.2	34.4	10.0	57.5	11.1	22.0	16.2	77.8	51.3
17.1	92.9	52.6	78.9	43.2	31.7	55.2	32.5	55.8	47.0	58.1	88.9	14.3	92.0	28.8	16.9	74.7	77.4	65.5	0.1
70.0	2.1	72.6	29.4	49.5	95.4	76.8	73.2	12.1	48.2	89.4	99.8	67.9	12.4	17.1	66.5	88.9	13.3	53.4	4.5
93.9	13.5	36.0	91.5	63.4	98.7	81.6	4.1	6.2	25.6	77.2	31.1	14.5	41.4	54.4	4.1	21.1	87.6	60.9	53.5
89.5	49.3	48.6	51.3	62.7	93.3	46.5	64.6	56.0	57.3	40.0	33.7	38.1	21.9	50.9	51.9	93.8	40.6	69.5	71.9
40.7	81.0	15.8	91.0	64.3	97.7	60.4	94.5	19.5	90.7	54.0	34.1	70.9	71.3	82.1	31.1	68.0	96.7	20.9	4.6
77.1	75.4	62.9	34.1	50.4	19.9	70.9	74.1	45.4	33.2	60.1	8.6	58.4	6.4	5.6	39.1	74.0	65.0	40.1	84.2
14.7	30.2	23.1	49.1	80.4	53.3	51.0	42.8	96.6	35.0	11.1	6.1	5.9	64.0	35.2	90.0	48.4	17.7	98.4	20.3
83.2	80.1	57.3	95.7	18.0	67.1	83.4	14.9	36.2	37.4	91.2	70.7	16.3	4.7	96.6	1.4	71.9	55.3	27.0	64.8
19.1	43.1	17.9	9.9	93.2	31.0	28.4	31.4	41.6	51.2	50.4	84.1	26.5	58.3	54.7	38.4	94.1	45.2	90.2	1.6
41.2	83.6	32.9	90.5	69.5	32.0	58.2	82.7	79.6	69.4	45.0	43.6	55.6	66.2	62.0	39.2	18.1	36.3	24.9	93.1
97.4	76.5	1.1	49.0	40.8	12.2	29.6	88.4	28.0	79.8	20.9	47.6	23.2	27.0	42.0	58.4	73.2	53.9	10.3	89.9
65.2	81.4	39.4	55.5	49.5	47.0	82.9	88.4	87.4	34.7	92.4	89.9	32.6	51.7	63.7	39.8	70.0	76.0	95.3	2.5
63.3	73.7	76.4	21.9	87.9	27.1	59.5	0.3	45.3	38.6	92.0	86.3	58.4	47.4	57.1	72.6	77.2	80.3	28.6	72.7
27.1	30.9	98.8	49.0	45.3	82.3	98.2	65.8	11.3	89.6	89.3	31.0	85.3	67.4	2.7	97.0	100.0	92.9	45.3	21.9
87.6	56.4	35.8	4.6	63.7	98.2	6.8	1.3	87.2	3.8	15.8	77.4	40.7	94.1	24.6	92.3	39.5	26.5	3.2	2.9
1	2	3	4	5	6	7	8	9	10	11	12	13	14	15	16	17	18	19	20
1	2	3	4	5	6	7	8	9	10	11	12	13	14	15	16	17	18	19	20
1	2	3	4	5	6	7	8	9	10	11	12	13	14	15	16	17	18	19	20
1	2	3	4	5	6	7	8	9	10	11	12	13	14	15	16	17	18	19	20
1	2	3	4	5	6	7	8	9	10	11	12	13	14	15	16	17	18	19	20
1	2	3	4	5	6	7	8	9	10	11	12	13	14	15	16	17	18	19	20
1	2	3	4	5	6	7	8	9	10	11	12	13	14	15	16	17	18	19	20
1	2	3	4	5	6	7	8	9	10	11	12	13	14	15	16	17	18	19	20
1	2	3	4	5	6	7	8	9	10	11	12	13	14	15	16	17	18	19	20
1	2	3	4	5	6	7	8	9	10	11	12	13	14	15	16	17	18	19	20
1	2	3	4	5	6	7	8	9	10	11	12	13	14	15	16	17	18	19	20
1	2	3	4	5	6	7	8	9	10	11	12	13	14	15	16	17	18	19	20
1	2	3	4	5	6	7	8	9	10	11	12	13	14	15	16	17	18	19	20
1	2	3	4	5	6	7	8	9	10	11	12	13	14	15	16	17	18	19	20
1	2	3	4	5	6	7	8	9	10	11	12	13	14	15	16	17	18	19	20
1	2	3	4	5	6	7	8	9	10	11	12	13	14	15	16	17	18	19	20
1	2	3	4	5	6	7	8	9	10	11	12	13	14	15	16	17	18	19	20
1	2	3	4	5	6	7	8	9	10	11	12	13	14	15	16	17	18	19	20
1	2	3	4	5	6	7	8	9	10	11	12	13	14	15	16	17	18	19	20
1	2	3	4	5	6	7	8	9	10	11	12	13	14	15	16	17	18	19	20
1	2	3	4	5	6	7	8	9	10	11	12	13	14	15	16	17	18	19	20
1	2	3	4	5	6	7	8	9	10	11	12	13	14	15	16	17	18	19	20
1	2	3	4	5	6	7	8	9	10	11	12	13	14	15	16	17	18	19	20
1	2	3	4	5	6	7	8	9	10	11	12	13	14	15	16	17	18	19	20
1	2	3	4	5	6	7	8	9	10	11	12	13	14	15	16	17	18	19	20
1	2	3	4	5	6	7	8	9	10	11	12	13	14	15	16	17	18	19	20
1	2	3	4	5	6	7	8	9	10	11	12	13	14	15	16	17	18	19	20
1	2	3	4	5	6	7	8	9	10	11	12	13	14	15	16	17	18	19	20
1	2	3	4	5	6	7	8	9	10	11	12	13	14	15	16	17	18	19	20
1	2	3	4	5	6	7	8	9	10	11	12	13	14	15	16	17	18	19	20
1	2	3	4	5	6	7	8	9	10	11	12	13	14	15	16	17	18	19	20
1	2	3	4	5	6	7	8	9	10	11	12	13	14	15	16	17	18	19	20
1	2	3	4	5	6	7	8	9	10	11	12	13	14	15	16	17	18	19	20
1	2	3	4	5	6	7	8	9	10	11	12	13	14	15	16	17	18	19	20
1	2	3	4	5	6	7	8	9	10	11	12	13	14	15	16	17	18	19	20
1	2	3	4	5	6	7	8	9	10	11	12	13	14	15	16	17	18	19	20
1	2	3	4	5	6	7	8	9	10	11	12	13	14	15	16	17	18	19	20
1	2	3	4	5	6	7	8	9	10	11	12	13	14	15	16	17	18	19	20
1	2	3	4	5	6	7	8	9	10	11	12	13	14	15	16	17	18	19	20
1	2	3	4	5	6	7	8	9	10	11	12	13	14	15	16	17	18	19	20
1	2	3	4	5	6	7	8	9	10	11	12	13	14	15	16	17	18	19	20
1	2	3	4	5	6	7	8	9	10	11	12	13	14	15	16	17	18	19	20
1	2	3	4	5	6	7	8	9	10	11	12	13	14	15	16	17	18	19	20
1	2	3	4	5	6	7	8	9	10	11	12	13	14	15	16	17	18	19	20
1	2	3	4	5	6	7	8	9	10	11	12	13	14	15	16	17	18	19	20
1	2	3	4	5	6	7	8	9	10	11	12	13	14	15	16	17	18	19	20
1	2	3	4	5	6	7	8	9	10	11	12	13	14	15	16	17	18	19	20
1	2	3	4	5	6	7	8	9	10	11	12	13	14	15	16	17	18	19	20
1	2	3	4	5	6	7	8	9	10	11	12	13	14	15	16	17	18	19	20
1	2	3	4	5	6	7	8	9	10	11	12	13	14	15	16	17	18	19	20
1	2	3	4	5	6	7	8	9	10	11	12	13	14	15	16	17	18	19	20
1	2	3	4	5	6	7	8	9	10	11	12	13	14	15	16	17	18	19	20
1	2	3	4	5	6	7	8	9	10	11	12	13	14	15	16	17	18	19	20
1	2	3	4	5	6	7	8	9	10	11	12	13	14	15	16	17	18	19	20
1	2	3	4	5	6	7	8	9	10	11	12	13	14	15	16	17	18	19	20
1	2	3	4	5	6	7	8	9	10	11	12	13	14	15	16	17	18	19	20
1	2	3	4	5	6	7	8	9	10	11	12	13	14	15	16	17	18	19	20
1	2	3	4	5	6	7	8	9	10	11	12	13	14	15	16	17	18	19	20
1	2	3	4	5	6	7	8	9	10	11	12	13	14	15	16	17	18	19	20
1	2	3	4	5	6	7	8	9	10	11	12	13	14	15	16	17	18	19	20
1	2	3	4	5	6	7	8	9	10	11	12	13	14	15	16	17	18	19	20
1	2	3	4	5	6	7	8	9	10	11	12	13	14	15	16	17	18	19	20
1	2	3	4	5	6	7	8	9	10	11	12	13	14	15	16	17	18	19	20
1	2	3	4	5	6	7	8	9	10	11	12	13	14	15	16	17	18	19	20
1	2	3	4	5	6	7	8	9	10	11	12	13	14	15	16	17	18	19	20
1	2	3	4	5	6	7	8	9	10	11	12	13	14	15	16	17	18	19	20
1	2	3	4	5	6	7	8	9	10	11	12	13	14	15	16	17	18	19	20
1	2	3	4	5	6	7	8	9	10	11	12	13	14	15	16	17	18	19	20
1	2	3	4	5	6	7	8	9	10	11	12	13	14	15	16	17	18	19	20
1	2	3	4	5	6	7	8	9	10	11	12	13	14	15	16	17	18	19	20
1	2	3	4	5	6	7	8	9	10	11	12	13	14	15	16	17	18	19	20
1	2	3	4	5	6	7	8	9	10	11	12	13	14	15	16	17	18	19	20
1	2	3	4	5	6	7	8	9	10	11	12	13	14	15	16	17	18	19	20
1	2	3	4	5	6	7	8	9	10	11	12	13	14	15	16	17	18	19	20
1	2	3	4	5	6	7	8	9	10	11	12	13	14	15	16	17	18	19	20
1	2	3	4	5	6	7	8	9	10	11	12	13	14	15	16	17	18	19	20
1	2	3	4	5	6	7	8	9	10	11	12	13	14	15	16	17	18	19	20
1	2	3	4	5	6	7	8	9	10	11	12	13	14	15	16	17	18	19	20
1	2	3	4	5	6	7	8	9	10	11	12	13	14	15	16	17	18	19	20
1	2	3	4	5	6	7	8	9	10	11	12	13	14	15	16	17	18	19	20
1	2	3	4	5	6	7	8	9	10	11	12	13	14	15	16	17	18	19	20
1	2	3	4	5	6	7	8	9	10	11	12	13	14	15	16	17	18	19	20
1	2	3	4	5	6	7	8	9	10	11	12	13	14	15	16	17	18	19	20
1	2	3	4	5	6	7	8	9	10	11	12	13	14	15	16	17	18	19	20
1	2	3	4	5	6	7	8	9	10	11	12	13	14	15	16	17	18	19	20
1	2	3	4	5	6	7	8	9	10	11	12	13	14	15	16	17	18	19	20
1	2	3	4	5	6	7	8	9	10	11	12	13	14	15	16	17	18	19	20
1	2	3	4	5	6	7	8	9	10	11	12	13	14	15	16	17	18	19	20
1	2	3	4	5	6	7	8	9	10	11	12	13	14	15	16	17	18	19	20
1	2	3	4	5	6	7	8	9	10	11	12	13	14	15	16	17	18	19	20
1	2	3	4	5	6	7	8	9	10	11	12	13	14	15	16	17	18	19	20
1	2	3	4	5	6	7	8	9	10	11	12	13	14	15	16	17	18	19	20
1	2	3	4	5	6	7	8	9	10	11	12	13	14	15	16	17	18	19	20
1	2	3	4	5	6	7	8	9	10	11	12	13	14	15	16	17	18	19	20
1	2	3	4	5	6	7	8	9	10	11	12	13	14	15	16	17	18	19	20
1	2	3	4	5	6	7	8	9	10	11	12	13	14	15	16	17	18	19	20
1	2	3	4	5	6	7	8	9	10	11	12	13	14	15	16	17	18	19	20
1	2	3	4	5	6	7	8	9	10	11	12	13	14	15	16	17	18	19	20
1	2	3	4	5	6	7	8	9	10	11	12	13	14	15	16	17	18	19	20
1	2	3	4	5	6	7	8	9	10	11	12	13	14	15	16	17	18	19	20
