100	20
82.7	58.4	1.0	5.2	23.6	96.4	74.8	66.2	31.9	77.3	4.0	53.7	54.0	79.8	49.4	29.8	75.5	72.6	34.2	97.0
90.5	9.7	32.2	57.6	91.3	97.2	78.6	68.1	90.8	15.5	58.5	62.8	34.0	3.4	29.6	17.2	68.5	50.1	85.5	30.8
25.7	17.5	17.9	60.8	83.6	9.8	1.1	52.9	91.7	56.7	79.6	35.2	30.3	36.5	57.8	15.7	0.2	63.8	27.8	80.7
90.0	41.2	35.7	30.3	63.4	88.0	94.0	9.8	65.1	86.7	15.5	55.1	7.0	74.6	72.6	32.4	34.7	50.4	34.8	88.4
23.6	41.4	99.2	3.0	23.7	20.1	88.4	61.1	6.0	69.1	31.3	46.9	51.3	14.1	60.6	10.0	74.8	54.6	92.5	54.4
86.7	91.7	35.6	35.8	55.6	56.2	91.2	71.8	5.5	93.7	41.0	56.2	85.9	99.6	42.8	33.2	81.8	72.8	90.0	49.6
97.1	24.9	58.7	9.8	49.0	58.1	36.9	78.0	79.4	15.2	50.4	51.4	65.2	97.2	51.4	96.2	51.5	6.9	90.1	83.2
54.3	65.7	68.6	15.3	81.4	93.4	83.0	35.4	95.8	87.5	41.8	85.2	68.9	95.9	83.2	85.3	85.9	64.9	14.1	6.9
99.0	66.2	53.1	97.6	28.0	49.3	48.6	76.2	67.5	71.1	78.5	84.6	0.5	12.1	23.6	70.4	4.7	27.0	26.9	27.3
66.8	50.9	93.1	86.6	11.9	54.9	9.0	8.2	55.2	57.0	62.7	60.9	15.6	40.6	95.9	48.0	26.2	18.6	5.9	43.4
75.8	89.3	18.1	37.6	57.7	7.2	99.1	13.4	44.1	86.3	8.8	82.9	34.3	39.3	12.4	38.0	86.1	88.9	11.6	5.9
41.3	75.4	73.1	79.1	62.2	84.4	69.7	7.7	93.5	51.4	30.3	55.4	47.6	89.7	20.8	57.2	39.2	62.8	75.6	46.6
47.4	41.6	0.6	5.0	7.8	23.1	93.9	38.5	37.9	93.3	63.4	81.3	56.0	9.2	24.9	3.6	12.5	79.7	48.9	2.8
42.7	53.4	26.5	28.6	48.7	41.0	34.8	43.0	82.9	41.4	64.8	79.1	81.6	97.1	52.6	32.6	81.0	1.1	46.3	19.2
60.0	4.9	74.1	87.4	86.1	13.0	64.7	52.6	37.9	75.4	14.0	82.5	31.1	44.0	71.4	32.1	82.7	32.6	7.5	10.4
38.8	88.6	55.8	65.8	93.8	38.3	83.2	59.1	75.0	9.0	52.9	92.9	57.0	4.2	10.2	63.3	63.8	25.6	5.3	95.0
55.4	7.6	65.8	11.7	72.2	41.6	52.0	2.2	51.2	16.2	22.9	30.8	76.5	44.7	75.2	23.8	57.4	76.9	61.8	11.5
72.6	11.5	17.8	0.9	15.5	92.9	29.1	16.9	22.3	76.1	10.2	10.8	87.3	37.0	11.2	38.0	53.0	66.5	22.7	80.6
87.5	53.8	81.8	14.1	9.1	26.3	74.7	24.6	7.5	88.8	49.0	87.4	79.9	4.9	25.3	68.1	95.8	89.5	23.3	22.3
81.5	57.2	65.9	41.1	46.7	68.3	43.0	94.1	87.6	31.4	9.6	40.2	12.6	45.3	46.9	75.1	14.1	95.4	93.3	76.1
21.6	90.7	61.4	31.7	86.3	58.9	20.3	83.5	56.8	52.6	20.8	4.2	67.9	29.6	0.7	42.0	13.1	87.8	62.5	67.5
13.8	62.0	36.3	64.3	9.3	89.5	65.6	74.9	8.1	29.7	14.9	62.9	77.8	52.6	37.5	60.3	62.6	42.6	35.7	79.8
93.5	46.7	80.6	95.7	52.1	49.8	51.0	87.7	98.4	32.7	49.6	12.5	98.2	20.0	65.1	97.4	61.6	32.3	39.8	95.9
65.8	17.3	22.4	81.1	70.5	7.9	11.9	76.9	55.1	12.2	34.6	98.2	29.1	64.9	28.4	45.7	76.6	95.8	76.6	13.5
40.3	36.6	29.2	22.2	60.6	30.4	62.4	86.6	64.7	22.4	85.7	27.7	99.5	15.9	17.7	72.2	8.1	9.1	31.7	21.9
15.7	98.0	61.0	28.6	64.2	57.7	73.7	45.0	1.0	23.5	58.3	35.4	86.4	73.3	92.9	81.6	1.4	45.6	71.6	41.7
30.0	76.9	24.3	17.6	4.1	7.4	66.5	0.7	64.2	59.8	99.9	20.6	65.9	68.0	86.4	89.7	25.1	18.9	69.9	35.9
92.7	4.9	50.7	36.1	34.3	90.8	23.1	15.0	81.7	72.7	32.5	8.0	31.6	54.4	56.6	31.6	29.0	46.2	56.8	4.5
25.9	44.7	40.6	75.6	22.4	30.9	5.2	53.2	33.2	95.9	95.8	22.0	33.5	18.2	43.4	42.4	26.8	0.5	99.7	95.4
60.6	11.5	55.2	27.0	54.4	12.1	26.3	62.1	37.5	82.0	5.5	16.2	58.6	91.3	58.5	27.9	36.8	28.4	4.4	55.5
29.8	72.5	80.4	95.9	54.1	93.0	40.1	56.1	42.4	15.9	48.5	16.8	92.4	36.2	61.8	29.2	76.1	94.1	29.0	75.5
5.5	4.4	34.1	18.3	59.8	34.1	71.3	66.5	37.1	75.0	51.4	93.3	72.3	81.2	42.9	54.7	26.0	66.6	46.6	84.1
7.5	92.4	92.2	92.6	6.8	93.2	15.9	77.1	27.8	10.2	49.0	68.9	37.5	60.4	75.1	3.3	24.0	53.1	25.4	92.8
59.3	20.6	78.4	4.7	15.8	43.1	41.3	94.7	88.9	71.0	92.0	92.0	36.6	34.5	24.3	62.7	82.0	1.7	75.1	42.3
82.6	7.6	25.8	60.2	25.2	77.6	76.5	33.8	68.8	67.0	3.8	47.1	91.7	90.2	0.1	28.9	77.2	33.0	58.3	11.4
72.4	69.5	25.1	92.9	1.2	4.6	77.9	7.7	21.9	18.5	32.8	8.2	13.4	56.4	1.1	78.1	7.3	25.2	15.0	4.2
81.0	12.8	16.5	22.2	13.5	47.3	23.0	48.2	62.6	68.4	14.5	60.4	74.8	89.7	21.4	56.8	0.5	0.3	0.3	50.3
21.3	41.9	49.8	86.1	66.7	24.5	85.5	89.8	96.4	36.1	24.1	75.6	97.4	25.4	14.9	11.0	46.5	3.1	91.1	2.4
98.8	44.7	99.5	54.8	36.7	54.8	60.2	87.4	81.3	52.4	26.5	50.6	53.3	0.7	41.9	88.0	6.4	98.0	5.7	41.3
97.3	71.8	25.9	88.3	84.9	97.6	32.3	54.1	32.5	75.8	20.2	59.5	12.1	37.7	92.7	15.1	26.6	91.2	21.7	3.7
67.5	21.2	68.1	25.8	22.5	8.1	58.2	86.2	32.2	86.7	3.4	58.5	31.3	68.1	21.2	34.2	8.1	22.5	46.4	86.0
30.2	39.3	11.7	44.4	45.8	3.2	76.5	37.8	46.9	80.9	44.1	43.5	63.3	46.9	25.7	97.6	64.3	51.1	16.9	29.3
16.5	95.2	8.5	37.9	1.1	8.2	2.0	91.1	62.9	6.3	37.7	84.7	3.2	26.4	64.0	21.5	80.0	34.9	83.1	2.0
85.8	44.3	52.8	39.7	63.9	68.1	42.9	96.3	45.8	92.4	49.2	87.3	13.7	52.6	62.3	85.8	78.8	35.4	25.8	26.7
97.2	53.4	19.0	63.4	60.5	57.4	61.7	22.9	30.4	19.0	97.0	22.7	25.3	20.9	51.4	14.6	17.9	6.3	20.8	43.4
21.0	30.1	28.8	99.2	75.9	18.0	8.6	82.5	81.3	84.9	67.5	16.5	79.2	52.0	57.3	35.1	27.5	17.0	81.7	55.9
55.8	33.4	78.4	37.7	33.6	93.0	22.1	59.7	75.5	32.0	37.6	48.7	16.9	4.5	34.1	84.3	77.9	78.8	98.2	50.5
18.9	98.3	68.9	38.8	68.7	26.3	20.3	15.7	16.1	67.6	76.8	73.9	60.0	39.4	83.1	65.4	65.3	39.8	86.9	32.8
79.3	70.0	46.3	52.3	91.9	24.4	16.1	50.3	52.8	25.9	69.1	61.2	44.6	57.4	61.3	20.0	78.5	41.3	64.5	91.2
92.3	52.7	37.3	1.4	30.6	75.1	28.0	38.9	76.9	13.2	96.9	0.4	62.0	83.9	82.3	48.7	44.1	31.4	88.3	10.7
44.1	9.7	73.3	25.4	46.3	87.9	70.0	87.5	9.5	90.9	44.6	84.6	46.8	64.1	15.0	59.5	21.5	61.6	92.3	66.5
91.9	92.5	37.9	17.6	50.8	73.9	33.2	19.2	59.3	0.4	15.7	54.6	31.2	27.0	37.2	68.2	21.4	21.0	26.2	48.5
1.2	64.7	19.1	66.5	7.1	4.0	8.2	47.8	34.0	63.9	65.2	36.6	22.0	39.1	19.7	6.0	88.3	28.9	73.6	25.1
19.4	69.3	16.8	71.0	46.8	80.2	7.3	61.1	65.0	34.1	54.4	49.7	70.5	30.1	27.9	50.4	57.1	67.3	33.2	90.6
88.1	81.1	46.5	83.4	57.9	94.0	47.0	27.0	87.5	17.4	15.0	92.2	17.4	36.2	42.0	89.8	39.8	85.8	92.0	13.8
94.5	46.3	33.2	62.7	52.9	38.9	51.3	4.6	42.6	57.1	18.7	91.6	4.6	53.0	72.4	73.7	5.5	83.1	74.4	9.9
69.1	73.1	41.1	19.2	79.0	77.5	62.5	5.7	16.7	99.1	19.0	97.5	30.6	43.6	16.5	96.6	62.1	71.4	68.9	98.5
44.7	81.8	69.2	15.7	67.1	56.4	83.5	32.5	49.4	42.0	38.8	70.1	61.8	42.3	16.1	92.2	81.0	32.6	21.5	73.0
29.1	13.1	62.1	69.1	10.3	61.9	66.2	54.0	39.7	78.5	38.9	99.4	95.2	8.4	42.5	82.1	82.5	61.1	35.6	24.8
42.9	24.1	48.1	62.0	63.2	66.0	9.4	17.9	76.8	98.3	43.5	7.5	56.7	38.1	16.4	52.6	11.0	50.9	51.6	12.2
0.7	23.6	85.3	97.6	50.6	2.2	64.8	33.9	53.4	75.4	95.4	31.7	20.0	85.5	46.2	27.2	86.0	32.5	2.9	75.8
74.0	99.6	80.3	66.7	31.7	62.8	63.5	96.0	94.9	73.6	2.8	77.6	29.3	72.2	35.2	93.1	60.6	39.5	82.9	2.1
100.0	44.7	20.2	22.3	13.8	5.1	0.7	46.3	76.9	75.7	90.2	31.3	26.7	77.4	21.8	61.5	97.1	62.4	85.8	73.6
56.8	98.1	68.6	90.0	50.9	77.9	27.6	28.5	45.4	80.3	54.9	85.5	78.0	80.3	21.7	23.2	88.7	62.9	52.0	68.4
15.8	45.9	73.6	83.0	14.2	99.7	85.5	31.7	80.8	56.5	46.1	1.3	86.5	22.9	38.8	7.3	53.2	49.6	57.9	22.3
76.0	80.8	62.0	74.4	11.5	57.6	71.5	85.0	92.2	28.8	17.7	30.4	89.8	14.2	46.1	74.0	26.0	38.6	54.0	49.6
19.8	60.4	41.7	57.9	83.7	30.8	26.0	31.3	79.7	0.7	0.8	15.8	73.2	2.3	12.6	39.9	96.2	94.3	26.3	67.8
60.8	38.6	90.5	66.8	29.2	77.9	46.8	94.8	35.4	56.2	93.0	93.9	77.2	98.8	67.3	29.2	35.0	82.3	77.0	7.1
47.1	23.4	21.4	4.1	79.7	35.0	95.9	36.3	71.9	13.2	79.2	11.2	65.3	36.0	43.8	0.9	21.1	90.1	87.2	44.6
65.9	42.5	75.1	61.1	75.2	50.3	0.6	40.6	82.0	18.3	68.4	52.4	57.0	44.2	70.9	13.1	96.8	38.3	61.9	11.1
47.7	8.1	78.0	47.5	37.1	10.3	4.6	87.3	21.8	34.6	21.7	84.1	96.7	15.6	85.4	62.6	92.4	51.6	19.7	81.4
41.3	79.8	40.3	28.3	3.9	74.7	79.7	47.4	20.9	69.8	81.0	42.0	82.5	86.8	7.2	56.7	92.2	53.4	29.3	55.1
85.6	48.3	88.2	61.7	97.9	8.4	95.2	36.9	87.1	34.5	71.6	64.3	83.7	92.4	23.9	97.1	67.2	6.7	99.2	22.5
15.8	82.3	46.2	45.1	31.6	96.2	65.5	25.6	9.9	5.7	22.9	85.2	63.6	30.7	2.1	78.1	96.3	68.2	10.5	89.4
75.7	35.4	40.8	11.3	36.1	84.5	10.5	72.9	70.6	45.2	21.2	27.0	93.1	54.6	75.4	41.4	10.0	77.1	43.3	10.3
90.9	39.3	23.7	10.5	94.2	70.2	89.2	26.8	76.8	67.3	52.9	75.1	46.4	46.4	69.3	25.6	95.3	32.9	84.3	92.0
22.0	49.7	84.6	14.8	85.4	56.8	20.0	46.3	5.2	99.3	52.4	11.8	55.3	6.6	22.1	57.3	92.1	28.4	74.2	39.4
28.1	84.2	3.9	7.1	44.8	61.2	24.2	48.3	6.2	57.0	7.9	88.7	82.1	24.7	23.0	22.2	31.8	20.6	17.4	59.8
49.5	38.8	92.3	6.3	25.9	85.7	52.8	88.4	12.6	61.9	74.5	27.2	64.7	66.7	40.6	98.6	15.2	15.8	19.0	30.9
39.1	90.3	95.4	5.6	96.6	34.2	39.3	32.8	70.4	38.3	37.7	35.8	81.0	99.5	44.3	69.6	72.9	53.6	72.3	91.8
67.0	52.8	62.7	34.6	5.3	96.2	55.8	69.2	33.1	64.2	25.1	28.6	88.0	67.5	22.0	64.6	17.4	64.9	39.9	89.2
98.8	58.3	89.4	9.7	92.3	96.0	89.8	30.0	21.9	42.3	6.6	41.4	28.6	60.0	75.2	10.3	35.2	46.1	86.1	29.5
35.0	2.1	59.4	29.2	55.1	82.9	16.1	47.9	30.2	69.1	72.0	4.0	86.7	76.8	29.4	95.0	29.4	34.2	50.4	16.5
14.0	75.9	92.0	1.0	7.6	89.8	0.1	45.8	40.3	65.5	25.9	1.7	82.8	27.6	53.0	29.5	43.6	91.7	10.6	2.1
10.3	13.2	25.6	31.8	46.2	86.3	72.4	77.9	54.0	94.8	17.7	59.0	97.9	66.9	48.0	12.5	95.2	23.8	35.3	85.1
34.2	38.2	47.2	25.5	0.5	77.8	10.9	11.0	30.8	77.0	87.0	74.1	21.0	54.1	70.2	2.6	68.4	8.7	78.3	12.6
12.0	52.4	68.5	94.6	66.7	93.0	42.2	50.5	14.5	90.2	30.3	99.6	94.5	33.1	19.6	94.1	86.4	13.3	79.0	70.8
16.2	53.6	62.9	25.9	77.2	56.9	35.2	10.8	45.7	7.9	44.3	39.0	62.5	36.1	82.9	84.0	91.8	83.5	54.4	95.9
45.1	29.1	70.2	19.9	97.1	55.0	51.2	14.2	14.0	72.0	91.0	23.3	91.4	95.8	67.1	8.6	52.2	69.1	68.1	56.6
93.5	25.3	43.1	60.5	23.9	34.7	23.9	80.7	54.6	11.8	19.8	56.8	19.1	62.0	16.5	83.0	82.1	84.6	65.5	1.3
25.0	46.7	82.6	76.1	37.0	80.5	16.6	7.5	87.5	38.9	98.0	70.2	18.6	38.5	97.3	32.6	7.0	58.5	21.2	25.9
85.0	84.5	80.1	75.9	80.4	1.2	76.8	11.7	69.9	56.5	37.2	54.0	77.3	64.7	16.8	93.9	17.4	51.3	63.6	57.2
95.0	72.5	69.8	51.7	51.2	71.1	40.3	93.6	51.8	86.2	13.5	27.8	74.6	39.4	4.5	74.3	52.0	42.3	60.5	14.2
34.9	31.7	83.0	3.4	58.3	88.9	21.3	38.1	48.5	88.5	35.7	50.3	25.2	40.3	25.2	75.3	53.9	75.8	6.9	28.4
1.9	45.1	56.8	35.8	73.2	0.1	38.5	35.7	12.8	84.4	18.9	70.6	90.0	92.4	47.8	68.0	70.6	26.9	34.0	26.0
5.9	56.4	87.4	13.0	2.1	82.5	62.1	51.8	16.1	43.0	42.4	44.9	19.9	5.8	1.8	56.5	80.0	62.9	52.1	74.5
79.5	68.3	48.8	0.3	23.6	63.5	80.7	26.1	81.9	63.2	59.2	95.0	68.0	88.7	78.9	4.3	68.9	64.9	27.8	56.9
92.6	16.5	74.6	0.7	80.9	78.4	8.8	10.0	76.4	14.9	50.0	83.4	6.8	34.7	57.2	93.9	74.5	75.9	6.6	97.2
67.0	72.0	75.8	94.2	0.9	87.4	87.4	82.0	38.2	65.2	59.2	65.7	5.0	80.5	98.2	20.8	41.1	85.4	25.6	67.8
69.9	32.6	35.8	74.9	54.4	24.3	54.2	86.7	45.4	43.3	72.8	77.4	30.8	24.2	68.0	13.2	2.1	80.4	51.6	59.2
1	2	3	4	5	6	7	8	9	10	11	12	13	14	15	16	17	18	19	20
1	2	3	4	5	6	7	8	9	10	11	12	13	14	15	16	17	18	19	20
1	2	3	4	5	6	7	8	9	10	11	12	13	14	15	16	17	18	19	20
1	2	3	4	5	6	7	8	9	10	11	12	13	14	15	16	17	18	19	20
1	2	3	4	5	6	7	8	9	10	11	12	13	14	15	16	17	18	19	20
1	2	3	4	5	6	7	8	9	10	11	12	13	14	15	16	17	18	19	20
1	2	3	4	5	6	7	8	9	10	11	12	13	14	15	16	17	18	19	20
1	2	3	4	5	6	7	8	9	10	11	12	13	14	15	16	17	18	19	20
1	2	3	4	5	6	7	8	9	10	11	12	13	14	15	16	17	18	19	20
1	2	3	4	5	6	7	8	9	10	11	12	13	14	15	16	17	18	19	20
1	2	3	4	5	6	7	8	9	10	11	12	13	14	15	16	17	18	19	20
1	2	3	4	5	6	7	8	9	10	11	12	13	14	15	16	17	18	19	20
1	2	3	4	5	6	7	8	9	10	11	12	13	14	15	16	17	18	19	20
1	2	3	4	5	6	7	8	9	10	11	12	13	14	15	16	17	18	19	20
1	2	3	4	5	6	7	8	9	10	11	12	13	14	15	16	17	18	19	20
1	2	3	4	5	6	7	8	9	10	11	12	13	14	15	16	17	18	19	20
1	2	3	4	5	6	7	8	9	10	11	12	13	14	15	16	17	18	19	20
1	2	3	4	5	6	7	8	9	10	11	12	13	14	15	16	17	18	19	20
1	2	3	4	5	6	7	8	9	10	11	12	13	14	15	16	17	18	19	20
1	2	3	4	5	6	7	8	9	10	11	12	13	14	15	16	17	18	19	20
1	2	3	4	5	6	7	8	9	10	11	12	13	14	15	16	17	18	19	20
1	2	3	4	5	6	7	8	9	10	11	12	13	14	15	16	17	18	19	20
1	2	3	4	5	6	7	8	9	10	11	12	13	14	15	16	17	18	19	20
1	2	3	4	5	6	7	8	9	10	11	12	13	14	15	16	17	18	19	20
1	2	3	4	5	6	7	8	9	10	11	12	13	14	15	16	17	18	19	20
1	2	3	4	5	6	7	8	9	10	11	12	13	14	15	16	17	18	19	20
1	2	3	4	5	6	7	8	9	10	11	12	13	14	15	16	17	18	19	20
1	2	3	4	5	6	7	8	9	10	11	12	13	14	15	16	17	18	19	20
1	2	3	4	5	6	7	8	9	10	11	12	13	14	15	16	17	18	19	20
1	2	3	4	5	6	7	8	9	10	11	12	13	14	15	16	17	18	19	20
1	2	3	4	5	6	7	8	9	10	11	12	13	14	15	16	17	18	19	20
1	2	3	4	5	6	7	8	9	10	11	12	13	14	15	16	17	18	19	20
1	2	3	4	5	6	7	8	9	10	11	12	13	14	15	16	17	18	19	20
1	2	3	4	5	6	7	8	9	10	11	12	13	14	15	16	17	18	19	20
1	2	3	4	5	6	7	8	9	10	11	12	13	14	15	16	17	18	19	20
1	2	3	4	5	6	7	8	9	10	11	12	13	14	15	16	17	18	19	20
1	2	3	4	5	6	7	8	9	10	11	12	13	14	15	16	17	18	19	20
1	2	3	4	5	6	7	8	9	10	11	12	13	14	15	16	17	18	19	20
1	2	3	4	5	6	7	8	9	10	11	12	13	14	15	16	17	18	19	20
1	2	3	4	5	6	7	8	9	10	11	12	13	14	15	16	17	18	19	20
1	2	3	4	5	6	7	8	9	10	11	12	13	14	15	16	17	18	19	20
1	2	3	4	5	6	7	8	9	10	11	12	13	14	15	16	17	18	19	20
1	2	3	4	5	6	7	8	9	10	11	12	13	14	15	16	17	18	19	20
1	2	3	4	5	6	7	8	9	10	11	12	13	14	15	16	17	18	19	20
1	2	3	4	5	6	7	8	9	10	11	12	13	14	15	16	17	18	19	20
1	2	3	4	5	6	7	8	9	10	11	12	13	14	15	16	17	18	19	20
1	2	3	4	5	6	7	8	9	10	11	12	13	14	15	16	17	18	19	20
1	2	3	4	5	6	7	8	9	10	11	12	13	14	15	16	17	18	19	20
1	2	3	4	5	6	7	8	9	10	11	12	13	14	15	16	17	18	19	20
1	2	3	4	5	6	7	8	9	10	11	12	13	14	15	16	17	18	19	20
1	2	3	4	5	6	7	8	9	10	11	12	13	14	15	16	17	18	19	20
1	2	3	4	5	6	7	8	9	10	11	12	13	14	15	16	17	18	19	20
1	2	3	4	5	6	7	8	9	10	11	12	13	14	15	16	17	18	19	20
1	2	3	4	5	6	7	8	9	10	11	12	13	14	15	16	17	18	19	20
1	2	3	4	5	6	7	8	9	10	11	12	13	14	15	16	17	18	19	20
1	2	3	4	5	6	7	8	9	10	11	12	13	14	15	16	17	18	19	20
1	2	3	4	5	6	7	8	9	10	11	12	13	14	15	16	17	18	19	20
1	2	3	4	5	6	7	8	9	10	11	12	13	14	15	16	17	18	19	20
1	2	3	4	5	6	7	8	9	10	11	12	13	14	15	16	17	18	19	20
1	2	3	4	5	6	7	8	9	10	11	12	13	14	15	16	17	18	19	20
1	2	3	4	5	6	7	8	9	10	11	12	13	14	15	16	17	18	19	20
1	2	3	4	5	6	7	8	9	10	11	12	13	14	15	16	17	18	19	20
1	2	3	4	5	6	7	8	9	10	11	12	13	14	15	16	17	18	19	20
1	2	3	4	5	6	7	8	9	10	11	12	13	14	15	16	17	18	19	20
1	2	3	4	5	6	7	8	9	10	11	12	13	14	15	16	17	18	19	20
1	2	3	4	5	6	7	8	9	10	11	12	13	14	15	16	17	18	19	20
1	2	3	4	5	6	7	8	9	10	11	12	13	14	15	16	17	18	19	20
1	2	3	4	5	6	7	8	9	10	11	12	13	14	15	16	17	18	19	20
1	2	3	4	5	6	7	8	9	10	11	12	13	14	15	16	17	18	19	20
1	2	3	4	5	6	7	8	9	10	11	12	13	14	15	16	17	18	19	20
1	2	3	4	5	6	7	8	9	10	11	12	13	14	15	16	17	18	19	20
1	2	3	4	5	6	7	8	9	10	11	12	13	14	15	16	17	18	19	20
1	2	3	4	5	6	7	8	9	10	11	12	13	14	15	16	17	18	19	20
1	2	3	4	5	6	7	8	9	10	11	12	13	14	15	16	17	18	19	20
1	2	3	4	5	6	7	8	9	10	11	12	13	14	15	16	17	18	19	20
1	2	3	4	5	6	7	8	9	10	11	12	13	14	15	16	17	18	19	20
1	2	3	4	5	6	7	8	9	10	11	12	13	14	15	16	17	18	19	20
1	2	3	4	5	6	7	8	9	10	11	12	13	14	15	16	17	18	19	20
1	2	3	4	5	6	7	8	9	10	11	12	13	14	15	16	17	18	19	20
1	2	3	4	5	6	7	8	9	10	11	12	13	14	15	16	17	18	19	20
1	2	3	4	5	6	7	8	9	10	11	12	13	14	15	16	17	18	19	20
1	2	3	4	5	6	7	8	9	10	11	12	13	14	15	16	17	18	19	20
1	2	3	4	5	6	7	8	9	10	11	12	13	14	15	16	17	18	19	20
1	2	3	4	5	6	7	8	9	10	11	12	13	14	15	16	17	18	19	20
1	2	3	4	5	6	7	8	9	10	11	12	13	14	15	16	17	18	19	20
1	2	3	4	5	6	7	8	9	10	11	12	13	14	15	16	17	18	19	20
1	2	3	4	5	6	7	8	9	10	11	12	13	14	15	16	17	18	19	20
1	2	3	4	5	6	7	8	9	10	11	12	13	14	15	16	17	18	19	20
1	2	3	4	5	6	7	8	9	10	11	12	13	14	15	16	17	18	19	20
1	2	3	4	5	6	7	8	9	10	11	12	13	14	15	16	17	18	19	20
1	2	3	4	5	6	7	8	9	10	11	12	13	14	15	16	17	18	19	20
1	2	3	4	5	6	7	8	9	10	11	12	13	14	15	16	17	18	19	20
1	2	3	4	5	6	7	8	9	10	11	12	13	14	15	16	17	18	19	20
1	2	3	4	5	6	7	8	9	10	11	12	13	14	15	16	17	18	19	20
1	2	3	4	5	6	7	8	9	10	11	12	13	14	15	16	17	18	19	20
1	2	3	4	5	6	7	8	9	10	11	12	13	14	15	16	17	18	19	20
1	2	3	4	5	6	7	8	9	10	11	12	13	14	15	16	17	18	19	20
1	2	3	4	5	6	7	8	9	10	11	12	13	14	15	16	17	18	19	20
1	2	3	4	5	6	7	8	9	10	11	12	13	14	15	16	17	18	19	20
1	2	3	4	5	6	7	8	9	10	11	12	13	14	15	16	17	18	19	20
