100	20
21.0	40.7	20.9	78.0	36.9	60.9	92.6	93.3	37.8	55.9	23.8	41.8	39.9	68.1	41.5	27.3	54.2	14.8	83.5	2.4
94.3	9.4	86.3	5.8	32.6	37.3	13.4	61.6	95.3	32.4	34.9	93.9	46.9	1.0	53.2	23.9	4.0	56.1	13.8	31.8
94.8	79.0	79.5	51.8	11.0	96.8	19.6	25.0	34.6	31.4	28.4	91.1	35.0	83.2	38.8	44.2	3.5	64.2	90.9	17.7
81.2	25.5	54.5	40.0	72.8	99.9	78.7	61.0	57.9	76.4	77.8	58.5	18.3	40.8	0.8	84.2	95.7	5.9	2.6	34.4
28.0	16.2	1.8	4.4	54.3	49.7	64.3	71.0	55.7	23.7	76.9	34.7	49.9	67.2	25.8	53.6	68.2	14.8	23.8	85.4
11.6	40.8	46.3	85.3	94.7	82.6	85.7	18.4	46.2	80.1	96.3	43.0	45.3	41.2	53.7	67.9	12.1	62.6	29.6	22.1
73.4	18.2	37.3	55.6	27.9	21.6	67.2	93.6	4.2	14.4	23.0	19.8	64.1	10.6	65.3	53.3	91.0	15.2	70.1	88.2
88.3	61.3	54.6	80.8	46.5	81.8	69.6	74.7	97.6	60.1	54.9	86.5	60.5	37.0	94.9	30.3	37.8	92.4	42.9	10.4
69.1	2.4	98.7	18.8	18.9	77.2	54.2	94.4	40.9	100.0	61.2	16.9	68.0	59.6	27.3	56.0	22.4	65.6	56.3	26.0
20.5	52.2	89.7	86.4	72.2	39.7	2.9	73.4	31.6	94.8	9.9	41.8	73.2	15.4	50.1	85.2	50.9	38.5	82.1	92.0
69.3	82.1	24.0	65.2	6.9	32.5	47.7	10.5	12.7	24.8	17.8	37.2	69.6	70.8	7.8	97.9	10.8	72.7	31.4	8.2
55.7	16.4	39.7	56.8	39.3	22.2	54.8	16.1	93.0	85.3	18.2	55.7	81.3	47.5	21.3	13.1	3.6	19.9	36.1	85.1
83.7	53.2	96.4	42.2	32.1	82.9	74.8	87.7	41.4	55.8	71.4	81.4	16.0	21.1	95.7	72.9	2.8	10.3	90.7	84.5
14.4	29.6	78.8	46.8	5.3	21.8	85.0	58.7	93.0	62.2	9.3	80.7	5.2	38.9	13.2	10.8	50.4	2.8	96.9	53.9
34.3	33.7	96.6	96.2	12.0	50.1	8.1	68.1	79.9	20.9	71.1	35.7	61.7	24.3	49.4	25.0	11.1	24.5	62.0	40.5
91.3	53.9	33.5	91.5	48.6	51.6	66.2	81.4	89.9	96.5	37.7	8.2	33.3	60.0	4.7	20.9	69.0	95.2	63.5	40.7
15.0	19.2	24.7	20.5	0.5	87.2	13.6	78.2	54.5	40.1	36.3	96.5	29.1	10.4	66.2	9.4	97.3	86.1	52.9	77.4
94.6	91.1	92.1	88.9	62.0	6.9	72.4	61.9	12.3	54.2	75.6	2.4	52.4	7.1	21.4	95.7	51.2	18.6	5.2	22.5
93.9	5.3	42.6	87.5	91.6	88.1	74.3	49.9	45.7	21.7	64.9	57.6	64.6	82.7	83.6	81.5	64.2	49.1	9.7	20.6
73.6	57.2	75.4	21.7	50.8	6.3	44.3	98.5	45.9	86.0	78.3	49.8	77.3	25.0	68.9	14.5	61.3	6.4	50.2	29.0
19.2	79.1	72.3	88.8	11.8	41.8	14.2	31.2	14.9	89.4	83.0	64.1	77.1	65.1	87.9	41.2	75.8	94.5	80.7	85.3
20.7	39.4	37.1	50.3	37.4	57.7	49.9	7.7	66.7	62.0	15.9	74.3	75.4	53.6	52.4	10.2	96.8	11.2	46.0	85.0
73.4	81.3	59.0	52.3	32.3	31.1	56.2	82.6	4.4	23.1	98.6	9.7	60.2	44.4	66.3	8.8	20.9	75.0	24.6	58.4
24.5	3.1	5.0	11.2	31.1	49.4	7.6	7.4	49.7	17.8	54.2	52.7	32.7	66.6	36.7	83.6	23.5	19.3	74.8	65.7
27.1	16.8	61.1	55.8	0.5	50.9	71.4	29.9	42.7	88.9	10.0	94.3	91.4	40.4	25.9	64.6	42.3	64.2	29.0	3.9
36.7	97.2	96.7	74.7	57.7	36.5	2.7	24.2	52.8	91.4	59.7	67.6	82.2	25.0	94.7	61.0	18.6	54.3	83.9	87.0
74.8	88.7	68.1	50.0	7.4	53.5	24.8	96.5	3.3	53.0	49.4	29.0	28.1	13.8	86.2	83.0	29.1	85.6	40.8	5.7
8.6	94.0	64.9	82.7	29.5	53.9	46.6	34.7	48.0	42.7	52.8	17.4	2.0	11.4	1.6	91.1	72.4	23.1	3.6	78.0
17.3	39.4	21.8	51.0	8.3	87.4	33.0	22.9	91.1	68.6	75.0	53.8	35.7	87.7	24.9	17.9	44.1	0.9	16.4	5.9
15.5	41.7	71.8	65.1	16.6	30.1	56.8	25.2	31.8	16.2	74.3	0.8	73.3	79.6	31.7	16.2	4.5	93.4	39.8	80.9
90.0	89.3	29.0	13.9	59.3	88.1	36.1	20.6	78.1	58.0	52.1	21.5	21.5	63.1	94.2	1.5	0.8	47.9	50.9	25.0
95.0	70.7	60.7	94.7	99.9	94.1	93.7	24.7	82.8	50.3	39.8	18.2	98.4	32.7	27.0	25.9	23.7	58.3	65.5	45.1
15.7	61.2	5.2	15.3	30.9	68.5	82.2	58.4	77.9	51.4	86.9	5.5	26.1	23.0	38.2	71.8	98.3	23.6	86.6	32.0
56.1	79.8	54.9	80.7	18.4	83.7	48.6	38.4	7.5	39.2	69.1	57.9	66.2	63.7	39.4	72.4	11.7	1.7	37.7	93.8
99.3	12.6	61.1	50.9	7.8	86.8	97.8	58.3	7.5	47.7	14.9	8.5	49.9	38.0	3.3	70.3	64.2	42.7	71.9	88.4
81.2	63.0	64.5	7.0	6.9	91.9	9.5	30.3	17.1	12.9	98.0	65.8	80.3	94.7	78.4	7.6	61.9	36.6	7.8	83.8
47.0	46.0	9.8	85.0	60.8	79.0	13.5	93.3	9.9	89.5	95.3	22.9	48.4	41.8	70.9	11.2	48.5	37.6	36.8	78.0
48.6	49.5	85.8	3.8	74.0	69.6	8.8	95.2	42.6	30.0	99.6	42.5	99.9	0.3	31.5	39.1	77.8	8.3	13.0	61.1
8.9	64.4	61.9	47.0	99.5	42.5	13.0	34.9	45.4	20.6	56.3	87.1	76.1	44.9	79.2	53.4	85.5	69.7	15.3	51.8
18.7	30.7	87.7	43.4	79.3	85.3	28.6	97.2	65.2	3.5	35.1	82.9	15.0	19.8	72.6	83.7	61.1	51.6	33.9	98.2
29.4	2.9	6.2	33.2	57.6	35.3	25.1	79.2	31.1	85.4	99.8	48.4	29.6	43.1	96.8	92.6	32.4	7.8	1.1	14.3
44.3	52.7	59.8	89.8	71.7	89.0	31.3	45.2	47.5	78.7	61.6	38.3	17.3	85.2	93.4	6.1	3.3	2.7	13.6	55.9
69.0	53.2	96.0	37.9	27.9	72.3	37.9	91.2	91.6	97.4	68.0	75.7	50.6	66.4	26.1	71.5	76.8	29.0	0.1	71.2
5.0	43.9	2.4	98.7	74.6	56.2	77.7	73.4	90.5	10.0	48.1	20.7	62.4	59.4	6.3	70.5	1.3	40.0	71.3	4.1
22.8	47.7	55.3	84.8	64.6	98.5	9.5	40.6	66.1	47.6	60.4	30.5	65.4	43.7	38.5	6.0	23.0	99.3	72.5	3.4
19.7	35.8	63.6	49.4	83.8	61.6	67.9	5.7	78.5	52.1	83.4	63.1	29.9	59.9	70.9	93.4	1.6	12.9	75.7	76.7
18.0	42.8	81.5	30.2	74.9	25.1	19.4	89.1	85.5	14.9	34.8	22.1	35.9	20.9	14.0	12.1	29.2	91.9	45.3	70.8
45.9	22.4	91.9	13.9	73.0	25.3	79.2	74.6	73.6	1.2	48.3	9.2	54.7	38.1	35.3	74.4	87.4	32.9	24.7	95.2
85.2	86.7	84.2	61.4	47.9	21.4	68.0	74.9	60.9	63.5	95.3	88.5	44.6	53.4	30.5	81.9	46.7	44.9	90.3	3.2
42.7	69.1	44.0	83.8	51.8	81.5	91.5	8.0	73.1	84.7	70.1	96.1	50.4	39.8	56.3	66.0	89.8	94.7	56.0	17.7
88.2	98.2	52.1	94.1	11.3	52.7	78.3	87.1	38.4	47.4	17.3	27.8	55.6	50.6	29.5	49.0	82.1	26.3	50.4	12.4
76.4	11.4	79.8	98.4	17.9	17.0	9.2	92.7	83.9	26.1	87.8	89.5	86.4	99.2	95.4	73.2	60.9	86.9	54.4	21.8
8.9	21.9	24.2	95.4	97.4	93.6	11.7	70.6	69.8	33.0	90.7	35.9	53.8	39.7	61.7	47.6	84.1	20.8	36.0	64.2
68.2	2.7	54.3	96.3	66.6	72.7	89.9	17.4	42.5	93.0	15.8	50.8	93.0	59.7	26.3	77.0	26.2	74.1	40.2	26.5
88.3	87.2	52.9	38.1	62.6	7.9	82.5	77.6	44.4	69.0	54.7	59.1	20.7	74.0	83.4	8.6	89.2	82.7	0.7	26.3
71.4	72.9	54.9	40.7	22.3	19.3	75.2	68.7	8.2	99.7	57.1	61.1	55.3	4.6	93.9	16.9	28.3	50.9	48.7	60.7
71.6	36.3	30.8	55.9	19.7	89.5	14.3	61.0	52.8	73.8	90.4	13.9	51.0	8.5	47.6	18.8	25.5	78.2	60.2	55.9
56.8	82.7	96.4	29.7	6.0	70.7	55.1	16.4	24.4	50.3	3.0	78.6	41.8	14.5	73.9	61.3	73.1	53.9	96.3	51.9
76.0	60.7	19.0	41.4	63.3	3.7	53.5	6.3	66.4	58.8	69.1	42.9	84.9	71.4	20.9	59.8	40.1	99.0	23.0	88.5
12.7	99.9	16.3	32.8	45.0	74.3	18.9	41.4	94.2	18.0	1.5	0.4	91.7	41.6	69.5	19.8	40.0	29.0	48.3	25.1
69.3	39.8	73.1	22.0	71.4	32.7	56.5	0.7	61.5	12.0	99.9	88.6	80.4	8.0	83.7	57.4	22.1	61.2	91.4	38.2
31.3	61.1	99.6	15.3	91.5	48.7	3.4	30.4	39.1	40.4	87.8	55.1	21.4	58.0	66.7	59.6	85.0	40.5	18.5	37.2
70.7	84.1	70.4	49.8	8.1	69.8	55.5	49.3	9.7	75.6	90.2	43.6	44.9	64.0	63.2	81.9	50.0	38.4	20.8	33.8
50.0	3.9	28.5	17.3	50.3	9.3	72.6	62.6	25.9	55.8	69.4	32.4	66.9	28.6	1.5	82.7	2.6	32.6	18.4	58.9
54.3	45.6	64.4	6.3	4.2	85.0	95.4	29.5	62.5	5.9	21.1	58.5	48.0	41.1	99.9	61.1	72.3	97.4	66.5	65.0
65.4	48.0	67.3	76.7	52.2	87.9	51.9	76.8	23.5	7.8	93.3	34.6	47.8	31.4	5.5	78.4	75.6	80.0	55.6	30.7
46.5	1.2	62.0	27.5	56.5	7.6	37.1	85.2	75.0	52.7	98.5	92.0	36.5	68.2	21.3	82.6	18.2	77.4	63.8	41.1
98.7	67.8	42.8	9.7	25.4	74.8	82.1	74.0	74.5	9.5	79.2	53.0	89.5	22.9	88.7	73.6	67.2	82.1	81.4	27.1
98.9	45.2	57.1	2.4	58.2	21.0	27.2	72.9	29.0	99.1	23.6	54.3	90.3	29.7	88.7	31.6	40.7	41.2	17.0	52.9
40.8	70.4	14.6	38.9	80.7	93.1	55.9	94.4	25.4	50.1	58.1	66.6	22.0	31.8	59.7	43.0	49.3	26.0	55.5	22.3
67.0	59.3	23.0	24.9	70.7	12.6	42.1	44.1	44.4	63.6	1.3	90.4	50.4	45.6	69.2	18.2	15.0	9.8	56.1	83.8
2.0	51.9	87.5	63.9	67.8	47.4	95.0	6.5	15.8	9.7	46.3	89.3	50.7	9.7	68.4	80.9	10.0	51.9	11.7	77.9
47.4	9.8	9.6	73.0	86.3	13.3	54.9	95.7	94.9	23.8	19.5	87.8	72.2	87.5	18.8	30.1	36.9	63.3	77.4	67.4
9.0	26.3	69.6	80.6	47.2	85.9	37.3	9.7	57.3	89.5	91.3	42.0	67.0	8.5	28.2	72.3	35.7	54.3	57.9	31.5
17.9	49.5	85.0	2.3	52.4	79.4	26.8	69.5	31.3	45.1	9.3	52.4	6.4	21.0	11.5	82.4	17.2	99.9	57.9	83.7
84.3	39.3	41.0	21.8	77.9	15.7	76.6	16.5	87.0	29.3	25.2	57.6	4.2	72.2	73.6	66.4	91.3	55.3	83.0	32.5
97.4	8.4	86.9	95.4	90.0	14.0	19.1	79.7	66.8	88.5	19.7	19.6	81.4	29.4	36.9	35.2	44.5	68.8	50.8	43.6
82.9	55.6	6.6	71.4	37.3	29.0	76.5	80.3	63.9	58.8	89.6	92.1	43.0	94.4	66.5	1.5	98.9	34.8	36.7	6.8
70.0	16.6	68.6	54.6	43.2	48.0	15.4	17.6	24.5	77.1	34.1	55.2	97.5	60.0	0.2	54.3	25.0	65.9	20.2	87.3
85.9	59.7	25.9	28.7	77.4	3.8	61.8	34.6	7.6	50.1	87.4	43.2	6.9	71.1	58.1	46.9	56.4	34.5	84.9	89.7
35.9	23.0	14.7	98.0	29.7	98.4	3.5	61.6	74.6	69.1	22.3	26.7	68.8	64.9	13.6	81.0	59.9	24.9	4.5	84.0
84.6	28.8	13.4	18.4	29.0	22.2	96.0	8.9	55.6	21.0	24.9	20.6	76.0	67.6	66.8	83.5	45.6	11.9	67.1	81.3
77.6	53.1	65.6	39.9	46.7	26.3	79.9	7.1	50.8	5.8	97.0	99.5	64.0	49.2	68.6	77.7	11.8	86.0	93.0	20.7
16.1	31.7	24.7	30.4	63.5	60.9	69.4	64.7	84.0	99.4	57.2	50.1	81.7	72.5	35.8	6.8	63.5	48.0	96.8	33.2
87.0	8.4	14.8	49.8	11.2	70.5	11.3	42.3	71.6	30.6	87.5	47.9	41.2	52.2	80.9	10.2	63.4	98.5	30.4	13.5
89.1	90.3	64.7	88.4	45.5	11.5	17.5	51.2	16.9	0.4	85.5	22.6	13.7	89.2	27.3	83.9	54.4	37.3	65.5	71.9
89.4	78.1	22.4	56.5	59.7	59.8	20.4	57.2	7.8	84.6	71.3	37.9	63.4	58.6	34.5	17.3	78.0	67.4	89.9	90.3
1.1	22.0	10.6	41.6	68.9	52.1	33.4	5.0	25.6	72.4	34.4	43.0	43.1	53.2	97.5	30.4	13.4	23.4	22.5	58.2
5.5	1.9	18.4	93.5	28.3	45.5	28.7	71.1	52.8	97.0	84.6	48.8	89.4	66.3	95.8	93.8	52.1	58.8	86.9	59.3
70.4	56.4	54.8	72.6	6.7	86.4	40.3	77.9	24.3	13.5	74.5	48.5	5.8	47.7	93.8	30.5	81.8	78.2	27.5	36.5
13.6	2.2	62.5	97.7	95.7	46.4	23.8	47.6	44.0	59.0	42.8	4.3	29.4	97.4	84.9	78.4	98.0	63.4	69.1	68.5
98.8	46.5	27.6	56.6	95.6	35.8	34.1	84.4	82.5	42.2	14.8	25.2	0.0	76.8	64.3	17.6	17.0	82.7	1.7	80.4
94.9	90.6	83.6	72.1	68.4	29.4	31.4	69.8	96.5	67.0	2.9	63.9	25.1	77.0	46.1	78.2	5.5	81.9	56.9	94.3
43.0	88.6	3.5	91.5	88.2	38.5	54.7	21.8	42.9	2.8	53.5	56.7	90.8	62.1	15.8	99.3	92.2	99.8	12.8	78.4
59.6	80.8	69.0	11.0	3.0	53.9	16.9	26.3	4.2	29.4	56.2	41.1	4.5	62.6	63.0	96.3	3.7	10.7	1.1	90.4
72.3	75.6	42.6	85.9	4.2	55.6	69.9	24.8	34.2	48.2	13.7	44.7	1.0	83.0	78.4	19.2	35.0	52.4	69.5	38.2
33.9	5.1	7.3	79.3	53.5	3.7	50.0	25.6	15.9	70.7	27.4	49.0	78.3	9.6	63.8	47.5	50.1	17.5	73.5	39.5
97.9	88.6	1.7	81.8	24.6	43.3	97.1	37.4	17.0	0.3	56.0	73.6	56.6	99.6	65.9	36.1	80.5	11.5	30.8	100.0
94.8	88.5	12.6	19.2	1.2	12.6	25.5	84.2	87.1	62.5	21.7	25.4	9.7	91.1	15.7	71.9	2.7	47.8	14.9	53.6
14.9	21.3	95.4	0.4	77.2	45.0	21.6	22.4	31.9	24.5	94.7	62.4	81.7	98.2	24.4	78.2	46.7	99.3	28.4	30.9
1	2	3	4	5	6	7	8	9	10	11	12	13	14	15	16	17	18	19	20
1	2	3	4	5	6	7	8	9	10	11	12	13	14	15	16	17	18	19	20
1	2	3	4	5	6	7	8	9	10	11	12	13	14	15	16	17	18	19	20
1	2	3	4	5	6	7	8	9	10	11	12	13	14	15	16	17	18	19	20
1	2	3	4	5	6	7	8	9	10	11	12	13	14	15	16	17	18	19	20
1	2	3	4	5	6	7	8	9	10	11	12	13	14	15	16	17	18	19	20
1	2	3	4	5	6	7	8	9	10	11	12	13	14	15	16	17	18	19	20
1	2	3	4	5	6	7	8	9	10	11	12	13	14	15	16	17	18	19	20
1	2	3	4	5	6	7	8	9	10	11	12	13	14	15	16	17	18	19	20
1	2	3	4	5	6	7	8	9	10	11	12	13	14	15	16	17	18	19	20
1	2	3	4	5	6	7	8	9	10	11	12	13	14	15	16	17	18	19	20
1	2	3	4	5	6	7	8	9	10	11	12	13	14	15	16	17	18	19	20
1	2	3	4	5	6	7	8	9	10	11	12	13	14	15	16	17	18	19	20
1	2	3	4	5	6	7	8	9	10	11	12	13	14	15	16	17	18	19	20
1	2	3	4	5	6	7	8	9	10	11	12	13	14	15	16	17	18	19	20
1	2	3	4	5	6	7	8	9	10	11	12	13	14	15	16	17	18	19	20
1	2	3	4	5	6	7	8	9	10	11	12	13	14	15	16	17	18	19	20
1	2	3	4	5	6	7	8	9	10	11	12	13	14	15	16	17	18	19	20
1	2	3	4	5	6	7	8	9	10	11	12	13	14	15	16	17	18	19	20
1	2	3	4	5	6	7	8	9	10	11	12	13	14	15	16	17	18	19	20
1	2	3	4	5	6	7	8	9	10	11	12	13	14	15	16	17	18	19	20
1	2	3	4	5	6	7	8	9	10	11	12	13	14	15	16	17	18	19	20
1	2	3	4	5	6	7	8	9	10	11	12	13	14	15	16	17	18	19	20
1	2	3	4	5	6	7	8	9	10	11	12	13	14	15	16	17	18	19	20
1	2	3	4	5	6	7	8	9	10	11	12	13	14	15	16	17	18	19	20
1	2	3	4	5	6	7	8	9	10	11	12	13	14	15	16	17	18	19	20
1	2	3	4	5	6	7	8	9	10	11	12	13	14	15	16	17	18	19	20
1	2	3	4	5	6	7	8	9	10	11	12	13	14	15	16	17	18	19	20
1	2	3	4	5	6	7	8	9	10	11	12	13	14	15	16	17	18	19	20
1	2	3	4	5	6	7	8	9	10	11	12	13	14	15	16	17	18	19	20
1	2	3	4	5	6	7	8	9	10	11	12	13	14	15	16	17	18	19	20
1	2	3	4	5	6	7	8	9	10	11	12	13	14	15	16	17	18	19	20
1	2	3	4	5	6	7	8	9	10	11	12	13	14	15	16	17	18	19	20
1	2	3	4	5	6	7	8	9	10	11	12	13	14	15	16	17	18	19	20
1	2	3	4	5	6	7	8	9	10	11	12	13	14	15	16	17	18	19	20
1	2	3	4	5	6	7	8	9	10	11	12	13	14	15	16	17	18	19	20
1	2	3	4	5	6	7	8	9	10	11	12	13	14	15	16	17	18	19	20
1	2	3	4	5	6	7	8	9	10	11	12	13	14	15	16	17	18	19	20
1	2	3	4	5	6	7	8	9	10	11	12	13	14	15	16	17	18	19	20
1	2	3	4	5	6	7	8	9	10	11	12	13	14	15	16	17	18	19	20
1	2	3	4	5	6	7	8	9	10	11	12	13	14	15	16	17	18	19	20
1	2	3	4	5	6	7	8	9	10	11	12	13	14	15	16	17	18	19	20
1	2	3	4	5	6	7	8	9	10	11	12	13	14	15	16	17	18	19	20
1	2	3	4	5	6	7	8	9	10	11	12	13	14	15	16	17	18	19	20
1	2	3	4	5	6	7	8	9	10	11	12	13	14	15	16	17	18	19	20
1	2	3	4	5	6	7	8	9	10	11	12	13	14	15	16	17	18	19	20
1	2	3	4	5	6	7	8	9	10	11	12	13	14	15	16	17	18	19	20
1	2	3	4	5	6	7	8	9	10	11	12	13	14	15	16	17	18	19	20
1	2	3	4	5	6	7	8	9	10	11	12	13	14	15	16	17	18	19	20
1	2	3	4	5	6	7	8	9	10	11	12	13	14	15	16	17	18	19	20
1	2	3	4	5	6	7	8	9	10	11	12	13	14	15	16	17	18	19	20
1	2	3	4	5	6	7	8	9	10	11	12	13	14	15	16	17	18	19	20
1	2	3	4	5	6	7	8	9	10	11	12	13	14	15	16	17	18	19	20
1	2	3	4	5	6	7	8	9	10	11	12	13	14	15	16	17	18	19	20
1	2	3	4	5	6	7	8	9	10	11	12	13	14	15	16	17	18	19	20
1	2	3	4	5	6	7	8	9	10	11	12	13	14	15	16	17	18	19	20
1	2	3	4	5	6	7	8	9	10	11	12	13	14	15	16	17	18	19	20
1	2	3	4	5	6	7	8	9	10	11	12	13	14	15	16	17	18	19	20
1	2	3	4	5	6	7	8	9	10	11	12	13	14	15	16	17	18	19	20
1	2	3	4	5	6	7	8	9	10	11	12	13	14	15	16	17	18	19	20
1	2	3	4	5	6	7	8	9	10	11	12	13	14	15	16	17	18	19	20
1	2	3	4	5	6	7	8	9	10	11	12	13	14	15	16	17	18	19	20
1	2	3	4	5	6	7	8	9	10	11	12	13	14	15	16	17	18	19	20
1	2	3	4	5	6	7	8	9	10	11	12	13	14	15	16	17	18	19	20
1	2	3	4	5	6	7	8	9	10	11	12	13	14	15	16	17	18	19	20
1	2	3	4	5	6	7	8	9	10	11	12	13	14	15	16	17	18	19	20
1	2	3	4	5	6	7	8	9	10	11	12	13	14	15	16	17	18	19	20
1	2	3	4	5	6	7	8	9	10	11	12	13	14	15	16	17	18	19	20
1	2	3	4	5	6	7	8	9	10	11	12	13	14	15	16	17	18	19	20
1	2	3	4	5	6	7	8	9	10	11	12	13	14	15	16	17	18	19	20
1	2	3	4	5	6	7	8	9	10	11	12	13	14	15	16	17	18	19	20
1	2	3	4	5	6	7	8	9	10	11	12	13	14	15	16	17	18	19	20
1	2	3	4	5	6	7	8	9	10	11	12	13	14	15	16	17	18	19	20
1	2	3	4	5	6	7	8	9	10	11	12	13	14	15	16	17	18	19	20
1	2	3	4	5	6	7	8	9	10	11	12	13	14	15	16	17	18	19	20
1	2	3	4	5	6	7	8	9	10	11	12	13	14	15	16	17	18	19	20
1	2	3	4	5	6	7	8	9	10	11	12	13	14	15	16	17	18	19	20
1	2	3	4	5	6	7	8	9	10	11	12	13	14	15	16	17	18	19	20
1	2	3	4	5	6	7	8	9	10	11	12	13	14	15	16	17	18	19	20
1	2	3	4	5	6	7	8	9	10	11	12	13	14	15	16	17	18	19	20
1	2	3	4	5	6	7	8	9	10	11	12	13	14	15	16	17	18	19	20
1	2	3	4	5	6	7	8	9	10	11	12	13	14	15	16	17	18	19	20
1	2	3	4	5	6	7	8	9	10	11	12	13	14	15	16	17	18	19	20
1	2	3	4	5	6	7	8	9	10	11	12	13	14	15	16	17	18	19	20
1	2	3	4	5	6	7	8	9	10	11	12	13	14	15	16	17	18	19	20
1	2	3	4	5	6	7	8	9	10	11	12	13	14	15	16	17	18	19	20
1	2	3	4	5	6	7	8	9	10	11	12	13	14	15	16	17	18	19	20
1	2	3	4	5	6	7	8	9	10	11	12	13	14	15	16	17	18	19	20
1	2	3	4	5	6	7	8	9	10	11	12	13	14	15	16	17	18	19	20
1	2	3	4	5	6	7	8	9	10	11	12	13	14	15	16	17	18	19	20
1	2	3	4	5	6	7	8	9	10	11	12	13	14	15	16	17	18	19	20
1	2	3	4	5	6	7	8	9	10	11	12	13	14	15	16	17	18	19	20
1	2	3	4	5	6	7	8	9	10	11	12	13	14	15	16	17	18	19	20
1	2	3	4	5	6	7	8	9	10	11	12	13	14	15	16	17	18	19	20
1	2	3	4	5	6	7	8	9	10	11	12	13	14	15	16	17	18	19	20
1	2	3	4	5	6	7	8	9	10	11	12	13	14	15	16	17	18	19	20
1	2	3	4	5	6	7	8	9	10	11	12	13	14	15	16	17	18	19	20
1	2	3	4	5	6	7	8	9	10	11	12	13	14	15	16	17	18	19	20
1	2	3	4	5	6	7	8	9	10	11	12	13	14	15	16	17	18	19	20
1	2	3	4	5	6	7	8	9	10	11	12	13	14	15	16	17	18	19	20
