100	20
11.3	22.3	60.3	22.7	97.5	0.2	59.0	81.8	28.0	29.5	58.7	77.7	99.9	64.9	23.9	26.5	52.8	20.4	83.3	42.9
21.7	47.4	59.1	87.2	36.3	29.8	20.9	31.1	29.0	68.2	97.0	78.5	85.3	89.3	94.3	5.2	24.4	3.9	17.7	39.3
14.9	59.1	23.5	64.6	57.3	74.8	21.5	45.4	82.5	58.7	56.1	82.4	23.0	33.8	98.6	88.4	72.6	21.7	74.7	52.4
81.0	9.2	29.2	78.7	7.9	99.9	50.7	1.5	21.1	21.0	16.0	56.6	66.6	49.0	98.2	90.7	1.2	53.8	12.1	61.4
13.6	28.6	51.4	79.6	53.7	89.8	46.8	58.3	77.7	28.5	50.3	88.7	34.5	57.7	6.6	47.8	67.3	23.1	32.5	49.3
46.6	63.0	53.1	21.7	45.4	8.5	94.7	65.0	45.1	16.2	36.7	58.3	29.9	5.3	37.4	67.4	5.7	42.6	95.0	90.0
34.9	28.9	71.9	69.0	69.0	32.8	64.4	20.5	39.0	59.6	29.0	36.2	13.0	90.8	67.6	78.2	88.4	49.7	83.0	84.2
13.2	55.8	33.5	19.5	55.1	10.9	89.5	53.6	28.2	64.7	65.5	59.0	18.7	66.7	29.0	92.0	35.6	48.0	41.1	67.8
2.4	72.6	77.4	42.7	37.4	52.0	99.8	91.2	63.2	15.7	62.9	9.5	84.1	36.2	51.9	46.7	19.4	58.2	96.5	91.6
49.2	34.7	11.7	3.5	37.3	28.5	55.1	32.6	97.9	78.7	26.5	77.3	71.3	13.5	33.0	65.1	56.3	30.6	26.9	57.6
73.7	55.9	67.8	23.5	6.4	22.8	93.3	70.2	6.4	89.8	60.7	70.9	18.1	8.9	5.3	96.8	34.7	84.3	47.9	75.2
78.0	27.4	18.4	47.2	60.6	72.5	90.4	77.2	36.4	62.7	36.6	99.7	28.7	79.1	64.9	7.5	86.5	70.4	21.8	59.6
3.3	52.8	59.6	30.3	86.0	97.5	73.9	83.8	68.3	12.5	21.9	4.8	56.7	48.9	4.5	14.4	41.6	18.0	59.8	67.0
18.4	9.4	49.2	80.8	32.1	62.7	16.4	47.1	99.1	14.2	81.8	63.3	73.4	31.6	56.9	90.9	97.6	6.8	31.2	53.4
15.5	3.0	17.9	86.6	33.2	63.4	55.2	87.4	91.5	70.0	84.6	37.1	44.4	29.3	49.2	28.0	6.2	92.5	2.4	80.3
61.4	79.9	21.4	29.6	78.2	17.9	45.6	11.3	8.8	37.9	57.0	22.9	23.0	46.6	24.7	12.4	4.6	1.1	6.6	38.3
31.9	45.2	26.3	63.6	88.1	22.1	50.3	12.8	1.8	81.4	25.0	40.5	60.0	0.4	38.8	86.9	76.6	95.2	39.2	31.0
43.2	4.8	90.5	65.2	71.9	2.9	20.4	72.5	83.1	25.0	22.2	74.2	65.4	35.8	33.5	64.5	27.8	25.7	95.8	49.2
66.3	68.5	42.3	87.5	17.1	37.0	75.6	27.3	99.0	36.1	18.4	2.7	21.4	65.1	7.2	8.4	20.8	18.1	67.1	43.0
19.8	14.2	68.9	99.3	92.5	20.8	74.1	52.6	45.3	70.0	1.5	90.1	88.2	65.0	46.7	56.5	17.6	10.7	29.2	32.2
29.3	48.3	3.7	6.3	95.1	90.2	51.3	60.0	38.5	56.4	87.9	94.0	76.8	45.1	35.7	71.8	57.5	13.1	28.7	76.1
13.7	89.8	20.6	22.9	78.1	78.8	76.4	56.7	96.3	89.3	65.4	53.9	68.4	32.4	33.8	55.6	4.5	28.5	65.1	48.8
22.8	31.0	79.2	83.1	26.8	20.7	59.0	67.1	13.4	92.3	40.5	96.9	1.2	21.2	64.0	76.7	93.9	83.2	46.6	62.8
73.8	64.7	50.2	58.1	61.0	83.1	85.3	85.1	8.6	77.1	70.0	36.8	96.3	36.7	71.0	55.8	97.8	52.3	43.9	76.8
16.7	1.2	56.5	50.0	64.5	83.5	60.4	89.3	37.3	32.6	10.8	74.3	73.5	21.4	82.1	86.9	29.3	91.9	36.8	68.0
48.7	16.1	9.3	23.6	38.0	62.9	59.9	61.1	47.9	60.5	74.5	99.2	73.2	93.0	49.6	36.3	95.7	8.1	50.8	58.4
39.9	26.4	36.6	2.1	63.1	51.0	11.3	22.5	48.2	53.0	57.8	29.4	82.3	9.7	45.6	70.2	27.9	65.5	35.1	51.6
0.6	55.2	66.7	94.9	64.6	14.0	76.7	75.9	13.4	85.4	6.9	14.8	81.1	84.1	30.1	24.0	77.1	20.4	22.8	23.9
89.7	32.4	47.3	9.5	4.1	88.7	84.2	72.6	9.4	58.4	64.6	47.8	91.9	50.4	37.0	67.5	91.4	65.4	53.7	39.6
3.3	66.8	20.4	6.9	7.8	42.7	18.9	80.2	82.6	43.6	37.7	16.2	26.0	62.4	64.0	44.3	1.0	42.0	92.4	52.9
14.4	63.9	0.2	56.3	41.2	30.1	43.3	31.3	60.1	46.3	88.7	86.2	70.5	38.0	7.4	76.8	47.7	43.6	43.2	11.1
94.1	26.2	95.1	45.7	88.6	2.9	33.4	34.7	59.8	28.4	72.9	51.4	70.6	91.1	80.8	73.5	29.4	35.3	70.4	61.5
96.5	2.7	30.3	42.9	41.0	14.7	52.0	13.5	18.6	2.7	21.0	30.3	23.7	17.7	13.0	28.3	94.7	71.1	6.6	1.1
64.6	70.6	46.5	18.5	14.5	87.3	96.0	93.2	12.7	65.5	45.5	92.0	86.1	8.6	57.4	63.2	31.5	15.0	48.5	99.1
0.6	88.4	24.4	41.4	27.4	3.9	67.4	42.6	6.4	14.3	29.2	64.9	30.0	46.2	18.4	48.3	47.5	48.6	57.9	68.9
84.3	66.3	58.6	68.0	81.5	25.7	41.9	65.0	4.0	43.4	48.8	17.5	37.0	85.1	63.4	14.1	97.7	49.6	34.0	82.6
91.2	26.9	44.8	27.6	57.8	24.6	96.1	72.1	43.9	75.2	64.6	27.8	72.7	32.0	25.4	15.6	60.0	43.0	45.0	27.8
55.4	65.2	58.0	55.8	87.8	72.7	88.4	85.7	8.6	8.3	29.7	6.9	32.3	61.3	65.2	86.8	43.9	53.4	69.5	20.3
89.8	9.4	85.0	89.1	95.8	76.7	34.0	9.9	12.4	73.9	76.8	11.3	19.4	44.1	67.1	89.4	45.1	85.1	81.9	55.2
76.0	37.2	73.1	42.4	82.0	58.5	20.4	99.3	26.8	28.0	55.6	82.4	98.9	77.5	77.7	27.9	49.4	48.8	30.9	57.3
69.9	38.4	34.0	88.8	3.2	30.0	57.2	86.5	71.0	82.3	20.4	73.0	93.1	97.2	76.7	50.2	47.8	98.3	83.7	54.8
23.8	6.1	39.2	31.2	81.9	19.5	93.0	10.8	81.6	94.5	37.9	13.0	49.7	47.8	10.1	57.7	2.1	80.6	90.3	39.1
39.6	31.5	72.2	95.9	41.0	36.7	93.5	58.3	78.8	68.0	31.2	52.6	67.3	92.1	65.2	7.5	9.5	3.2	22.9	62.5
35.6	63.4	47.9	34.8	93.4	0.3	19.6	6.1	44.7	50.7	91.1	65.2	73.4	26.7	11.3	78.2	84.9	4.0	94.7	50.0
60.2	32.4	30.3	63.7	16.7	13.8	33.1	46.1	89.6	10.9	1.4	98.7	27.9	48.9	74.1	72.2	43.3	54.9	35.1	17.5
91.6	33.3	38.9	3.7	96.4	54.6	53.4	50.4	90.1	74.7	37.4	45.7	92.5	85.4	8.9	70.6	35.0	53.6	37.7	95.0
74.7	3.3	95.7	50.3	55.1	68.1	26.7	27.0	43.1	25.1	67.7	95.7	60.1	16.1	88.4	52.3	85.5	51.0	48.9	7.6
78.5	14.5	87.5	35.1	17.1	81.5	32.5	39.1	98.0	68.3	70.9	45.1	60.4	9.8	37.1	26.5	65.0	8.7	29.9	22.1
33.3	52.4	95.5	59.6	92.7	19.9	20.4	39.7	92.9	43.4	67.3	79.1	85.4	2.4	76.4	86.1	25.3	19.6	57.2	1.3
9.7	13.5	77.6	62.6	64.3	29.2	90.2	29.7	95.9	26.1	87.0	4.6	40.0	96.9	64.9	81.1	41.3	57.2	47.5	66.3
9.3	89.9	58.8	40.6	67.5	65.3	28.0	75.2	74.2	99.8	18.4	42.7	44.5	83.7	10.0	7.9	11.0	44.2	76.6	79.3
48.8	26.4	46.7	61.8	76.6	52.1	24.4	77.2	4.2	59.7	28.9	94.8	79.6	56.9	99.1	83.9	68.5	56.1	71.2	15.9
6.4	65.2	64.6	77.8	48.2	3.3	1.2	19.8	1.0	27.4	15.7	41.7	71.7	17.4	94.1	43.9	26.4	69.4	12.8	62.9
11.2	77.9	4.2	22.6	96.2	70.3	73.4	86.1	50.1	68.5	30.3	68.6	68.4	94.7	43.7	88.2	35.8	84.2	9.4	8.4
96.7	86.7	55.8	22.9	97.0	34.0	95.9	23.1	69.1	96.7	65.0	16.1	49.2	90.4	6.7	12.7	53.9	65.2	46.2	61.6
32.4	63.2	24.6	66.2	88.2	29.0	60.0	94.6	87.2	90.5	34.0	40.7	7.0	22.2	44.6	13.8	76.8	48.4	47.3	74.3
11.9	93.4	23.3	55.6	73.8	39.4	48.5	71.8	60.5	53.1	76.9	68.2	70.3	94.5	0.8	55.2	61.3	57.6	98.0	50.3
14.2	54.9	29.0	22.3	10.5	59.2	98.9	65.9	64.9	78.3	69.5	8.0	35.7	2.5	10.8	94.9	51.3	33.8	97.4	17.7
99.3	84.8	50.0	79.4	45.7	5.3	44.2	41.8	59.2	81.1	50.7	79.0	1.8	17.7	7.6	69.7	35.1	65.2	68.4	18.7
91.0	16.3	18.4	41.1	35.0	74.5	58.5	85.0	69.5	18.8	85.9	94.1	82.0	7.6	77.9	50.9	27.9	9.6	6.9	29.1
98.8	64.0	39.1	62.8	18.0	32.2	87.8	86.4	70.0	14.9	48.6	70.5	4.2	36.7	21.7	14.1	17.5	55.2	70.7	30.8
96.9	63.8	77.2	88.4	80.7	4.6	88.3	55.8	72.1	16.1	16.4	96.8	63.3	95.5	99.1	90.7	86.3	66.1	49.1	48.5
37.3	43.8	93.6	12.1	91.4	72.0	59.9	47.1	44.4	33.7	82.4	65.8	0.9	87.8	74.8	88.6	10.2	82.1	81.0	14.9
31.2	56.4	27.0	91.8	63.8	37.7	17.0	6.1	29.3	57.9	40.5	19.1	5.7	68.6	23.8	18.8	62.5	26.9	5.9	12.5
58.5	5.2	9.8	11.6	75.3	57.0	2.1	12.9	4.4	44.2	96.6	13.5	20.9	23.0	28.4	2.8	78.1	28.2	35.6	90.4
4.6	7.6	18.5	93.0	1.3	1.9	78.7	96.4	65.4	75.1	40.0	76.0	24.9	39.2	91.7	7.8	49.7	54.6	20.3	72.7
76.2	3.0	66.8	75.6	38.7	47.2	96.3	7.6	75.3	92.7	43.6	43.3	81.7	30.6	30.3	60.7	79.0	84.2	65.8	80.0
3.9	66.4	75.2	12.5	92.0	20.5	63.8	57.8	97.5	33.5	42.7	17.3	98.7	88.8	8.9	67.1	41.4	42.4	62.2	90.9
61.7	49.6	50.1	64.4	0.4	24.9	0.9	1.1	65.3	96.5	0.2	50.3	7.4	44.0	47.7	7.4	27.0	53.1	96.8	35.5
11.7	16.0	39.1	79.8	45.8	42.9	91.4	94.3	61.2	85.4	67.6	3.7	42.1	75.1	6.9	96.6	79.6	69.0	55.7	36.8
36.5	7.3	79.2	71.4	66.7	30.9	6.0	23.9	22.0	27.0	98.6	41.8	53.4	55.8	72.1	19.5	35.0	9.6	63.3	25.2
91.8	13.4	41.8	88.0	64.1	87.4	13.5	70.3	74.4	49.1	58.2	98.4	96.5	13.5	52.7	22.7	94.2	44.0	33.1	87.4
22.9	12.3	93.1	38.0	99.8	79.2	95.4	83.3	60.0	42.5	15.0	72.9	61.0	94.3	76.0	56.0	30.0	48.4	50.4	94.3
69.4	55.1	64.2	57.0	97.2	15.3	6.3	59.5	47.5	23.9	50.6	3.6	44.4	38.6	88.6	36.7	45.7	82.0	46.0	7.5
62.7	75.1	13.0	96.6	79.9	63.7	31.9	90.1	70.4	12.2	90.3	50.5	80.2	42.1	89.2	37.1	39.5	43.6	19.4	71.3
16.5	51.3	92.2	2.8	43.1	92.0	31.2	17.6	22.2	23.7	14.1	74.2	84.8	96.1	6.6	71.2	42.2	77.6	31.6	96.4
27.6	96.6	82.2	4.0	0.3	81.1	5.0	59.8	97.5	47.1	22.1	53.5	97.7	46.5	79.7	72.0	2.1	76.8	83.1	47.4
66.9	98.7	34.9	20.9	11.2	14.9	88.6	12.8	7.7	69.6	98.2	90.0	77.8	90.1	4.0	44.0	22.9	9.7	93.0	5.3
5.6	8.4	95.0	98.8	76.8	4.8	8.8	1.0	95.5	51.3	64.6	10.3	37.9	44.3	2.8	92.3	45.6	0.9	8.2	97.2
24.2	62.7	0.2	42.0	87.9	59.8	65.1	41.3	56.8	77.5	77.3	11.9	34.7	84.5	16.7	12.8	90.2	51.9	20.1	1.1
73.0	3.5	35.4	27.3	31.9	46.1	49.7	73.5	18.6	39.7	79.3	77.0	79.3	22.5	17.5	42.6	5.3	59.1	69.1	86.3
21.7	66.4	97.9	26.0	48.1	88.8	55.9	27.7	79.0	45.8	82.5	76.2	69.0	41.4	86.8	45.1	57.7	90.7	45.3	27.5
61.8	48.6	64.9	82.4	49.9	22.5	27.4	84.3	25.7	22.9	95.3	95.6	77.9	68.6	75.0	25.5	70.7	75.1	32.5	4.4
53.0	40.4	33.2	65.3	67.6	54.8	20.1	95.3	48.7	78.0	63.4	97.3	66.6	34.5	49.9	94.6	86.2	17.4	35.9	89.0
96.0	68.2	91.6	96.6	44.1	48.8	50.7	0.7	38.2	53.3	91.0	38.0	78.8	83.8	44.5	79.1	36.3	42.5	77.9	1.8
62.3	58.1	23.5	17.5	19.8	50.0	77.0	37.7	30.7	45.0	25.9	79.2	4.2	31.4	75.7	30.1	97.1	78.4	21.2	40.1
23.4	30.3	62.2	98.9	43.9	78.8	19.0	22.0	50.2	93.0	89.8	19.6	58.4	67.3	18.1	73.1	76.3	66.7	50.6	81.4
12.9	38.7	99.3	89.3	84.1	29.2	4.0	52.2	75.1	0.3	1.7	19.9	7.9	86.7	24.1	53.9	94.3	57.2	54.0	57.5
64.9	51.6	92.8	11.0	20.9	52.4	72.3	38.1	42.9	71.0	45.0	91.7	98.7	86.7	17.9	35.1	44.0	56.7	41.9	78.4
59.1	4.6	72.1	28.6	50.7	29.9	69.9	94.1	80.5	1.8	93.5	96.0	88.0	15.4	84.9	3.3	74.7	6.8	33.2	86.4
30.0	87.4	19.1	93.2	54.5	34.3	92.4	11.7	11.3	51.1	75.9	30.3	18.1	40.8	74.3	65.9	28.1	1.0	95.4	12.6
60.5	39.2	92.0	12.1	55.3	87.6	28.1	7.5	71.3	48.9	50.4	69.2	56.0	68.7	31.0	6.0	47.9	42.8	30.5	16.1
51.6	29.0	45.0	43.9	12.7	73.6	54.5	41.3	24.1	64.1	6.0	49.1	53.4	6.2	93.9	29.2	58.1	5.0	27.6	50.2
41.8	95.0	2.2	30.6	75.1	21.4	6.9	67.2	26.4	44.6	94.0	85.4	61.8	79.7	88.2	3.5	62.2	37.7	92.6	24.5
91.1	46.3	5.9	93.1	99.2	43.9	67.2	29.5	84.4	0.1	86.0	63.4	24.9	88.0	33.9	66.6	53.6	8.6	26.7	32.4
49.7	5.5	62.3	50.9	91.9	93.4	14.8	23.5	36.0	73.6	46.1	83.3	0.3	31.0	50.5	22.3	3.8	61.4	1.0	51.5
37.3	23.5	87.9	91.1	52.9	41.4	36.7	95.7	75.2	62.8	29.0	18.4	50.9	27.2	84.8	24.8	81.9	15.3	66.4	45.3
22.6	92.8	59.2	31.6	29.9	44.1	12.4	51.4	34.6	63.8	58.8	41.9	56.5	26.8	48.9	32.0	71.9	27.2	60.3	99.8
77.9	1.8	51.2	28.1	64.5	93.7	21.9	11.4	72.5	12.7	39.5	63.9	71.2	45.3	81.2	33.6	45.2	27.6	59.0	32.5
99.0	48.3	4.0	59.7	91.7	25.5	34.1	4.7	5.0	90.4	16.7	74.3	44.8	58.7	91.0	17.4	22.1	30.7	28.1	10.7
1	2	3	4	5	6	7	8	9	10	11	12	13	14	15	16	17	18	19	20
1	2	3	4	5	6	7	8	9	10	11	12	13	14	15	16	17	18	19	20
1	2	3	4	5	6	7	8	9	10	11	12	13	14	15	16	17	18	19	20
1	2	3	4	5	6	7	8	9	10	11	12	13	14	15	16	17	18	19	20
1	2	3	4	5	6	7	8	9	10	11	12	13	14	15	16	17	18	19	20
1	2	3	4	5	6	7	8	9	10	11	12	13	14	15	16	17	18	19	20
1	2	3	4	5	6	7	8	9	10	11	12	13	14	15	16	17	18	19	20
1	2	3	4	5	6	7	8	9	10	11	12	13	14	15	16	17	18	19	20
1	2	3	4	5	6	7	8	9	10	11	12	13	14	15	16	17	18	19	20
1	2	3	4	5	6	7	8	9	10	11	12	13	14	15	16	17	18	19	20
1	2	3	4	5	6	7	8	9	10	11	12	13	14	15	16	17	18	19	20
1	2	3	4	5	6	7	8	9	10	11	12	13	14	15	16	17	18	19	20
1	2	3	4	5	6	7	8	9	10	11	12	13	14	15	16	17	18	19	20
1	2	3	4	5	6	7	8	9	10	11	12	13	14	15	16	17	18	19	20
1	2	3	4	5	6	7	8	9	10	11	12	13	14	15	16	17	18	19	20
1	2	3	4	5	6	7	8	9	10	11	12	13	14	15	16	17	18	19	20
1	2	3	4	5	6	7	8	9	10	11	12	13	14	15	16	17	18	19	20
1	2	3	4	5	6	7	8	9	10	11	12	13	14	15	16	17	18	19	20
1	2	3	4	5	6	7	8	9	10	11	12	13	14	15	16	17	18	19	20
1	2	3	4	5	6	7	8	9	10	11	12	13	14	15	16	17	18	19	20
1	2	3	4	5	6	7	8	9	10	11	12	13	14	15	16	17	18	19	20
1	2	3	4	5	6	7	8	9	10	11	12	13	14	15	16	17	18	19	20
1	2	3	4	5	6	7	8	9	10	11	12	13	14	15	16	17	18	19	20
1	2	3	4	5	6	7	8	9	10	11	12	13	14	15	16	17	18	19	20
1	2	3	4	5	6	7	8	9	10	11	12	13	14	15	16	17	18	19	20
1	2	3	4	5	6	7	8	9	10	11	12	13	14	15	16	17	18	19	20
1	2	3	4	5	6	7	8	9	10	11	12	13	14	15	16	17	18	19	20
1	2	3	4	5	6	7	8	9	10	11	12	13	14	15	16	17	18	19	20
1	2	3	4	5	6	7	8	9	10	11	12	13	14	15	16	17	18	19	20
1	2	3	4	5	6	7	8	9	10	11	12	13	14	15	16	17	18	19	20
1	2	3	4	5	6	7	8	9	10	11	12	13	14	15	16	17	18	19	20
1	2	3	4	5	6	7	8	9	10	11	12	13	14	15	16	17	18	19	20
1	2	3	4	5	6	7	8	9	10	11	12	13	14	15	16	17	18	19	20
1	2	3	4	5	6	7	8	9	10	11	12	13	14	15	16	17	18	19	20
1	2	3	4	5	6	7	8	9	10	11	12	13	14	15	16	17	18	19	20
1	2	3	4	5	6	7	8	9	10	11	12	13	14	15	16	17	18	19	20
1	2	3	4	5	6	7	8	9	10	11	12	13	14	15	16	17	18	19	20
1	2	3	4	5	6	7	8	9	10	11	12	13	14	15	16	17	18	19	20
1	2	3	4	5	6	7	8	9	10	11	12	13	14	15	16	17	18	19	20
1	2	3	4	5	6	7	8	9	10	11	12	13	14	15	16	17	18	19	20
1	2	3	4	5	6	7	8	9	10	11	12	13	14	15	16	17	18	19	20
1	2	3	4	5	6	7	8	9	10	11	12	13	14	15	16	17	18	19	20
1	2	3	4	5	6	7	8	9	10	11	12	13	14	15	16	17	18	19	20
1	2	3	4	5	6	7	8	9	10	11	12	13	14	15	16	17	18	19	20
1	2	3	4	5	6	7	8	9	10	11	12	13	14	15	16	17	18	19	20
1	2	3	4	5	6	7	8	9	10	11	12	13	14	15	16	17	18	19	20
1	2	3	4	5	6	7	8	9	10	11	12	13	14	15	16	17	18	19	20
1	2	3	4	5	6	7	8	9	10	11	12	13	14	15	16	17	18	19	20
1	2	3	4	5	6	7	8	9	10	11	12	13	14	15	16	17	18	19	20
1	2	3	4	5	6	7	8	9	10	11	12	13	14	15	16	17	18	19	20
1	2	3	4	5	6	7	8	9	10	11	12	13	14	15	16	17	18	19	20
1	2	3	4	5	6	7	8	9	10	11	12	13	14	15	16	17	18	19	20
1	2	3	4	5	6	7	8	9	10	11	12	13	14	15	16	17	18	19	20
1	2	3	4	5	6	7	8	9	10	11	12	13	14	15	16	17	18	19	20
1	2	3	4	5	6	7	8	9	10	11	12	13	14	15	16	17	18	19	20
1	2	3	4	5	6	7	8	9	10	11	12	13	14	15	16	17	18	19	20
1	2	3	4	5	6	7	8	9	10	11	12	13	14	15	16	17	18	19	20
1	2	3	4	5	6	7	8	9	10	11	12	13	14	15	16	17	18	19	20
1	2	3	4	5	6	7	8	9	10	11	12	13	14	15	16	17	18	19	20
1	2	3	4	5	6	7	8	9	10	11	12	13	14	15	16	17	18	19	20
1	2	3	4	5	6	7	8	9	10	11	12	13	14	15	16	17	18	19	20
1	2	3	4	5	6	7	8	9	10	11	12	13	14	15	16	17	18	19	20
1	2	3	4	5	6	7	8	9	10	11	12	13	14	15	16	17	18	19	20
1	2	3	4	5	6	7	8	9	10	11	12	13	14	15	16	17	18	19	20
1	2	3	4	5	6	7	8	9	10	11	12	13	14	15	16	17	18	19	20
1	2	3	4	5	6	7	8	9	10	11	12	13	14	15	16	17	18	19	20
1	2	3	4	5	6	7	8	9	10	11	12	13	14	15	16	17	18	19	20
1	2	3	4	5	6	7	8	9	10	11	12	13	14	15	16	17	18	19	20
1	2	3	4	5	6	7	8	9	10	11	12	13	14	15	16	17	18	19	20
1	2	3	4	5	6	7	8	9	10	11	12	13	14	15	16	17	18	19	20
1	2	3	4	5	6	7	8	9	10	11	12	13	14	15	16	17	18	19	20
1	2	3	4	5	6	7	8	9	10	11	12	13	14	15	16	17	18	19	20
1	2	3	4	5	6	7	8	9	10	11	12	13	14	15	16	17	18	19	20
1	2	3	4	5	6	7	8	9	10	11	12	13	14	15	16	17	18	19	20
1	2	3	4	5	6	7	8	9	10	11	12	13	14	15	16	17	18	19	20
1	2	3	4	5	6	7	8	9	10	11	12	13	14	15	16	17	18	19	20
1	2	3	4	5	6	7	8	9	10	11	12	13	14	15	16	17	18	19	20
1	2	3	4	5	6	7	8	9	10	11	12	13	14	15	16	17	18	19	20
1	2	3	4	5	6	7	8	9	10	11	12	13	14	15	16	17	18	19	20
1	2	3	4	5	6	7	8	9	10	11	12	13	14	15	16	17	18	19	20
1	2	3	4	5	6	7	8	9	10	11	12	13	14	15	16	17	18	19	20
1	2	3	4	5	6	7	8	9	10	11	12	13	14	15	16	17	18	19	20
1	2	3	4	5	6	7	8	9	10	11	12	13	14	15	16	17	18	19	20
1	2	3	4	5	6	7	8	9	10	11	12	13	14	15	16	17	18	19	20
1	2	3	4	5	6	7	8	9	10	11	12	13	14	15	16	17	18	19	20
1	2	3	4	5	6	7	8	9	10	11	12	13	14	15	16	17	18	19	20
1	2	3	4	5	6	7	8	9	10	11	12	13	14	15	16	17	18	19	20
1	2	3	4	5	6	7	8	9	10	11	12	13	14	15	16	17	18	19	20
1	2	3	4	5	6	7	8	9	10	11	12	13	14	15	16	17	18	19	20
1	2	3	4	5	6	7	8	9	10	11	12	13	14	15	16	17	18	19	20
1	2	3	4	5	6	7	8	9	10	11	12	13	14	15	16	17	18	19	20
1	2	3	4	5	6	7	8	9	10	11	12	13	14	15	16	17	18	19	20
1	2	3	4	5	6	7	8	9	10	11	12	13	14	15	16	17	18	19	20
1	2	3	4	5	6	7	8	9	10	11	12	13	14	15	16	17	18	19	20
1	2	3	4	5	6	7	8	9	10	11	12	13	14	15	16	17	18	19	20
1	2	3	4	5	6	7	8	9	10	11	12	13	14	15	16	17	18	19	20
1	2	3	4	5	6	7	8	9	10	11	12	13	14	15	16	17	18	19	20
1	2	3	4	5	6	7	8	9	10	11	12	13	14	15	16	17	18	19	20
1	2	3	4	5	6	7	8	9	10	11	12	13	14	15	16	17	18	19	20
1	2	3	4	5	6	7	8	9	10	11	12	13	14	15	16	17	18	19	20
