100	20
40.1	61.1	55.5	48.7	72.8	28.7	82.8	57.6	10.4	56.9	12.1	28.7	30.4	15.7	68.4	93.1	73.7	43.2	67.4	92.5
29.1	92.3	87.5	85.8	99.6	42.2	67.8	51.7	50.2	51.5	90.2	63.2	98.8	6.0	50.0	84.4	29.1	18.2	2.2	89.3
45.5	52.9	99.5	89.1	64.6	41.5	22.0	19.3	64.3	7.0	11.2	45.6	99.5	25.9	71.4	55.0	76.3	72.3	90.6	0.0
51.9	88.6	15.3	8.3	20.7	50.6	92.8	48.3	85.0	81.1	9.8	56.5	46.2	61.8	30.9	75.4	81.6	12.9	6.1	68.9
38.6	76.0	41.1	4.6	48.5	11.4	99.3	53.7	60.0	30.0	65.6	48.7	89.7	7.4	1.7	83.5	38.8	50.9	45.0	2.1
63.8	43.4	54.5	54.7	88.1	75.5	50.0	62.7	54.6	96.5	86.2	4.9	69.4	82.0	79.8	61.6	14.3	45.6	82.7	55.3
33.2	31.7	16.2	21.2	21.4	49.7	39.1	34.0	69.8	85.9	12.1	22.2	90.8	88.1	50.7	86.9	26.4	50.7	83.7	93.9
56.9	93.4	62.4	81.0	60.0	14.2	12.8	21.3	35.3	54.3	67.7	36.6	30.8	78.8	77.1	87.2	73.1	49.9	57.8	46.9
49.8	92.7	92.5	84.3	2.4	94.1	84.1	81.6	86.4	48.4	72.3	45.3	0.6	65.5	11.2	99.3	24.0	46.4	50.3	99.4
25.0	65.6	80.5	89.8	34.4	82.3	59.2	66.3	86.6	29.6	55.4	98.1	41.1	5.1	79.6	44.0	24.3	60.2	21.6	84.7
80.0	46.9	28.8	86.1	26.9	32.7	38.4	80.7	28.8	86.9	62.0	53.3	13.9	68.2	0.5	24.7	20.6	88.2	73.6	59.1
4.8	14.1	75.6	77.4	43.7	49.2	76.9	77.0	88.9	8.0	82.7	99.9	85.1	44.9	73.8	6.0	58.4	8.0	91.6	11.4
23.6	36.1	66.2	30.6	17.7	89.7	5.2	34.4	26.2	30.1	98.6	53.3	47.5	94.7	99.0	20.7	97.9	51.0	26.8	33.3
74.7	92.2	75.5	64.2	48.4	54.6	20.2	32.7	28.7	43.7	82.7	39.5	44.2	15.1	91.5	91.5	58.0	96.7	29.9	80.5
45.2	16.8	70.9	22.1	41.1	37.6	49.8	39.3	40.3	10.3	65.7	62.9	47.3	21.5	15.5	74.5	25.8	68.8	51.1	8.6
88.1	78.9	2.0	40.9	33.2	79.9	4.2	79.2	6.3	21.2	42.8	84.0	32.6	70.6	28.4	59.6	21.9	85.3	56.8	85.6
41.6	57.5	20.7	48.4	5.4	2.2	76.6	17.4	82.9	42.9	84.2	4.8	20.7	52.2	66.3	47.8	57.1	49.4	23.7	25.8
44.2	40.8	48.2	21.8	15.6	38.5	65.6	47.5	1.2	9.5	90.3	87.5	85.6	96.2	87.8	36.8	38.6	72.1	70.7	41.0
54.3	74.6	6.3	2.7	39.1	48.6	2.5	84.9	89.7	19.3	16.7	24.0	48.5	98.9	30.7	99.9	30.4	57.4	20.6	38.7
21.5	33.8	41.1	43.5	54.3	52.9	67.5	91.6	55.5	90.0	56.2	50.1	74.9	19.0	90.4	3.5	80.3	68.5	38.7	80.9
28.1	12.5	64.6	94.3	63.7	31.6	89.0	69.5	36.6	38.0	53.2	65.2	72.9	48.4	63.5	9.1	66.1	67.4	25.9	61.0
62.8	33.1	86.4	2.0	69.5	51.9	70.2	67.6	66.8	84.3	94.0	20.4	92.0	96.4	19.9	70.3	33.2	0.9	25.6	50.9
29.5	77.6	51.4	15.8	37.9	0.6	56.7	8.0	37.8	23.9	37.5	21.9	68.9	90.0	83.5	66.2	96.4	13.5	36.6	7.8
32.4	89.0	45.0	55.3	22.5	51.7	99.1	6.5	58.8	67.0	27.5	31.8	30.5	69.8	94.6	71.8	98.6	44.6	36.2	17.8
29.9	81.6	89.8	13.4	29.9	24.8	16.4	93.7	12.2	77.1	22.8	47.7	84.6	43.8	85.9	29.4	20.8	39.3	31.8	59.5
48.5	51.6	10.4	50.5	58.0	75.7	39.2	79.1	22.4	24.3	32.1	50.6	81.3	74.3	91.2	7.2	21.6	19.9	86.8	41.9
82.0	83.9	65.5	91.2	4.6	43.7	8.6	28.5	43.9	11.6	1.2	53.7	58.8	52.4	96.5	42.8	83.9	15.1	94.8	68.3
34.8	31.5	18.1	18.8	12.7	19.3	19.5	60.6	39.7	28.8	26.4	20.9	50.1	19.7	94.1	40.5	81.8	34.8	54.7	92.3
77.2	5.8	79.4	17.0	93.9	18.6	65.8	45.0	14.0	55.3	13.2	64.4	53.5	27.6	38.1	97.4	31.9	85.9	45.2	0.5
74.7	95.5	55.8	22.7	76.6	6.3	38.6	77.3	39.0	52.3	89.0	48.9	67.1	13.3	35.4	0.6	70.7	64.3	76.7	75.4
16.8	49.2	9.2	11.4	57.2	63.7	1.9	22.4	21.5	43.9	22.9	43.1	2.0	33.5	42.8	1.8	36.6	35.6	60.2	5.0
58.7	44.0	11.6	10.8	97.8	32.3	16.0	24.3	5.3	1.3	25.2	45.6	69.8	15.6	93.9	61.3	1.2	22.7	1.2	57.5
26.8	48.5	30.8	51.3	97.4	1.1	22.8	81.4	81.3	89.3	72.5	66.5	78.6	59.5	82.2	9.4	92.2	8.4	81.8	80.1
93.9	85.4	47.4	44.6	40.9	21.7	55.8	91.2	79.4	36.5	91.0	54.5	60.0	54.2	74.0	58.4	27.0	92.2	34.9	51.9
49.4	58.2	67.2	80.6	53.4	56.9	76.3	81.4	56.5	14.5	93.2	57.5	97.2	52.6	81.9	54.5	8.1	45.4	67.6	39.1
41.3	29.5	61.6	14.5	43.6	47.9	18.5	98.2	68.0	73.1	90.9	71.3	59.1	12.8	45.9	52.3	74.1	73.1	64.7	53.4
99.5	67.8	13.8	37.8	5.7	32.2	38.9	28.2	96.4	80.7	59.3	23.8	30.3	17.1	67.8	84.2	49.6	31.4	5.8	45.7
71.5	29.9	56.2	14.2	65.7	44.6	67.9	64.6	72.9	22.8	80.8	20.6	60.3	71.1	99.7	90.1	42.3	42.2	85.5	36.6
32.4	52.6	55.4	87.5	55.1	11.5	32.2	3.6	51.5	22.5	13.9	29.3	6.7	76.2	15.6	37.7	50.5	48.5	97.8	59.4
0.2	40.8	98.9	85.4	7.8	15.3	62.9	99.7	0.3	88.6	15.9	26.9	23.8	28.5	44.6	44.0	81.9	91.6	20.8	75.3
96.4	22.6	56.5	38.3	40.0	84.8	82.5	46.1	85.4	23.9	50.5	96.4	73.3	72.5	12.0	40.0	23.5	83.1	48.1	80.7
60.4	8.0	82.1	88.1	42.2	65.6	88.5	1.1	63.3	55.9	18.6	66.1	93.3	37.4	68.9	67.0	52.4	59.4	30.7	54.9
91.1	17.4	55.0	16.0	33.9	23.3	40.3	64.1	43.0	80.1	30.4	3.6	74.9	74.6	80.6	90.9	49.6	59.3	34.3	7.1
80.2	42.7	8.4	96.6	60.1	98.3	66.9	3.2	68.3	72.6	84.1	22.2	6.3	99.0	60.1	78.3	90.9	62.9	8.8	47.5
6.1	22.4	32.6	23.8	76.2	16.2	21.6	15.9	14.4	58.9	76.1	8.8	11.5	73.9	38.5	10.8	57.5	89.9	12.7	42.8
56.4	94.3	14.7	6.5	48.6	48.2	31.7	71.8	10.4	74.8	13.7	98.6	77.8	32.1	34.6	6.8	44.9	88.4	9.2	27.2
50.0	6.6	86.6	14.5	31.1	49.7	43.5	53.7	40.4	29.7	98.1	4.4	77.3	77.6	58.5	35.4	90.0	70.1	66.3	48.3
82.8	94.5	13.5	88.3	11.9	37.7	51.3	45.5	18.2	73.5	51.6	65.2	46.5	62.0	22.9	65.8	49.2	31.8	70.8	47.0
47.5	48.0	64.8	86.3	35.8	30.9	47.0	91.0	69.9	24.9	59.2	51.1	47.2	71.5	15.8	1.3	22.6	9.5	4.9	36.8
8.7	74.0	33.1	38.7	48.6	74.6	15.2	69.7	57.3	46.8	36.7	33.9	77.0	23.3	86.5	42.4	87.4	83.4	81.0	60.2
72.4	39.1	75.2	69.0	88.3	73.8	31.8	50.1	79.8	96.3	0.5	71.2	49.4	35.4	67.3	11.0	93.0	84.5	3.0	28.7
46.3	46.5	47.9	4.8	31.5	50.9	93.8	16.7	94.1	91.8	51.6	66.0	7.9	49.0	33.2	11.0	30.7	10.5	33.8	65.3
25.4	29.7	35.0	38.4	36.3	59.8	63.7	99.8	35.7	32.7	71.7	8.7	0.5	75.7	21.3	64.3	81.0	56.4	14.4	45.5
67.2	65.8	15.6	45.9	16.1	97.6	85.2	50.7	19.5	51.7	25.0	45.2	44.7	53.4	70.8	68.9	7.4	24.1	38.6	84.9
70.5	88.5	93.4	90.7	34.0	3.1	72.1	79.3	21.0	53.8	92.8	89.6	25.6	19.9	63.5	43.2	3.9	93.6	90.0	66.7
39.7	13.3	40.5	92.2	34.2	32.4	45.5	24.7	82.1	80.7	98.2	53.0	96.5	40.9	50.6	94.2	97.2	87.3	78.2	83.1
52.5	60.3	83.8	50.6	4.8	22.3	47.7	48.9	83.0	56.5	13.4	27.3	70.5	56.9	79.1	14.3	38.9	27.7	43.4	89.7
29.8	61.8	42.4	52.7	42.2	58.9	69.6	44.4	78.7	10.4	40.5	53.5	27.4	77.1	38.6	61.1	20.1	71.2	52.7	30.8
12.0	66.4	91.4	28.9	34.5	33.5	5.1	49.6	66.4	41.3	62.9	48.7	3.0	58.2	55.5	53.4	79.1	87.3	21.3	9.7
56.4	20.9	25.1	56.1	64.0	27.8	78.9	68.5	5.5	76.9	80.0	81.7	33.1	50.7	60.7	55.4	44.7	90.5	9.7	49.2
16.3	11.3	70.6	86.5	86.7	31.0	81.3	61.9	91.9	45.5	87.2	93.8	95.7	70.6	64.8	47.7	78.9	15.2	91.7	4.6
55.2	3.4	20.7	41.5	96.4	5.6	66.0	38.1	43.2	12.8	39.4	5.1	22.4	55.8	40.0	10.0	62.3	10.1	79.5	59.8
83.0	75.3	19.7	45.0	12.2	43.9	78.0	33.6	9.1	16.3	77.9	86.7	29.6	56.2	89.6	19.6	14.3	14.3	93.6	30.3
45.3	41.5	7.6	79.9	41.1	33.7	30.6	17.3	34.2	1.7	8.7	58.3	48.0	22.6	98.8	49.2	63.1	54.7	85.2	89.0
23.1	11.6	54.2	89.9	29.7	76.6	43.6	19.2	79.8	42.0	49.9	52.4	66.4	50.1	76.5	31.3	82.8	68.5	88.5	91.1
5.5	41.1	13.5	92.7	14.2	66.3	28.0	73.6	95.9	9.7	91.5	41.0	80.3	12.6	23.7	86.7	61.4	78.9	28.9	83.0
45.1	83.1	36.5	18.8	89.3	28.1	81.8	99.7	47.0	71.9	0.5	15.1	36.4	40.9	40.1	9.9	45.2	37.8	21.9	39.7
61.4	47.8	45.6	19.0	0.7	42.2	55.3	99.2	44.1	62.1	10.3	39.3	28.2	59.4	80.9	88.6	71.5	47.2	82.7	50.5
75.9	69.7	42.0	68.9	58.2	7.8	7.4	64.9	65.0	35.9	54.5	85.4	73.6	22.7	54.8	18.4	34.8	33.7	16.9	11.1
83.9	91.5	2.4	67.6	19.6	69.0	47.9	53.5	15.0	80.2	24.4	1.7	80.2	49.9	74.3	64.8	12.1	26.3	81.5	57.4
49.1	15.9	15.4	72.3	50.5	66.8	35.0	63.9	6.4	38.3	58.4	39.5	74.6	70.7	52.5	98.3	50.6	9.4	17.9	43.2
8.5	84.0	68.8	16.9	67.8	70.8	91.2	91.9	94.9	64.2	85.1	56.0	11.9	1.1	60.3	3.0	82.5	44.8	29.2	19.0
59.2	47.9	95.9	81.6	10.2	49.6	91.5	4.9	4.6	25.4	81.3	15.1	8.5	36.7	67.6	64.6	91.4	67.4	21.0	12.1
58.9	23.6	90.7	20.3	9.8	23.5	79.7	95.9	36.0	49.0	30.5	88.7	68.8	29.7	15.5	36.8	0.3	38.0	62.0	96.3
75.6	20.6	48.9	61.4	82.5	67.6	18.0	64.6	97.1	2.8	85.5	25.9	57.5	22.1	66.6	37.8	54.6	0.0	64.0	82.6
71.1	4.5	37.2	35.7	23.2	99.2	32.7	13.5	73.5	58.3	27.7	12.7	29.8	99.0	95.8	82.9	45.4	67.5	52.4	58.1
51.6	89.3	22.4	9.3	65.6	92.6	93.1	43.8	17.4	98.8	7.6	49.0	46.9	43.8	51.4	61.9	26.7	39.2	21.7	35.2
92.7	1.1	47.0	76.2	8.9	59.0	3.3	67.0	58.7	56.0	89.6	74.5	90.3	91.3	42.7	97.6	42.4	32.5	11.2	10.2
57.1	5.8	95.2	81.7	66.3	78.4	53.1	12.2	33.1	7.3	50.7	3.8	52.2	40.7	36.3	92.6	88.7	83.2	11.1	58.4
53.4	52.0	68.8	93.8	7.4	71.7	14.1	76.7	69.7	72.8	74.4	56.0	9.4	37.0	36.1	85.8	95.7	19.0	49.7	21.9
74.0	57.9	37.8	54.5	96.4	2.3	45.5	1.9	56.6	64.6	6.1	93.4	18.6	46.7	82.9	77.8	46.7	46.1	55.0	22.2
99.9	97.7	73.7	68.4	87.7	50.2	63.4	21.1	62.5	11.8	6.8	46.2	46.3	2.1	5.5	75.2	86.1	98.7	4.6	51.2
16.2	55.3	15.3	34.0	26.0	68.2	40.0	82.3	56.2	42.5	11.6	77.6	67.1	18.2	26.2	61.5	2.4	73.4	28.5	97.9
27.6	44.4	59.0	2.4	87.1	23.2	23.8	25.6	81.0	55.7	7.8	4.9	99.9	8.5	48.9	32.8	43.0	59.0	53.2	22.9
16.8	69.9	34.3	36.8	9.1	45.7	1.4	90.2	72.3	41.9	58.5	11.7	85.6	93.8	37.4	21.2	46.9	97.2	2.4	11.9
51.9	59.2	41.8	85.9	52.0	98.4	70.7	87.9	77.0	4.6	9.3	29.0	27.5	44.7	64.6	46.7	54.0	59.0	50.4	71.3
82.1	27.9	23.1	48.3	90.5	99.7	22.3	29.3	76.7	81.4	89.1	83.5	20.7	30.3	92.2	1.9	78.0	28.3	21.8	23.8
26.5	48.2	2.6	2.8	43.7	59.1	80.5	15.0	74.8	6.9	68.0	17.2	61.8	34.3	54.0	7.2	92.6	48.8	62.7	31.7
85.3	44.9	87.1	9.5	78.6	9.2	90.3	0.1	2.1	35.7	80.4	92.8	53.4	50.5	84.1	52.9	96.3	97.9	71.0	23.6
63.9	29.0	52.9	36.8	78.3	30.7	21.1	93.4	65.0	98.1	78.6	35.7	21.3	70.3	82.6	58.5	3.0	9.7	88.2	13.9
22.0	72.8	65.2	10.6	0.3	82.0	50.1	73.2	86.2	93.6	38.3	9.3	11.2	62.7	29.0	18.0	90.5	77.9	94.0	69.6
53.7	2.3	79.9	31.0	42.0	30.8	39.7	80.4	77.1	92.9	1.1	44.8	21.7	34.2	90.9	20.6	41.9	28.6	77.7	20.6
32.3	60.6	84.0	53.1	99.5	82.3	5.1	14.1	79.5	83.9	89.7	86.4	60.2	96.7	89.8	57.4	88.3	58.3	96.3	15.0
39.3	38.2	54.1	16.1	18.7	5.0	12.2	9.0	19.6	31.1	86.0	98.1	41.2	7.3	1.8	85.5	97.7	88.4	37.0	13.9
61.9	43.3	82.7	65.2	44.2	63.6	80.3	17.3	4.4	94.0	97.9	54.5	57.8	40.4	11.0	45.1	6.9	81.3	20.2	15.9
32.5	92.4	57.5	12.8	21.4	54.1	60.6	50.0	86.1	51.2	51.3	35.3	13.8	39.6	87.5	58.3	97.9	43.7	5.4	80.2
62.4	42.6	23.5	45.1	3.2	68.4	12.5	8.5	66.8	1.3	94.6	14.9	34.0	15.9	7.8	52.2	36.0	12.5	39.8	22.0
36.2	15.8	73.5	73.5	87.2	49.1	96.1	74.0	8.7	38.5	81.7	56.3	26.1	26.4	78.1	24.0	8.6	58.0	76.0	48.1
28.4	69.0	86.7	17.9	36.7	0.6	29.6	73.8	12.8	22.4	5.6	10.7	74.2	8.8	18.5	28.3	87.0	39.7	93.2	19.5
45.0	94.5	7.5	50.3	57.2	92.0	97.6	46.1	11.5	23.3	9.1	73.5	97.6	58.8	97.2	82.9	77.4	87.8	24.8	41.6
1	2	3	4	5	6	7	8	9	10	11	12	13	14	15	16	17	18	19	20
1	2	3	4	5	6	7	8	9	10	11	12	13	14	15	16	17	18	19	20
1	2	3	4	5	6	7	8	9	10	11	12	13	14	15	16	17	18	19	20
1	2	3	4	5	6	7	8	9	10	11	12	13	14	15	16	17	18	19	20
1	2	3	4	5	6	7	8	9	10	11	12	13	14	15	16	17	18	19	20
1	2	3	4	5	6	7	8	9	10	11	12	13	14	15	16	17	18	19	20
1	2	3	4	5	6	7	8	9	10	11	12	13	14	15	16	17	18	19	20
1	2	3	4	5	6	7	8	9	10	11	12	13	14	15	16	17	18	19	20
1	2	3	4	5	6	7	8	9	10	11	12	13	14	15	16	17	18	19	20
1	2	3	4	5	6	7	8	9	10	11	12	13	14	15	16	17	18	19	20
1	2	3	4	5	6	7	8	9	10	11	12	13	14	15	16	17	18	19	20
1	2	3	4	5	6	7	8	9	10	11	12	13	14	15	16	17	18	19	20
1	2	3	4	5	6	7	8	9	10	11	12	13	14	15	16	17	18	19	20
1	2	3	4	5	6	7	8	9	10	11	12	13	14	15	16	17	18	19	20
1	2	3	4	5	6	7	8	9	10	11	12	13	14	15	16	17	18	19	20
1	2	3	4	5	6	7	8	9	10	11	12	13	14	15	16	17	18	19	20
1	2	3	4	5	6	7	8	9	10	11	12	13	14	15	16	17	18	19	20
1	2	3	4	5	6	7	8	9	10	11	12	13	14	15	16	17	18	19	20
1	2	3	4	5	6	7	8	9	10	11	12	13	14	15	16	17	18	19	20
1	2	3	4	5	6	7	8	9	10	11	12	13	14	15	16	17	18	19	20
1	2	3	4	5	6	7	8	9	10	11	12	13	14	15	16	17	18	19	20
1	2	3	4	5	6	7	8	9	10	11	12	13	14	15	16	17	18	19	20
1	2	3	4	5	6	7	8	9	10	11	12	13	14	15	16	17	18	19	20
1	2	3	4	5	6	7	8	9	10	11	12	13	14	15	16	17	18	19	20
1	2	3	4	5	6	7	8	9	10	11	12	13	14	15	16	17	18	19	20
1	2	3	4	5	6	7	8	9	10	11	12	13	14	15	16	17	18	19	20
1	2	3	4	5	6	7	8	9	10	11	12	13	14	15	16	17	18	19	20
1	2	3	4	5	6	7	8	9	10	11	12	13	14	15	16	17	18	19	20
1	2	3	4	5	6	7	8	9	10	11	12	13	14	15	16	17	18	19	20
1	2	3	4	5	6	7	8	9	10	11	12	13	14	15	16	17	18	19	20
1	2	3	4	5	6	7	8	9	10	11	12	13	14	15	16	17	18	19	20
1	2	3	4	5	6	7	8	9	10	11	12	13	14	15	16	17	18	19	20
1	2	3	4	5	6	7	8	9	10	11	12	13	14	15	16	17	18	19	20
1	2	3	4	5	6	7	8	9	10	11	12	13	14	15	16	17	18	19	20
1	2	3	4	5	6	7	8	9	10	11	12	13	14	15	16	17	18	19	20
1	2	3	4	5	6	7	8	9	10	11	12	13	14	15	16	17	18	19	20
1	2	3	4	5	6	7	8	9	10	11	12	13	14	15	16	17	18	19	20
1	2	3	4	5	6	7	8	9	10	11	12	13	14	15	16	17	18	19	20
1	2	3	4	5	6	7	8	9	10	11	12	13	14	15	16	17	18	19	20
1	2	3	4	5	6	7	8	9	10	11	12	13	14	15	16	17	18	19	20
1	2	3	4	5	6	7	8	9	10	11	12	13	14	15	16	17	18	19	20
1	2	3	4	5	6	7	8	9	10	11	12	13	14	15	16	17	18	19	20
1	2	3	4	5	6	7	8	9	10	11	12	13	14	15	16	17	18	19	20
1	2	3	4	5	6	7	8	9	10	11	12	13	14	15	16	17	18	19	20
1	2	3	4	5	6	7	8	9	10	11	12	13	14	15	16	17	18	19	20
1	2	3	4	5	6	7	8	9	10	11	12	13	14	15	16	17	18	19	20
1	2	3	4	5	6	7	8	9	10	11	12	13	14	15	16	17	18	19	20
1	2	3	4	5	6	7	8	9	10	11	12	13	14	15	16	17	18	19	20
1	2	3	4	5	6	7	8	9	10	11	12	13	14	15	16	17	18	19	20
1	2	3	4	5	6	7	8	9	10	11	12	13	14	15	16	17	18	19	20
1	2	3	4	5	6	7	8	9	10	11	12	13	14	15	16	17	18	19	20
1	2	3	4	5	6	7	8	9	10	11	12	13	14	15	16	17	18	19	20
1	2	3	4	5	6	7	8	9	10	11	12	13	14	15	16	17	18	19	20
1	2	3	4	5	6	7	8	9	10	11	12	13	14	15	16	17	18	19	20
1	2	3	4	5	6	7	8	9	10	11	12	13	14	15	16	17	18	19	20
1	2	3	4	5	6	7	8	9	10	11	12	13	14	15	16	17	18	19	20
1	2	3	4	5	6	7	8	9	10	11	12	13	14	15	16	17	18	19	20
1	2	3	4	5	6	7	8	9	10	11	12	13	14	15	16	17	18	19	20
1	2	3	4	5	6	7	8	9	10	11	12	13	14	15	16	17	18	19	20
1	2	3	4	5	6	7	8	9	10	11	12	13	14	15	16	17	18	19	20
1	2	3	4	5	6	7	8	9	10	11	12	13	14	15	16	17	18	19	20
1	2	3	4	5	6	7	8	9	10	11	12	13	14	15	16	17	18	19	20
1	2	3	4	5	6	7	8	9	10	11	12	13	14	15	16	17	18	19	20
1	2	3	4	5	6	7	8	9	10	11	12	13	14	15	16	17	18	19	20
1	2	3	4	5	6	7	8	9	10	11	12	13	14	15	16	17	18	19	20
1	2	3	4	5	6	7	8	9	10	11	12	13	14	15	16	17	18	19	20
1	2	3	4	5	6	7	8	9	10	11	12	13	14	15	16	17	18	19	20
1	2	3	4	5	6	7	8	9	10	11	12	13	14	15	16	17	18	19	20
1	2	3	4	5	6	7	8	9	10	11	12	13	14	15	16	17	18	19	20
1	2	3	4	5	6	7	8	9	10	11	12	13	14	15	16	17	18	19	20
1	2	3	4	5	6	7	8	9	10	11	12	13	14	15	16	17	18	19	20
1	2	3	4	5	6	7	8	9	10	11	12	13	14	15	16	17	18	19	20
1	2	3	4	5	6	7	8	9	10	11	12	13	14	15	16	17	18	19	20
1	2	3	4	5	6	7	8	9	10	11	12	13	14	15	16	17	18	19	20
1	2	3	4	5	6	7	8	9	10	11	12	13	14	15	16	17	18	19	20
1	2	3	4	5	6	7	8	9	10	11	12	13	14	15	16	17	18	19	20
1	2	3	4	5	6	7	8	9	10	11	12	13	14	15	16	17	18	19	20
1	2	3	4	5	6	7	8	9	10	11	12	13	14	15	16	17	18	19	20
1	2	3	4	5	6	7	8	9	10	11	12	13	14	15	16	17	18	19	20
1	2	3	4	5	6	7	8	9	10	11	12	13	14	15	16	17	18	19	20
1	2	3	4	5	6	7	8	9	10	11	12	13	14	15	16	17	18	19	20
1	2	3	4	5	6	7	8	9	10	11	12	13	14	15	16	17	18	19	20
1	2	3	4	5	6	7	8	9	10	11	12	13	14	15	16	17	18	19	20
1	2	3	4	5	6	7	8	9	10	11	12	13	14	15	16	17	18	19	20
1	2	3	4	5	6	7	8	9	10	11	12	13	14	15	16	17	18	19	20
1	2	3	4	5	6	7	8	9	10	11	12	13	14	15	16	17	18	19	20
1	2	3	4	5	6	7	8	9	10	11	12	13	14	15	16	17	18	19	20
1	2	3	4	5	6	7	8	9	10	11	12	13	14	15	16	17	18	19	20
1	2	3	4	5	6	7	8	9	10	11	12	13	14	15	16	17	18	19	20
1	2	3	4	5	6	7	8	9	10	11	12	13	14	15	16	17	18	19	20
1	2	3	4	5	6	7	8	9	10	11	12	13	14	15	16	17	18	19	20
1	2	3	4	5	6	7	8	9	10	11	12	13	14	15	16	17	18	19	20
1	2	3	4	5	6	7	8	9	10	11	12	13	14	15	16	17	18	19	20
1	2	3	4	5	6	7	8	9	10	11	12	13	14	15	16	17	18	19	20
1	2	3	4	5	6	7	8	9	10	11	12	13	14	15	16	17	18	19	20
1	2	3	4	5	6	7	8	9	10	11	12	13	14	15	16	17	18	19	20
1	2	3	4	5	6	7	8	9	10	11	12	13	14	15	16	17	18	19	20
1	2	3	4	5	6	7	8	9	10	11	12	13	14	15	16	17	18	19	20
1	2	3	4	5	6	7	8	9	10	11	12	13	14	15	16	17	18	19	20
1	2	3	4	5	6	7	8	9	10	11	12	13	14	15	16	17	18	19	20
