100	20
2.5	58.2	50.6	82.8	31.0	23.9	90.1	28.8	20.0	95.9	77.8	97.0	66.4	91.4	56.4	76.0	79.5	98.7	15.5	36.1
44.7	67.5	46.6	34.3	49.3	48.8	45.4	79.8	95.5	3.8	64.8	3.0	57.7	33.7	50.0	51.9	1.0	3.5	71.2	73.5
18.8	7.4	8.1	16.4	25.4	33.2	96.1	50.0	92.6	39.1	25.7	93.4	66.3	59.2	59.1	67.5	76.7	72.7	78.7	29.6
70.3	0.9	12.2	96.2	73.4	72.3	9.1	47.3	43.8	46.8	79.3	80.9	3.1	41.0	50.0	34.7	21.6	17.2	23.4	52.2
26.2	17.8	85.4	42.0	29.1	16.7	2.3	42.9	86.5	50.2	13.5	46.8	69.6	12.8	1.4	99.3	58.4	71.7	36.9	94.7
36.3	66.9	27.0	23.4	93.7	54.3	35.4	27.8	88.7	51.7	98.7	57.3	16.7	67.5	6.8	20.8	1.6	32.8	18.0	65.2
54.7	72.5	72.1	8.8	89.2	53.1	23.8	18.5	26.6	53.5	36.8	33.4	48.4	87.6	74.9	36.8	31.1	79.5	34.1	98.3
97.6	46.0	93.4	9.2	41.7	55.2	19.3	36.9	69.9	76.3	98.9	13.6	14.2	90.6	92.1	36.9	69.1	46.0	90.2	37.1
47.4	62.4	88.2	9.3	98.8	29.1	56.7	20.7	19.1	86.1	66.8	4.6	49.7	47.1	34.5	64.2	65.2	7.2	57.4	51.8
48.3	89.9	59.6	84.0	57.4	63.9	1.7	79.6	78.7	14.1	80.8	79.3	36.2	55.5	12.9	11.4	6.8	6.8	94.1	64.6
59.8	3.7	98.8	64.6	31.6	15.5	35.0	20.4	54.6	98.3	92.2	11.2	92.6	66.7	26.9	2.8	12.4	30.6	75.4	77.0
57.8	54.6	94.0	71.3	42.7	64.2	76.4	15.7	69.1	22.9	0.5	83.1	64.2	91.1	99.1	87.0	36.4	82.7	45.9	74.0
71.9	27.5	42.6	37.8	37.5	29.6	37.8	59.0	73.0	72.4	40.9	34.0	88.4	75.6	9.0	12.8	52.0	62.0	30.8	89.0
98.9	56.6	39.7	8.8	59.4	78.7	76.1	81.2	48.6	28.8	19.0	58.5	93.1	11.0	37.5	55.6	6.6	80.9	31.2	20.3
54.3	45.7	96.8	18.5	14.7	96.3	72.0	8.8	11.2	50.9	43.5	3.6	23.1	23.3	81.0	82.2	15.0	13.7	84.4	64.3
16.8	87.4	52.9	45.1	80.9	93.2	61.0	4.2	41.3	50.8	63.1	91.3	63.8	4.6	88.6	28.5	60.2	95.5	21.9	94.8
4.8	31.1	2.7	59.7	19.5	89.6	96.1	88.6	12.1	8.9	77.6	87.4	89.7	18.0	62.1	31.3	94.1	30.6	86.1	99.6
32.3	81.1	79.1	31.3	28.1	56.3	4.5	71.5	57.1	34.8	16.9	84.1	14.3	29.8	20.9	80.8	79.6	67.1	56.6	96.4
91.5	12.0	44.0	84.2	54.7	49.9	66.6	21.8	11.4	35.7	77.0	79.9	60.8	39.8	65.2	80.9	34.8	93.5	49.3	56.6
26.3	54.6	22.2	32.3	62.7	29.1	84.3	95.4	10.0	62.0	32.3	98.5	26.5	61.4	41.6	2.6	86.2	71.0	75.3	10.6
52.9	67.4	61.8	36.9	85.3	34.5	8.9	73.5	62.4	71.1	66.3	13.9	98.3	64.0	20.6	15.3	90.0	67.4	53.5	22.9
28.3	28.4	8.8	46.8	60.9	29.8	28.9	9.6	75.9	95.1	78.1	24.1	21.9	56.5	23.2	80.2	51.5	67.9	46.6	25.7
80.8	35.7	32.0	45.8	83.2	0.5	7.8	30.7	13.5	43.5	32.7	71.3	95.2	92.0	94.9	45.2	53.3	95.9	52.4	37.2
10.7	63.4	46.5	87.3	22.9	52.5	37.4	46.4	80.3	90.2	34.2	51.9	15.7	21.6	96.9	51.4	38.1	9.7	95.8	68.5
93.0	77.6	70.6	79.8	59.1	57.9	36.9	96.3	35.4	7.2	10.2	16.0	12.2	64.1	73.9	78.4	12.6	56.6	64.8	62.0
54.5	65.5	28.6	57.4	49.9	92.4	55.9	10.9	55.0	81.3	23.3	6.0	22.7	4.1	32.6	52.3	92.4	88.5	50.1	46.4
82.2	17.9	50.3	49.9	58.7	45.2	54.0	16.5	0.6	73.5	60.8	47.1	77.9	2.4	5.7	2.4	13.2	8.0	22.2	6.4
34.5	72.4	34.4	96.7	89.7	69.0	64.9	42.5	38.3	64.1	22.3	68.3	42.9	85.9	29.1	21.0	13.8	0.9	80.0	38.1
93.9	93.8	23.3	54.9	83.6	48.5	47.9	52.5	25.6	66.5	92.5	83.9	15.7	45.0	90.8	62.3	95.9	96.7	21.0	3.7
65.4	87.9	86.0	92.8	44.3	42.6	48.9	35.7	65.4	6.5	78.4	41.5	91.2	87.9	37.7	74.1	45.3	16.3	42.2	64.7
61.7	30.7	10.6	84.9	91.3	91.7	61.7	76.5	6.9	37.3	28.4	79.2	13.0	39.1	22.4	59.4	56.4	34.9	88.8	86.4
84.2	51.1	97.4	94.9	94.6	61.2	62.1	35.1	91.5	55.7	45.9	59.8	55.6	65.3	66.0	68.8	54.0	66.3	93.1	14.6
83.7	43.0	10.3	97.8	66.5	45.6	96.4	79.7	54.4	40.4	67.5	28.3	61.2	76.0	37.5	31.9	85.0	64.8	33.2	46.8
92.1	40.8	12.3	77.6	68.2	31.8	14.1	30.5	18.6	55.7	68.0	47.9	50.8	48.1	91.4	30.2	21.6	64.9	1.2	90.4
4.3	85.5	93.4	94.7	39.2	89.1	15.2	10.5	64.1	13.6	53.6	9.4	35.7	16.0	56.8	8.1	19.9	86.1	39.3	82.4
85.9	50.7	3.7	49.5	52.6	98.5	50.7	99.1	92.2	79.9	91.4	19.5	92.7	15.6	10.3	87.9	64.1	47.5	4.7	8.8
93.6	50.5	21.5	77.6	78.7	44.8	61.3	19.9	57.2	20.5	73.2	15.1	30.5	64.7	14.6	86.9	60.5	5.9	35.9	69.6
61.7	82.0	62.4	13.0	83.6	62.3	61.1	8.6	42.4	76.7	50.9	0.6	41.6	41.9	23.3	41.2	99.3	31.4	75.8	48.6
16.2	56.9	13.7	58.7	97.4	10.7	56.6	45.4	58.0	45.5	30.7	15.2	64.6	29.3	10.2	62.2	88.7	84.2	64.0	7.0
26.5	85.3	50.5	43.4	7.7	0.4	56.8	83.6	50.1	63.5	43.6	5.1	41.6	8.9	71.7	46.6	84.8	61.7	72.1	69.7
24.5	5.4	8.4	98.3	87.1	87.3	15.6	18.8	99.9	81.3	60.3	38.1	65.5	27.5	41.7	73.2	77.2	33.1	23.1	62.1
21.3	39.3	10.0	37.5	81.9	67.9	59.6	18.0	50.1	81.1	72.3	10.0	32.2	43.8	45.8	75.7	72.0	88.6	6.3	99.7
90.5	11.4	10.8	84.9	71.3	96.6	33.5	24.5	63.0	28.9	85.5	74.9	47.6	30.8	55.7	4.5	41.6	24.7	58.4	69.6
90.2	18.9	32.7	82.7	47.0	66.5	48.9	72.9	55.6	22.9	66.6	13.9	90.9	96.6	84.5	80.0	3.3	81.8	53.9	30.3
42.3	81.4	87.8	33.0	89.3	40.4	16.8	25.9	31.8	49.2	26.7	28.6	26.8	80.9	82.5	22.0	14.1	69.6	72.4	57.9
45.5	88.2	46.4	86.1	24.7	82.2	96.1	29.9	58.9	92.2	21.4	80.9	65.7	25.1	67.7	28.2	21.3	80.1	30.4	97.6
67.4	1.8	19.7	0.1	21.2	97.4	91.6	22.4	97.4	68.4	29.4	61.3	36.2	85.8	3.8	3.1	22.3	55.0	12.2	29.5
84.4	92.6	25.2	82.7	59.7	66.4	19.5	87.8	63.0	88.1	83.5	3.8	61.4	80.9	6.7	92.7	78.1	76.4	50.1	11.0
57.4	52.5	78.1	45.5	53.6	97.4	22.2	96.7	84.5	61.7	69.5	78.4	98.8	36.2	5.3	13.2	96.9	46.4	9.9	62.5
87.5	92.1	50.4	56.2	98.9	58.1	93.3	95.9	42.8	53.4	14.6	57.5	52.8	30.8	49.6	18.2	55.5	1.2	32.9	29.6
60.8	94.5	25.2	42.8	74.5	92.4	78.4	63.8	72.2	78.5	4.6	92.3	45.9	6.3	81.6	96.9	7.8	58.4	19.5	77.9
72.3	53.3	79.4	53.0	8.9	10.8	55.2	61.5	19.8	39.6	56.4	98.3	51.1	27.4	43.6	22.2	85.9	14.2	34.3	21.0
50.8	62.5	63.8	80.3	86.1	32.2	34.9	4.2	80.4	22.9	56.2	5.4	90.2	80.7	73.4	4.8	47.4	57.6	92.9	77.1
34.2	87.0	72.3	11.1	73.0	82.7	12.7	26.6	17.2	68.3	26.5	93.3	75.1	91.8	79.8	14.2	86.3	23.1	47.6	56.0
34.3	58.7	33.1	53.2	6.3	88.0	97.4	64.8	64.4	43.3	91.6	8.8	50.0	50.6	23.0	93.6	98.8	64.0	39.8	74.8
95.4	1.7	40.2	50.5	28.3	39.5	3.0	2.0	17.2	49.4	90.9	24.0	52.0	84.3	88.4	56.8	94.3	32.1	89.8	46.8
47.6	46.6	31.5	5.5	27.8	58.3	64.8	47.2	76.7	85.8	2.2	50.8	50.1	80.3	51.8	5.7	96.1	37.3	23.2	90.6
42.0	18.5	67.0	63.1	1.4	8.0	83.4	25.0	68.4	53.8	35.5	56.7	81.5	56.9	80.4	4.8	67.5	17.0	59.5	26.2
99.3	44.9	66.4	45.2	97.8	78.5	68.2	19.9	50.6	47.0	82.4	72.6	42.1	18.8	64.3	64.5	79.1	45.4	1.4	1.5
26.8	83.2	7.5	52.9	18.8	82.1	41.2	42.3	51.4	13.7	0.5	41.5	32.9	22.3	9.1	31.0	58.2	27.1	57.5	43.2
28.7	3.4	23.2	21.7	67.5	52.7	94.3	79.1	77.7	51.3	49.3	67.3	61.9	85.4	79.2	43.3	14.0	16.2	70.9	18.3
15.4	89.7	16.9	92.6	26.8	31.0	26.0	47.9	62.5	46.8	58.0	68.7	94.4	48.8	94.0	30.4	38.8	52.5	95.2	63.8
95.5	92.2	56.3	83.9	67.2	49.7	52.4	31.6	57.9	70.7	4.9	1.3	87.8	12.1	39.5	71.7	66.4	90.4	42.8	59.2
97.5	92.4	4.0	41.2	52.3	87.0	59.7	26.3	26.2	62.5	8.7	7.9	31.9	94.9	58.5	49.9	77.3	44.1	88.1	82.3
59.3	2.0	47.7	24.0	18.1	44.1	4.8	74.5	85.7	95.0	2.4	86.8	25.7	64.3	95.0	50.6	60.4	39.3	35.3	31.8
40.8	45.2	10.6	5.2	17.0	17.3	60.2	28.9	37.0	29.1	38.2	86.8	23.4	0.9	42.9	14.4	2.2	44.0	38.1	24.9
10.9	18.2	17.7	66.7	70.9	71.9	31.8	45.7	84.5	24.7	41.6	16.4	25.8	54.4	51.7	89.5	81.3	92.6	56.3	65.8
80.5	99.5	57.7	78.6	54.6	7.5	86.4	23.9	96.3	61.0	59.3	60.2	56.2	83.2	33.7	69.8	7.0	26.4	85.2	82.4
84.8	17.8	84.3	89.0	0.1	24.5	38.0	49.0	25.3	80.3	67.1	62.4	42.7	22.6	49.7	37.6	67.0	73.5	64.8	39.0
38.8	31.6	25.7	38.2	84.0	22.6	18.0	10.3	63.1	32.9	19.0	68.6	95.3	89.3	57.8	91.2	63.6	96.0	56.6	59.6
23.8	6.3	66.0	32.6	86.7	94.4	97.1	94.6	36.4	11.3	62.5	19.5	30.4	7.2	97.5	73.5	89.8	49.8	97.2	43.8
16.0	63.2	88.4	37.9	68.7	44.8	71.5	48.0	14.6	3.7	54.5	97.7	44.6	52.7	64.7	65.4	86.7	3.9	56.4	38.0
17.4	22.4	86.1	52.0	86.7	70.6	26.0	70.9	37.3	16.0	55.5	91.9	79.0	95.7	18.6	9.2	47.3	13.6	16.9	3.0
97.5	2.5	62.7	21.0	47.1	89.9	8.8	51.8	6.2	0.1	0.9	68.0	25.7	28.0	27.8	76.7	81.7	95.6	94.9	41.3
42.9	52.2	86.9	39.3	87.8	12.7	71.3	48.3	15.8	70.4	31.3	13.8	26.2	45.5	6.6	6.4	68.9	5.7	29.1	4.1
43.2	16.7	61.8	91.1	83.0	89.4	55.6	9.4	52.0	22.2	98.6	53.7	53.0	85.0	99.1	8.6	69.5	36.4	37.8	44.0
95.4	47.8	72.7	81.1	26.9	86.7	21.4	19.2	14.7	80.7	11.9	41.1	36.4	29.4	54.0	21.0	61.1	94.5	5.5	41.4
21.4	28.3	74.9	84.1	27.7	5.9	7.0	86.2	53.0	25.6	82.8	36.5	95.7	13.7	60.2	25.8	68.2	21.5	52.6	30.0
36.9	90.7	62.2	28.4	85.1	28.8	97.5	3.7	12.4	74.1	31.7	64.4	65.1	6.1	33.7	66.3	25.6	55.0	3.7	58.6
68.6	83.0	41.5	20.3	89.4	11.6	15.4	1.0	41.1	97.5	49.9	66.0	77.5	19.1	31.5	94.5	18.0	54.1	82.3	9.9
46.1	82.3	37.2	79.9	13.8	39.4	19.8	12.6	96.4	0.7	76.4	31.1	92.1	9.3	96.4	58.1	1.0	34.8	33.4	50.6
17.6	34.5	53.7	32.9	92.7	20.3	77.0	53.6	19.2	86.2	31.9	85.5	27.5	12.0	19.7	15.2	93.2	58.1	23.1	54.5
53.8	42.2	17.9	82.6	0.2	55.0	50.9	76.8	69.3	44.5	21.0	48.5	4.3	95.2	77.3	63.6	17.2	14.6	10.1	91.3
54.1	98.7	79.8	25.5	82.1	79.1	34.9	93.6	61.3	40.3	18.7	87.7	17.9	28.8	22.5	11.2	37.2	21.5	7.7	95.7
30.5	29.5	11.9	42.7	99.9	51.1	95.5	75.4	87.1	52.0	69.4	61.3	49.5	93.5	92.6	52.3	74.9	87.6	48.9	76.3
0.3	27.6	77.7	30.7	46.1	95.6	86.1	78.5	18.2	84.4	26.4	37.3	60.2	54.4	23.0	26.2	25.7	45.3	7.9	9.3
91.2	43.6	89.1	38.1	80.9	28.3	56.8	10.0	29.3	64.6	5.0	11.4	56.9	76.6	55.7	43.2	74.4	98.7	68.9	81.7
55.9	19.9	89.7	90.0	49.9	17.7	92.6	84.3	61.9	66.3	26.2	10.4	80.1	57.4	96.9	92.6	92.8	12.3	71.7	86.3
81.8	39.1	89.2	76.3	3.2	98.0	94.4	34.1	27.2	19.4	41.0	43.4	3.2	19.9	2.7	30.9	18.4	11.3	43.3	85.2
82.6	18.2	58.9	81.0	41.9	58.0	57.9	93.9	26.0	42.6	90.9	38.0	33.3	1.7	7.8	86.4	4.6	11.6	72.5	69.5
68.7	83.6	8.3	49.7	88.2	81.4	92.5	54.1	61.1	82.6	85.5	26.9	14.8	90.8	85.6	60.6	17.2	42.2	18.7	27.6
17.2	35.1	2.5	81.7	61.5	62.7	67.0	63.6	58.2	45.0	83.5	55.7	26.2	55.8	40.4	35.8	42.7	78.5	75.9	63.2
35.7	4.2	21.7	35.5	75.5	45.0	8.9	74.5	67.1	46.4	1.6	71.9	23.3	35.2	25.5	58.5	16.3	49.5	32.7	27.5
84.8	40.4	85.7	36.2	69.7	50.1	17.4	33.1	45.6	46.6	34.4	17.4	18.3	50.9	73.0	48.6	28.5	70.5	74.7	36.9
59.8	91.5	54.7	47.9	22.0	94.8	62.6	94.7	15.4	87.9	5.3	22.4	18.0	95.1	6.2	13.1	39.2	36.7	85.2	10.2
47.2	7.6	26.1	1.1	41.9	80.6	25.8	72.7	20.4	1.0	50.7	20.9	69.7	93.0	44.9	36.4	88.1	45.7	96.6	11.5
48.6	69.6	45.3	46.7	38.2	60.7	10.7	34.2	95.3	75.9	86.3	4.8	52.4	55.5	83.9	97.5	96.3	44.5	58.8	17.1
29.4	60.2	91.2	31.3	39.4	68.6	89.6	88.1	17.7	65.2	81.0	99.7	22.9	79.9	20.7	54.9	50.5	84.4	67.0	9.1
25.1	66.8	59.2	79.9	42.7	41.8	4.1	55.4	52.7	90.4	90.7	41.3	13.6	2.9	59.9	14.7	95.3	2.6	94.9	75.1
91.6	52.0	51.0	85.7	9.8	90.2	25.7	22.3	48.9	30.6	84.9	66.0	87.8	87.7	0.9	26.3	78.8	21.3	26.6	8.4
1	2	3	4	5	6	7	8	9	10	11	12	13	14	15	16	17	18	19	20
1	2	3	4	5	6	7	8	9	10	11	12	13	14	15	16	17	18	19	20
1	2	3	4	5	6	7	8	9	10	11	12	13	14	15	16	17	18	19	20
1	2	3	4	5	6	7	8	9	10	11	12	13	14	15	16	17	18	19	20
1	2	3	4	5	6	7	8	9	10	11	12	13	14	15	16	17	18	19	20
1	2	3	4	5	6	7	8	9	10	11	12	13	14	15	16	17	18	19	20
1	2	3	4	5	6	7	8	9	10	11	12	13	14	15	16	17	18	19	20
1	2	3	4	5	6	7	8	9	10	11	12	13	14	15	16	17	18	19	20
1	2	3	4	5	6	7	8	9	10	11	12	13	14	15	16	17	18	19	20
1	2	3	4	5	6	7	8	9	10	11	12	13	14	15	16	17	18	19	20
1	2	3	4	5	6	7	8	9	10	11	12	13	14	15	16	17	18	19	20
1	2	3	4	5	6	7	8	9	10	11	12	13	14	15	16	17	18	19	20
1	2	3	4	5	6	7	8	9	10	11	12	13	14	15	16	17	18	19	20
1	2	3	4	5	6	7	8	9	10	11	12	13	14	15	16	17	18	19	20
1	2	3	4	5	6	7	8	9	10	11	12	13	14	15	16	17	18	19	20
1	2	3	4	5	6	7	8	9	10	11	12	13	14	15	16	17	18	19	20
1	2	3	4	5	6	7	8	9	10	11	12	13	14	15	16	17	18	19	20
1	2	3	4	5	6	7	8	9	10	11	12	13	14	15	16	17	18	19	20
1	2	3	4	5	6	7	8	9	10	11	12	13	14	15	16	17	18	19	20
1	2	3	4	5	6	7	8	9	10	11	12	13	14	15	16	17	18	19	20
1	2	3	4	5	6	7	8	9	10	11	12	13	14	15	16	17	18	19	20
1	2	3	4	5	6	7	8	9	10	11	12	13	14	15	16	17	18	19	20
1	2	3	4	5	6	7	8	9	10	11	12	13	14	15	16	17	18	19	20
1	2	3	4	5	6	7	8	9	10	11	12	13	14	15	16	17	18	19	20
1	2	3	4	5	6	7	8	9	10	11	12	13	14	15	16	17	18	19	20
1	2	3	4	5	6	7	8	9	10	11	12	13	14	15	16	17	18	19	20
1	2	3	4	5	6	7	8	9	10	11	12	13	14	15	16	17	18	19	20
1	2	3	4	5	6	7	8	9	10	11	12	13	14	15	16	17	18	19	20
1	2	3	4	5	6	7	8	9	10	11	12	13	14	15	16	17	18	19	20
1	2	3	4	5	6	7	8	9	10	11	12	13	14	15	16	17	18	19	20
1	2	3	4	5	6	7	8	9	10	11	12	13	14	15	16	17	18	19	20
1	2	3	4	5	6	7	8	9	10	11	12	13	14	15	16	17	18	19	20
1	2	3	4	5	6	7	8	9	10	11	12	13	14	15	16	17	18	19	20
1	2	3	4	5	6	7	8	9	10	11	12	13	14	15	16	17	18	19	20
1	2	3	4	5	6	7	8	9	10	11	12	13	14	15	16	17	18	19	20
1	2	3	4	5	6	7	8	9	10	11	12	13	14	15	16	17	18	19	20
1	2	3	4	5	6	7	8	9	10	11	12	13	14	15	16	17	18	19	20
1	2	3	4	5	6	7	8	9	10	11	12	13	14	15	16	17	18	19	20
1	2	3	4	5	6	7	8	9	10	11	12	13	14	15	16	17	18	19	20
1	2	3	4	5	6	7	8	9	10	11	12	13	14	15	16	17	18	19	20
1	2	3	4	5	6	7	8	9	10	11	12	13	14	15	16	17	18	19	20
1	2	3	4	5	6	7	8	9	10	11	12	13	14	15	16	17	18	19	20
1	2	3	4	5	6	7	8	9	10	11	12	13	14	15	16	17	18	19	20
1	2	3	4	5	6	7	8	9	10	11	12	13	14	15	16	17	18	19	20
1	2	3	4	5	6	7	8	9	10	11	12	13	14	15	16	17	18	19	20
1	2	3	4	5	6	7	8	9	10	11	12	13	14	15	16	17	18	19	20
1	2	3	4	5	6	7	8	9	10	11	12	13	14	15	16	17	18	19	20
1	2	3	4	5	6	7	8	9	10	11	12	13	14	15	16	17	18	19	20
1	2	3	4	5	6	7	8	9	10	11	12	13	14	15	16	17	18	19	20
1	2	3	4	5	6	7	8	9	10	11	12	13	14	15	16	17	18	19	20
1	2	3	4	5	6	7	8	9	10	11	12	13	14	15	16	17	18	19	20
1	2	3	4	5	6	7	8	9	10	11	12	13	14	15	16	17	18	19	20
1	2	3	4	5	6	7	8	9	10	11	12	13	14	15	16	17	18	19	20
1	2	3	4	5	6	7	8	9	10	11	12	13	14	15	16	17	18	19	20
1	2	3	4	5	6	7	8	9	10	11	12	13	14	15	16	17	18	19	20
1	2	3	4	5	6	7	8	9	10	11	12	13	14	15	16	17	18	19	20
1	2	3	4	5	6	7	8	9	10	11	12	13	14	15	16	17	18	19	20
1	2	3	4	5	6	7	8	9	10	11	12	13	14	15	16	17	18	19	20
1	2	3	4	5	6	7	8	9	10	11	12	13	14	15	16	17	18	19	20
1	2	3	4	5	6	7	8	9	10	11	12	13	14	15	16	17	18	19	20
1	2	3	4	5	6	7	8	9	10	11	12	13	14	15	16	17	18	19	20
1	2	3	4	5	6	7	8	9	10	11	12	13	14	15	16	17	18	19	20
1	2	3	4	5	6	7	8	9	10	11	12	13	14	15	16	17	18	19	20
1	2	3	4	5	6	7	8	9	10	11	12	13	14	15	16	17	18	19	20
1	2	3	4	5	6	7	8	9	10	11	12	13	14	15	16	17	18	19	20
1	2	3	4	5	6	7	8	9	10	11	12	13	14	15	16	17	18	19	20
1	2	3	4	5	6	7	8	9	10	11	12	13	14	15	16	17	18	19	20
1	2	3	4	5	6	7	8	9	10	11	12	13	14	15	16	17	18	19	20
1	2	3	4	5	6	7	8	9	10	11	12	13	14	15	16	17	18	19	20
1	2	3	4	5	6	7	8	9	10	11	12	13	14	15	16	17	18	19	20
1	2	3	4	5	6	7	8	9	10	11	12	13	14	15	16	17	18	19	20
1	2	3	4	5	6	7	8	9	10	11	12	13	14	15	16	17	18	19	20
1	2	3	4	5	6	7	8	9	10	11	12	13	14	15	16	17	18	19	20
1	2	3	4	5	6	7	8	9	10	11	12	13	14	15	16	17	18	19	20
1	2	3	4	5	6	7	8	9	10	11	12	13	14	15	16	17	18	19	20
1	2	3	4	5	6	7	8	9	10	11	12	13	14	15	16	17	18	19	20
1	2	3	4	5	6	7	8	9	10	11	12	13	14	15	16	17	18	19	20
1	2	3	4	5	6	7	8	9	10	11	12	13	14	15	16	17	18	19	20
1	2	3	4	5	6	7	8	9	10	11	12	13	14	15	16	17	18	19	20
1	2	3	4	5	6	7	8	9	10	11	12	13	14	15	16	17	18	19	20
1	2	3	4	5	6	7	8	9	10	11	12	13	14	15	16	17	18	19	20
1	2	3	4	5	6	7	8	9	10	11	12	13	14	15	16	17	18	19	20
1	2	3	4	5	6	7	8	9	10	11	12	13	14	15	16	17	18	19	20
1	2	3	4	5	6	7	8	9	10	11	12	13	14	15	16	17	18	19	20
1	2	3	4	5	6	7	8	9	10	11	12	13	14	15	16	17	18	19	20
1	2	3	4	5	6	7	8	9	10	11	12	13	14	15	16	17	18	19	20
1	2	3	4	5	6	7	8	9	10	11	12	13	14	15	16	17	18	19	20
1	2	3	4	5	6	7	8	9	10	11	12	13	14	15	16	17	18	19	20
1	2	3	4	5	6	7	8	9	10	11	12	13	14	15	16	17	18	19	20
1	2	3	4	5	6	7	8	9	10	11	12	13	14	15	16	17	18	19	20
1	2	3	4	5	6	7	8	9	10	11	12	13	14	15	16	17	18	19	20
1	2	3	4	5	6	7	8	9	10	11	12	13	14	15	16	17	18	19	20
1	2	3	4	5	6	7	8	9	10	11	12	13	14	15	16	17	18	19	20
1	2	3	4	5	6	7	8	9	10	11	12	13	14	15	16	17	18	19	20
1	2	3	4	5	6	7	8	9	10	11	12	13	14	15	16	17	18	19	20
1	2	3	4	5	6	7	8	9	10	11	12	13	14	15	16	17	18	19	20
1	2	3	4	5	6	7	8	9	10	11	12	13	14	15	16	17	18	19	20
1	2	3	4	5	6	7	8	9	10	11	12	13	14	15	16	17	18	19	20
1	2	3	4	5	6	7	8	9	10	11	12	13	14	15	16	17	18	19	20
1	2	3	4	5	6	7	8	9	10	11	12	13	14	15	16	17	18	19	20
