100	20
85.3	53.7	51.1	14.0	81.2	38.7	18.2	73.3	11.5	29.7	5.6	46.5	88.1	86.4	15.4	48.5	25.2	2.6	67.0	41.3
15.2	66.1	64.5	58.1	12.8	48.4	22.1	40.8	11.9	66.9	32.0	22.8	92.2	83.2	70.2	0.5	86.1	52.6	78.1	74.2
42.1	41.8	7.6	8.8	42.1	13.5	94.2	83.1	65.6	53.2	20.6	22.7	27.1	35.6	32.9	19.3	57.1	73.7	37.9	56.2
10.9	29.5	32.0	97.7	66.7	7.5	21.8	53.9	17.8	41.5	26.9	80.3	55.5	81.1	8.9	26.7	5.2	74.7	5.3	37.6
80.3	27.7	99.1	55.6	81.2	90.2	29.6	62.8	70.8	99.1	74.4	84.8	93.2	69.1	2.7	63.6	83.4	84.6	9.3	33.5
86.4	25.7	6.7	6.3	67.6	49.3	0.9	51.4	67.0	80.0	66.8	9.0	7.7	49.8	61.8	6.7	30.8	70.4	7.8	97.1
52.9	45.9	55.7	1.3	71.4	46.8	49.4	82.9	48.2	43.4	80.1	92.7	72.7	67.2	28.4	16.6	95.5	5.2	76.4	21.6
69.9	67.6	28.6	8.4	70.3	11.3	17.0	36.4	36.5	88.5	19.2	88.5	2.7	96.6	54.2	74.5	79.3	59.9	77.8	61.4
54.9	69.2	28.7	75.2	38.8	44.1	65.9	35.7	19.0	10.2	59.6	11.6	75.2	95.7	66.0	80.1	7.6	75.0	72.8	23.7
63.6	68.0	78.4	52.4	11.1	82.3	35.2	42.4	54.7	74.6	43.9	36.4	19.0	42.4	21.1	16.3	50.4	40.6	95.3	95.0
41.5	86.4	2.1	80.7	9.6	86.7	59.5	18.6	92.3	12.6	81.9	3.0	81.3	59.7	80.0	38.0	94.6	80.9	72.1	8.1
9.5	71.4	87.1	80.7	9.3	70.0	80.0	75.4	81.5	76.4	86.9	49.6	31.9	53.6	19.4	46.1	93.5	74.4	84.7	25.5
38.4	70.4	5.2	81.9	91.8	76.4	35.5	59.2	39.3	63.7	44.6	58.7	16.8	17.3	27.6	0.6	39.9	41.5	11.9	63.3
32.3	49.5	66.5	93.9	68.2	99.0	83.9	37.5	86.5	24.2	83.1	24.2	52.8	55.5	72.5	9.9	86.7	77.0	73.4	50.5
90.2	22.1	18.8	46.9	56.4	45.7	47.2	76.2	13.7	31.3	28.3	37.6	15.0	58.6	35.5	67.8	16.2	87.8	55.9	91.2
69.5	72.9	61.9	54.2	61.5	98.2	60.9	26.3	0.9	84.0	29.0	79.5	81.9	19.8	43.0	94.7	75.5	32.9	33.5	1.9
13.5	64.0	57.8	47.9	2.4	40.1	53.7	86.4	64.6	5.6	1.4	15.5	2.7	32.8	4.8	1.9	6.9	80.6	58.7	93.5
19.9	3.0	63.1	15.3	92.6	69.6	83.0	58.2	13.2	76.1	48.8	25.5	70.3	17.7	49.1	10.0	69.1	1.1	58.0	50.9
54.8	63.9	86.3	87.1	80.3	27.2	31.0	30.1	63.4	29.2	57.6	66.8	19.1	88.8	39.4	82.8	29.1	29.5	37.1	98.1
53.4	59.4	16.0	44.4	66.7	66.5	21.5	83.7	13.4	92.8	61.5	65.8	24.6	48.1	62.8	77.4	4.8	14.6	74.5	23.5
81.3	20.2	31.8	67.6	63.4	11.0	81.2	24.3	89.1	47.4	95.5	9.8	22.3	0.2	19.4	69.8	67.0	12.5	7.6	37.4
71.9	59.4	52.4	68.9	22.9	53.2	93.9	26.6	56.1	97.6	63.9	55.9	24.6	92.7	62.6	58.5	70.1	2.7	91.2	21.3
7.1	32.8	2.7	5.6	71.4	66.2	15.7	39.6	53.7	54.3	45.6	52.4	30.3	95.4	9.7	73.3	57.7	41.6	78.2	56.4
37.2	82.9	59.5	40.1	31.7	84.7	95.1	29.3	42.5	58.1	27.3	31.1	13.0	91.7	11.6	17.1	39.0	92.0	45.3	15.9
77.7	57.0	84.5	80.1	56.2	68.7	71.9	64.4	8.5	56.4	43.5	54.9	92.8	2.3	65.6	70.3	96.6	66.3	66.4	71.0
71.3	57.0	28.0	57.1	19.7	16.3	63.6	41.2	79.4	61.7	19.9	97.8	14.0	33.9	9.8	64.3	5.5	42.7	50.2	82.7
83.3	8.9	45.9	68.5	72.7	69.4	57.3	82.0	13.9	35.4	46.2	34.5	52.1	93.7	64.3	40.6	2.7	45.1	13.7	96.2
5.4	90.2	19.0	45.1	57.9	47.8	37.8	63.7	74.9	79.5	8.4	93.2	44.5	96.9	78.8	75.5	45.7	23.8	94.0	42.4
13.3	11.5	85.1	78.0	79.5	30.7	11.8	0.6	52.9	21.5	5.2	81.7	76.1	1.2	14.1	6.5	50.6	74.4	69.3	87.6
10.0	71.0	18.4	56.2	28.7	66.3	19.7	67.4	99.7	25.5	30.5	38.2	87.3	70.0	65.2	6.9	31.9	92.5	69.8	78.9
63.5	37.2	65.1	70.7	36.1	52.8	28.3	71.7	69.6	65.5	10.6	60.2	33.2	99.3	93.8	10.3	7.7	38.1	81.6	58.5
52.4	6.4	56.1	31.9	5.5	72.8	38.9	3.1	37.1	50.9	65.8	40.8	15.9	59.6	12.1	55.3	36.1	38.5	88.6	66.3
26.9	36.6	94.6	40.7	4.0	66.3	5.6	75.3	37.1	34.5	39.2	89.8	86.0	50.4	40.4	30.1	33.7	3.2	71.9	21.2
86.6	69.5	8.4	47.5	77.5	32.2	38.2	42.7	17.6	56.7	40.0	84.5	67.3	3.7	62.6	72.1	84.4	84.7	9.7	29.0
50.8	49.9	79.6	6.2	91.8	86.1	54.3	65.3	40.7	8.5	54.4	70.5	20.5	89.4	77.0	63.6	90.9	45.3	65.6	23.6
36.6	77.5	51.7	49.5	15.8	46.3	33.1	55.7	70.7	79.7	36.5	69.2	78.8	12.3	72.3	31.3	88.4	9.2	59.9	13.8
16.2	74.5	87.7	68.1	74.3	9.2	32.9	30.1	32.8	13.0	78.8	12.8	2.7	10.1	60.0	44.7	94.7	6.4	17.3	62.8
41.5	88.2	74.0	43.8	10.3	77.8	57.7	8.1	5.7	58.6	17.1	29.1	15.4	58.0	3.0	92.4	1.6	94.7	79.3	76.0
94.6	27.2	65.9	24.1	21.4	41.2	12.8	48.5	95.6	99.6	91.4	54.5	99.1	75.4	55.4	73.1	34.6	54.8	47.2	86.0
83.4	69.9	34.1	60.6	41.8	95.9	16.8	64.7	25.0	13.3	27.3	60.7	68.0	72.9	28.9	95.5	56.3	43.7	11.7	89.2
17.9	21.9	28.3	92.2	23.0	66.4	21.4	0.6	37.5	38.4	68.9	94.3	86.4	35.8	34.6	97.3	26.0	88.2	78.0	98.5
84.1	66.0	20.1	24.2	53.7	4.0	61.4	15.6	12.7	2.7	5.2	82.7	32.4	42.4	55.7	3.7	17.8	0.3	2.4	87.2
47.1	13.5	46.1	27.1	72.9	4.0	94.1	53.6	43.5	5.8	71.8	66.9	91.7	79.2	52.9	29.6	50.1	31.7	37.4	4.8
74.8	27.4	43.6	66.6	63.9	31.0	88.6	47.5	92.7	47.9	16.1	20.2	19.1	87.3	11.3	32.3	10.4	89.0	38.9	57.3
67.6	25.0	45.1	24.1	0.5	38.8	63.6	46.1	11.7	80.3	9.2	53.3	38.6	2.2	17.4	90.3	32.8	82.7	64.0	97.1
87.7	30.9	20.9	5.7	18.1	31.5	17.0	87.7	36.1	60.5	16.2	75.7	88.9	88.7	57.6	77.9	15.8	44.7	78.6	47.3
52.5	16.2	89.3	89.2	37.2	11.6	73.6	66.8	46.3	80.0	54.3	86.2	95.2	40.2	38.7	72.4	86.5	45.8	76.3	82.0
77.0	3.8	95.1	55.2	86.3	26.7	97.2	90.0	43.6	93.4	51.4	93.3	72.5	34.2	72.3	56.7	29.9	43.6	34.5	59.7
40.3	79.2	82.8	88.0	90.2	22.6	92.3	3.1	50.2	58.7	85.4	2.3	72.7	52.2	16.3	81.9	12.8	95.7	21.0	68.8
31.9	51.7	46.2	20.8	28.6	71.3	64.0	31.5	96.7	9.1	22.8	66.0	4.3	71.7	19.0	8.6	23.5	56.0	40.2	51.7
87.8	48.2	84.1	76.1	39.7	59.0	36.3	15.4	68.4	69.8	27.1	63.2	43.7	17.0	93.7	97.5	49.6	6.2	2.3	97.1
47.8	85.3	55.5	58.8	87.7	69.3	7.7	92.0	41.0	32.7	16.8	49.2	92.6	64.6	39.1	82.4	77.2	13.1	74.5	78.2
92.4	39.7	83.6	5.7	67.9	4.2	79.5	16.2	73.8	54.8	63.2	49.4	65.2	45.2	1.7	99.5	40.7	63.1	45.6	34.5
27.3	81.0	79.5	52.9	24.6	79.6	31.3	20.6	29.1	25.9	22.5	92.8	95.1	86.6	79.1	32.2	80.4	37.0	29.5	76.3
32.7	32.0	31.7	16.0	64.6	94.0	65.0	72.6	58.0	71.9	64.6	84.6	36.3	25.3	85.9	15.7	50.5	94.0	57.6	1.9
14.2	6.0	51.0	41.4	22.1	1.1	53.9	26.1	74.2	71.1	94.7	75.7	56.5	70.4	13.1	68.0	84.1	45.3	83.6	2.8
25.9	71.4	51.4	22.4	87.4	91.0	93.9	77.3	82.9	56.7	60.5	56.1	88.5	21.2	32.8	77.9	17.0	15.5	89.3	8.2
33.7	27.0	59.2	14.9	93.9	96.6	79.8	87.2	14.0	40.4	39.4	58.6	76.7	33.6	41.2	6.2	1.6	24.1	63.7	68.8
16.7	29.9	69.9	71.3	20.3	93.0	39.0	25.6	33.9	76.0	60.9	65.7	57.0	85.0	70.1	58.7	80.5	6.7	42.0	48.1
85.6	23.0	77.5	61.7	61.4	40.1	43.2	12.0	93.7	49.7	73.4	4.5	61.8	73.0	13.0	4.0	33.6	9.0	15.9	23.3
34.2	8.4	74.7	73.1	14.8	15.7	88.2	12.1	33.8	83.2	82.2	31.4	3.0	97.0	13.4	37.6	68.0	63.8	77.0	39.0
38.9	99.9	97.2	57.7	83.1	59.5	64.6	68.1	21.3	80.9	29.4	72.9	45.5	1.2	91.1	58.4	66.2	84.9	71.6	68.5
6.4	82.8	94.9	27.2	49.1	78.1	43.9	21.1	78.8	37.1	41.1	85.6	73.6	35.5	42.6	25.1	37.8	39.1	22.4	56.7
14.3	5.5	41.3	23.7	69.3	90.9	86.3	81.4	81.6	87.8	42.4	44.4	5.7	6.6	96.9	70.0	98.2	79.7	56.6	76.9
41.0	46.8	3.8	75.9	54.2	70.2	87.2	89.8	36.0	15.2	20.8	28.2	64.5	84.7	62.9	4.7	49.7	58.1	56.2	48.3
30.7	20.2	37.2	43.2	7.4	28.8	70.1	60.4	48.8	19.8	55.9	82.5	91.2	86.4	95.1	96.4	52.7	89.2	14.9	97.5
17.6	43.4	84.9	17.0	49.5	71.9	24.4	55.6	11.2	88.3	28.8	15.6	4.9	78.2	6.0	81.0	0.9	71.1	4.5	18.8
53.0	6.3	46.1	39.1	4.5	89.9	99.2	18.7	76.0	46.1	12.9	73.8	74.3	40.1	26.6	88.9	68.2	85.1	18.9	66.4
10.4	65.8	66.3	1.7	53.7	1.6	35.2	32.9	81.6	97.0	14.0	69.4	51.1	96.2	91.8	78.9	58.3	78.0	49.3	43.2
76.5	62.1	62.9	15.8	52.7	57.1	36.9	70.2	85.7	25.6	49.7	32.0	46.1	66.0	37.3	97.8	23.5	3.3	82.1	66.3
16.0	94.6	27.0	64.2	90.4	46.9	42.8	34.4	50.7	38.6	59.9	62.1	8.3	60.5	23.7	85.4	74.9	62.8	99.9	8.4
83.4	32.9	42.9	43.5	44.6	10.3	98.4	10.1	12.4	71.6	29.3	18.9	11.0	3.1	71.4	93.3	3.2	41.7	52.9	44.8
46.0	36.6	52.6	30.0	92.1	91.2	69.5	47.5	23.9	75.1	40.6	11.5	62.8	44.6	60.8	69.4	73.0	0.7	74.7	30.6
8.8	88.6	15.3	63.5	5.4	89.2	84.9	60.4	43.7	74.4	27.2	81.4	22.1	26.9	45.3	52.3	63.4	1.0	18.7	90.6
15.3	8.1	26.2	92.8	2.7	21.0	43.7	81.9	71.9	85.9	8.1	26.5	88.5	75.1	12.8	14.4	50.2	5.3	52.7	83.8
72.9	60.4	82.9	21.1	1.0	18.6	29.6	89.2	96.6	1.0	15.3	5.7	14.8	99.0	79.1	85.4	6.7	62.4	8.3	76.3
90.7	50.7	67.3	88.6	37.9	4.8	67.1	3.9	65.5	94.9	32.3	30.3	94.0	94.1	29.3	87.2	49.6	89.5	74.9	85.4
6.0	43.7	60.0	34.6	17.5	98.3	96.4	71.4	93.9	73.6	39.8	5.9	56.6	98.4	76.5	86.9	17.9	1.8	13.2	50.6
96.4	90.7	13.9	44.6	64.3	65.2	8.6	75.3	11.2	75.7	75.8	16.2	8.0	62.7	43.9	25.8	55.7	35.8	35.2	84.8
65.0	89.7	23.1	69.2	79.1	69.8	32.5	50.8	76.5	59.6	62.3	62.4	65.0	73.7	67.3	89.2	1.9	86.6	3.9	18.7
9.3	30.1	97.4	69.1	93.3	84.2	45.0	56.2	56.5	15.5	47.7	2.2	40.2	94.4	45.2	58.6	36.2	16.4	91.9	28.9
13.2	0.5	19.9	11.9	50.3	39.3	44.8	37.9	90.0	60.8	42.1	14.0	88.6	83.6	55.8	87.8	43.2	94.0	56.2	64.5
36.4	12.4	47.2	5.0	30.5	81.2	13.9	20.2	50.5	50.9	27.0	18.7	15.7	20.9	82.9	8.3	28.9	18.6	39.1	71.3
59.4	46.6	94.0	52.9	59.1	4.4	91.9	3.5	61.8	70.8	38.4	53.9	80.7	1.6	21.7	25.6	42.8	74.4	23.3	97.3
39.9	32.4	65.8	90.7	13.4	67.4	66.3	78.1	68.6	70.1	99.9	73.0	0.4	16.5	49.2	80.1	1.8	35.9	60.6	47.3
38.9	19.4	5.5	89.8	51.8	51.4	64.2	31.5	58.3	25.1	73.9	34.1	23.2	97.7	17.6	46.3	27.5	38.1	63.1	86.8
91.4	55.3	64.0	15.3	66.9	76.0	90.9	3.6	89.3	56.3	86.5	67.6	74.3	30.2	61.2	79.5	93.2	59.0	69.8	55.9
38.6	7.5	61.9	47.9	30.0	42.9	55.5	14.0	5.8	73.9	58.5	35.2	48.2	47.7	37.7	95.4	76.9	14.0	53.3	55.1
61.8	52.6	83.8	64.1	98.6	20.7	64.7	11.9	84.9	21.8	76.0	90.5	98.6	40.5	46.8	90.4	5.9	39.6	10.2	49.3
50.2	52.8	94.9	1.4	6.2	61.5	22.3	65.5	7.1	6.1	90.9	43.4	83.3	57.5	55.3	61.4	62.3	90.8	93.2	72.1
67.8	23.0	31.7	42.3	38.0	44.4	3.6	33.8	85.6	71.8	76.3	69.7	13.6	19.3	80.6	90.7	58.4	70.8	45.3	77.9
31.6	51.7	42.6	17.4	96.1	50.1	28.7	22.3	3.3	62.7	51.4	62.7	17.6	45.1	7.4	10.5	39.7	17.5	62.0	21.5
64.2	5.9	4.1	31.9	14.8	26.4	50.8	26.4	22.6	39.1	92.6	57.4	31.0	65.6	46.7	52.8	84.7	69.6	91.9	70.0
19.4	16.9	68.6	89.8	19.0	51.3	81.0	2.8	12.4	67.9	67.8	2.1	62.4	45.0	13.8	4.1	96.6	60.6	30.3	26.3
96.4	5.3	17.4	64.3	36.1	96.1	47.1	65.2	37.7	91.4	97.2	18.1	83.8	88.2	21.3	70.3	58.1	95.8	29.9	82.7
5.7	48.2	25.2	84.3	27.0	7.1	24.5	58.4	50.1	19.6	34.8	92.7	22.1	10.3	56.7	17.2	35.9	31.4	67.0	52.8
66.6	37.3	32.9	7.8	24.0	50.4	39.6	14.0	17.5	27.7	37.6	54.5	14.8	85.7	61.0	62.9	47.6	88.8	49.1	61.1
66.2	78.5	94.8	64.1	45.1	76.2	40.0	83.7	63.2	85.9	19.0	34.5	77.7	78.6	81.6	93.5	52.5	21.1	63.9	17.7
25.9	87.3	90.2	20.9	0.4	14.2	98.5	13.6	37.7	78.6	96.3	14.6	83.9	35.4	96.8	21.5	94.5	47.4	24.1	27.3
62.2	25.0	76.8	47.5	48.9	54.1	84.2	66.8	97.5	1.5	5.1	37.6	80.1	53.6	3.5	12.6	90.3	52.1	40.1	36.3
1	2	3	4	5	6	7	8	9	10	11	12	13	14	15	16	17	18	19	20
1	2	3	4	5	6	7	8	9	10	11	12	13	14	15	16	17	18	19	20
1	2	3	4	5	6	7	8	9	10	11	12	13	14	15	16	17	18	19	20
1	2	3	4	5	6	7	8	9	10	11	12	13	14	15	16	17	18	19	20
1	2	3	4	5	6	7	8	9	10	11	12	13	14	15	16	17	18	19	20
1	2	3	4	5	6	7	8	9	10	11	12	13	14	15	16	17	18	19	20
1	2	3	4	5	6	7	8	9	10	11	12	13	14	15	16	17	18	19	20
1	2	3	4	5	6	7	8	9	10	11	12	13	14	15	16	17	18	19	20
1	2	3	4	5	6	7	8	9	10	11	12	13	14	15	16	17	18	19	20
1	2	3	4	5	6	7	8	9	10	11	12	13	14	15	16	17	18	19	20
1	2	3	4	5	6	7	8	9	10	11	12	13	14	15	16	17	18	19	20
1	2	3	4	5	6	7	8	9	10	11	12	13	14	15	16	17	18	19	20
1	2	3	4	5	6	7	8	9	10	11	12	13	14	15	16	17	18	19	20
1	2	3	4	5	6	7	8	9	10	11	12	13	14	15	16	17	18	19	20
1	2	3	4	5	6	7	8	9	10	11	12	13	14	15	16	17	18	19	20
1	2	3	4	5	6	7	8	9	10	11	12	13	14	15	16	17	18	19	20
1	2	3	4	5	6	7	8	9	10	11	12	13	14	15	16	17	18	19	20
1	2	3	4	5	6	7	8	9	10	11	12	13	14	15	16	17	18	19	20
1	2	3	4	5	6	7	8	9	10	11	12	13	14	15	16	17	18	19	20
1	2	3	4	5	6	7	8	9	10	11	12	13	14	15	16	17	18	19	20
1	2	3	4	5	6	7	8	9	10	11	12	13	14	15	16	17	18	19	20
1	2	3	4	5	6	7	8	9	10	11	12	13	14	15	16	17	18	19	20
1	2	3	4	5	6	7	8	9	10	11	12	13	14	15	16	17	18	19	20
1	2	3	4	5	6	7	8	9	10	11	12	13	14	15	16	17	18	19	20
1	2	3	4	5	6	7	8	9	10	11	12	13	14	15	16	17	18	19	20
1	2	3	4	5	6	7	8	9	10	11	12	13	14	15	16	17	18	19	20
1	2	3	4	5	6	7	8	9	10	11	12	13	14	15	16	17	18	19	20
1	2	3	4	5	6	7	8	9	10	11	12	13	14	15	16	17	18	19	20
1	2	3	4	5	6	7	8	9	10	11	12	13	14	15	16	17	18	19	20
1	2	3	4	5	6	7	8	9	10	11	12	13	14	15	16	17	18	19	20
1	2	3	4	5	6	7	8	9	10	11	12	13	14	15	16	17	18	19	20
1	2	3	4	5	6	7	8	9	10	11	12	13	14	15	16	17	18	19	20
1	2	3	4	5	6	7	8	9	10	11	12	13	14	15	16	17	18	19	20
1	2	3	4	5	6	7	8	9	10	11	12	13	14	15	16	17	18	19	20
1	2	3	4	5	6	7	8	9	10	11	12	13	14	15	16	17	18	19	20
1	2	3	4	5	6	7	8	9	10	11	12	13	14	15	16	17	18	19	20
1	2	3	4	5	6	7	8	9	10	11	12	13	14	15	16	17	18	19	20
1	2	3	4	5	6	7	8	9	10	11	12	13	14	15	16	17	18	19	20
1	2	3	4	5	6	7	8	9	10	11	12	13	14	15	16	17	18	19	20
1	2	3	4	5	6	7	8	9	10	11	12	13	14	15	16	17	18	19	20
1	2	3	4	5	6	7	8	9	10	11	12	13	14	15	16	17	18	19	20
1	2	3	4	5	6	7	8	9	10	11	12	13	14	15	16	17	18	19	20
1	2	3	4	5	6	7	8	9	10	11	12	13	14	15	16	17	18	19	20
1	2	3	4	5	6	7	8	9	10	11	12	13	14	15	16	17	18	19	20
1	2	3	4	5	6	7	8	9	10	11	12	13	14	15	16	17	18	19	20
1	2	3	4	5	6	7	8	9	10	11	12	13	14	15	16	17	18	19	20
1	2	3	4	5	6	7	8	9	10	11	12	13	14	15	16	17	18	19	20
1	2	3	4	5	6	7	8	9	10	11	12	13	14	15	16	17	18	19	20
1	2	3	4	5	6	7	8	9	10	11	12	13	14	15	16	17	18	19	20
1	2	3	4	5	6	7	8	9	10	11	12	13	14	15	16	17	18	19	20
1	2	3	4	5	6	7	8	9	10	11	12	13	14	15	16	17	18	19	20
1	2	3	4	5	6	7	8	9	10	11	12	13	14	15	16	17	18	19	20
1	2	3	4	5	6	7	8	9	10	11	12	13	14	15	16	17	18	19	20
1	2	3	4	5	6	7	8	9	10	11	12	13	14	15	16	17	18	19	20
1	2	3	4	5	6	7	8	9	10	11	12	13	14	15	16	17	18	19	20
1	2	3	4	5	6	7	8	9	10	11	12	13	14	15	16	17	18	19	20
1	2	3	4	5	6	7	8	9	10	11	12	13	14	15	16	17	18	19	20
1	2	3	4	5	6	7	8	9	10	11	12	13	14	15	16	17	18	19	20
1	2	3	4	5	6	7	8	9	10	11	12	13	14	15	16	17	18	19	20
1	2	3	4	5	6	7	8	9	10	11	12	13	14	15	16	17	18	19	20
1	2	3	4	5	6	7	8	9	10	11	12	13	14	15	16	17	18	19	20
1	2	3	4	5	6	7	8	9	10	11	12	13	14	15	16	17	18	19	20
1	2	3	4	5	6	7	8	9	10	11	12	13	14	15	16	17	18	19	20
1	2	3	4	5	6	7	8	9	10	11	12	13	14	15	16	17	18	19	20
1	2	3	4	5	6	7	8	9	10	11	12	13	14	15	16	17	18	19	20
1	2	3	4	5	6	7	8	9	10	11	12	13	14	15	16	17	18	19	20
1	2	3	4	5	6	7	8	9	10	11	12	13	14	15	16	17	18	19	20
1	2	3	4	5	6	7	8	9	10	11	12	13	14	15	16	17	18	19	20
1	2	3	4	5	6	7	8	9	10	11	12	13	14	15	16	17	18	19	20
1	2	3	4	5	6	7	8	9	10	11	12	13	14	15	16	17	18	19	20
1	2	3	4	5	6	7	8	9	10	11	12	13	14	15	16	17	18	19	20
1	2	3	4	5	6	7	8	9	10	11	12	13	14	15	16	17	18	19	20
1	2	3	4	5	6	7	8	9	10	11	12	13	14	15	16	17	18	19	20
1	2	3	4	5	6	7	8	9	10	11	12	13	14	15	16	17	18	19	20
1	2	3	4	5	6	7	8	9	10	11	12	13	14	15	16	17	18	19	20
1	2	3	4	5	6	7	8	9	10	11	12	13	14	15	16	17	18	19	20
1	2	3	4	5	6	7	8	9	10	11	12	13	14	15	16	17	18	19	20
1	2	3	4	5	6	7	8	9	10	11	12	13	14	15	16	17	18	19	20
1	2	3	4	5	6	7	8	9	10	11	12	13	14	15	16	17	18	19	20
1	2	3	4	5	6	7	8	9	10	11	12	13	14	15	16	17	18	19	20
1	2	3	4	5	6	7	8	9	10	11	12	13	14	15	16	17	18	19	20
1	2	3	4	5	6	7	8	9	10	11	12	13	14	15	16	17	18	19	20
1	2	3	4	5	6	7	8	9	10	11	12	13	14	15	16	17	18	19	20
1	2	3	4	5	6	7	8	9	10	11	12	13	14	15	16	17	18	19	20
1	2	3	4	5	6	7	8	9	10	11	12	13	14	15	16	17	18	19	20
1	2	3	4	5	6	7	8	9	10	11	12	13	14	15	16	17	18	19	20
1	2	3	4	5	6	7	8	9	10	11	12	13	14	15	16	17	18	19	20
1	2	3	4	5	6	7	8	9	10	11	12	13	14	15	16	17	18	19	20
1	2	3	4	5	6	7	8	9	10	11	12	13	14	15	16	17	18	19	20
1	2	3	4	5	6	7	8	9	10	11	12	13	14	15	16	17	18	19	20
1	2	3	4	5	6	7	8	9	10	11	12	13	14	15	16	17	18	19	20
1	2	3	4	5	6	7	8	9	10	11	12	13	14	15	16	17	18	19	20
1	2	3	4	5	6	7	8	9	10	11	12	13	14	15	16	17	18	19	20
1	2	3	4	5	6	7	8	9	10	11	12	13	14	15	16	17	18	19	20
1	2	3	4	5	6	7	8	9	10	11	12	13	14	15	16	17	18	19	20
1	2	3	4	5	6	7	8	9	10	11	12	13	14	15	16	17	18	19	20
1	2	3	4	5	6	7	8	9	10	11	12	13	14	15	16	17	18	19	20
1	2	3	4	5	6	7	8	9	10	11	12	13	14	15	16	17	18	19	20
1	2	3	4	5	6	7	8	9	10	11	12	13	14	15	16	17	18	19	20
1	2	3	4	5	6	7	8	9	10	11	12	13	14	15	16	17	18	19	20
