100	20
66.3	39.4	34.0	31.2	87.3	97.5	21.5	36.6	9.9	13.9	23.3	81.7	23.5	49.5	47.1	84.6	94.5	76.4	44.9	0.6
94.6	68.0	2.8	27.1	82.8	77.4	16.8	45.7	88.3	16.3	92.5	69.7	73.9	69.1	20.7	18.1	53.9	32.2	73.2	2.2
49.8	70.9	80.2	47.2	23.7	16.3	28.6	95.3	21.7	75.5	97.2	59.3	89.4	63.8	62.2	8.4	11.0	95.5	80.9	65.2
49.0	69.9	59.4	3.4	29.3	94.4	71.7	87.3	9.2	44.1	86.0	61.3	17.7	29.9	89.9	62.9	26.8	23.6	89.6	9.8
2.6	69.9	85.5	32.9	72.4	52.8	16.6	72.9	87.8	8.0	76.5	88.4	65.3	43.4	53.6	24.0	70.3	75.7	37.8	83.1
32.7	91.4	33.9	11.6	8.4	51.9	53.6	25.5	67.1	46.7	34.5	80.9	47.9	95.8	78.9	5.0	6.2	46.7	61.0	13.9
65.3	45.6	29.4	87.1	11.4	17.3	57.1	47.2	90.1	75.9	11.1	31.4	100.0	85.8	98.8	84.4	39.5	30.5	55.5	51.8
43.4	50.7	4.1	81.2	99.2	97.9	26.0	37.4	53.0	49.5	89.3	52.2	9.4	40.3	11.1	22.0	91.3	37.2	88.2	46.6
89.6	28.5	79.3	77.2	7.5	82.8	34.4	60.9	75.3	18.7	8.3	42.6	72.8	77.2	55.3	94.7	24.8	27.5	7.7	34.1
18.0	3.1	82.5	3.2	57.8	72.6	60.2	38.1	15.3	65.6	73.6	55.4	39.6	91.4	18.3	37.9	25.3	70.6	33.5	10.6
35.9	51.8	35.9	47.0	2.9	84.6	91.6	11.5	79.0	78.6	12.2	49.8	46.2	28.6	11.0	34.0	71.9	48.1	2.2	67.8
98.2	55.2	8.1	65.8	44.8	88.2	62.8	32.5	30.9	97.4	93.2	32.3	65.5	93.6	58.5	49.2	68.7	15.7	32.8	96.6
74.3	26.4	91.0	40.8	75.4	94.8	70.3	89.1	36.3	86.0	68.5	80.5	2.2	47.0	70.8	28.3	55.5	66.7	4.0	63.4
3.1	63.8	28.5	80.1	37.6	9.6	35.4	33.1	9.0	85.4	73.0	12.9	72.1	48.4	16.5	45.2	46.0	15.9	53.9	18.9
51.8	78.1	47.4	72.3	54.3	86.6	10.0	31.7	73.0	9.0	50.3	80.7	37.3	99.0	79.2	22.6	22.9	72.3	44.7	10.7
39.5	32.9	94.3	98.0	72.8	38.3	63.8	85.8	44.2	77.0	30.8	83.4	38.2	21.1	60.6	25.5	52.4	87.6	31.4	81.9
31.9	88.4	60.8	78.5	63.5	47.7	33.4	88.2	100.0	75.2	66.6	55.2	45.9	50.6	32.2	97.1	24.0	39.8	20.3	99.0
32.4	96.7	98.6	66.6	58.9	41.5	44.2	25.8	67.8	38.5	81.2	50.9	84.5	10.3	56.9	91.6	28.5	82.4	29.6	54.6
84.8	32.1	22.9	1.5	66.1	59.8	73.5	44.6	45.2	84.9	45.7	91.4	72.9	35.5	48.9	80.2	6.5	98.4	67.7	28.1
83.0	16.4	48.0	52.6	86.7	22.7	64.7	22.2	25.9	60.3	32.3	28.2	27.8	67.0	19.9	84.4	85.1	95.7	78.0	32.1
58.0	82.7	65.4	6.5	30.9	10.6	63.9	3.1	86.5	22.3	81.6	69.6	3.6	33.4	11.3	36.9	61.4	7.4	31.5	86.7
69.9	60.6	12.3	91.3	24.2	81.0	29.0	1.8	36.3	30.1	74.2	66.6	6.8	18.4	40.8	93.3	95.1	79.2	5.4	53.3
90.2	80.0	72.2	60.6	35.7	72.5	33.5	68.3	49.4	74.8	55.4	42.7	94.8	20.4	66.5	92.1	93.6	2.0	48.6	9.8
75.1	1.2	64.9	89.3	43.7	53.3	7.8	49.7	29.8	98.1	18.2	80.0	13.5	70.1	39.3	36.1	27.3	26.8	48.6	93.5
60.0	43.3	47.8	42.8	62.4	52.8	78.6	92.4	86.1	75.5	34.3	80.3	12.3	95.2	46.8	67.3	14.4	1.2	72.4	16.8
41.1	73.9	32.2	79.2	8.7	15.5	36.2	4.9	36.5	63.0	0.6	61.2	29.3	58.4	28.3	93.0	21.9	54.2	5.0	9.0
6.6	19.8	53.5	40.4	9.0	5.5	50.1	4.7	61.2	68.5	71.7	73.1	24.2	33.9	30.6	26.7	62.8	92.7	57.1	97.6
9.6	17.5	15.6	77.7	23.2	56.7	49.6	20.6	88.0	6.9	20.8	28.6	4.7	56.9	99.6	59.6	73.2	94.1	53.6	29.6
39.6	1.6	2.0	94.8	68.8	11.4	28.9	37.3	34.4	47.0	82.4	62.5	37.6	57.8	70.2	44.3	59.9	32.5	28.4	88.3
26.9	20.5	94.9	35.2	89.0	16.9	39.0	94.6	37.6	30.1	6.7	33.2	48.3	94.2	62.0	96.8	69.5	14.4	2.2	18.6
49.3	68.0	65.3	67.0	90.6	43.3	36.1	67.1	71.4	71.8	52.3	28.9	70.0	84.4	37.1	74.4	14.6	70.4	45.3	6.0
24.1	21.8	97.7	30.5	86.7	33.3	54.5	96.3	21.3	59.7	64.0	93.2	83.6	2.9	35.4	44.1	30.3	5.3	29.9	45.0
96.3	85.2	50.9	6.2	3.6	69.5	54.4	39.9	9.3	44.0	34.5	22.7	0.2	81.9	86.6	22.9	83.3	27.0	81.8	67.0
95.2	35.7	11.9	82.4	0.6	98.8	9.4	22.9	49.8	71.8	54.0	56.3	84.9	56.2	60.5	39.6	43.7	54.1	19.6	79.3
97.3	12.7	32.0	56.7	76.9	45.9	53.4	57.7	22.0	25.4	49.0	77.7	71.5	88.0	45.4	96.7	29.2	69.6	85.4	47.0
16.9	33.5	22.5	43.9	10.9	15.9	34.3	46.4	99.8	17.8	88.4	40.4	22.8	70.0	22.5	61.9	81.2	58.7	8.8	55.2
22.9	53.9	36.0	73.9	88.5	89.8	74.2	33.4	81.5	75.1	9.2	21.4	52.0	19.2	52.4	37.7	46.7	46.4	66.5	92.6
90.1	11.3	87.7	64.9	95.5	38.6	8.2	90.8	33.9	23.0	2.5	82.4	17.8	32.1	72.1	81.3	27.7	9.5	14.7	76.7
68.3	26.5	88.5	55.7	38.9	36.4	16.3	43.1	26.9	85.8	0.8	19.4	85.5	33.2	39.7	43.3	67.1	84.0	98.3	79.6
20.2	93.3	75.7	78.5	7.9	12.7	69.6	6.4	47.9	84.8	26.2	20.3	72.6	7.6	68.2	62.3	50.0	85.9	61.7	96.3
73.3	43.5	20.3	18.4	64.3	84.0	79.3	14.7	70.3	0.7	53.8	90.5	37.0	17.5	83.0	63.9	86.4	2.7	70.3	75.4
65.3	12.4	85.0	99.8	21.5	60.7	98.7	20.7	82.1	83.0	31.9	95.2	46.2	62.9	32.2	98.4	12.1	57.0	70.8	67.9
28.3	26.7	75.1	47.2	21.1	76.5	29.9	52.7	22.5	9.8	78.1	18.7	48.6	94.5	20.3	99.5	64.6	12.3	18.0	22.9
8.1	53.0	51.2	20.7	76.5	90.6	67.8	28.0	70.5	2.9	80.0	92.8	21.7	65.0	50.4	56.1	76.2	5.4	31.9	65.3
72.1	28.8	60.1	84.9	50.1	72.2	10.9	65.2	72.9	30.4	85.1	64.2	50.1	93.2	43.8	37.8	92.4	84.4	26.6	76.8
19.8	43.5	19.9	69.6	66.6	17.6	32.5	82.6	34.7	73.3	48.5	71.4	35.5	27.7	48.4	50.1	80.7	97.8	31.8	60.3
48.5	66.1	20.0	55.2	57.4	28.1	26.1	97.4	70.9	92.7	80.3	57.6	61.6	47.3	35.7	6.8	10.6	44.9	67.7	88.5
84.2	41.1	45.9	48.9	3.9	16.1	80.8	17.3	46.6	96.2	3.8	42.7	55.2	67.6	38.3	70.2	58.4	66.3	33.9	68.5
84.1	85.8	80.4	25.3	69.4	47.9	83.0	29.0	38.9	95.4	49.8	37.0	43.0	44.9	22.7	16.5	44.1	83.6	73.7	52.5
87.9	37.5	95.3	87.2	40.4	34.2	44.4	71.2	35.9	91.9	82.7	65.9	48.7	63.4	34.4	75.6	74.1	97.0	72.8	87.3
69.0	52.6	17.3	59.8	49.7	44.7	44.3	7.7	73.0	13.3	90.3	26.3	66.0	92.9	31.4	45.7	93.5	71.2	48.4	29.7
7.5	15.5	94.2	29.0	25.6	69.1	97.8	94.7	52.8	40.0	79.6	47.1	64.3	46.1	30.0	24.3	22.4	64.3	4.6	7.7
81.5	32.9	74.2	3.7	18.2	92.1	27.0	2.3	60.7	54.8	36.8	36.4	27.4	4.6	44.2	79.1	50.0	83.7	29.4	11.6
0.0	39.8	46.5	69.7	72.9	50.9	85.3	17.1	7.3	42.0	31.8	16.0	29.4	31.7	49.0	93.3	37.2	34.6	77.2	71.9
80.7	63.0	2.9	29.4	33.2	72.3	36.2	68.0	8.5	72.7	51.6	62.7	5.3	45.0	69.7	59.2	6.8	54.3	88.5	92.4
25.2	86.4	57.9	64.8	44.1	67.8	57.9	10.8	31.9	33.2	77.2	97.6	83.9	87.7	46.1	89.6	62.9	67.5	19.0	60.6
13.4	6.6	100.0	76.4	82.4	37.8	21.5	95.7	27.6	17.4	39.5	38.4	43.3	79.2	39.9	21.5	11.2	28.7	59.0	88.4
72.6	39.2	64.6	22.6	65.8	85.0	20.5	46.1	12.5	51.4	63.0	47.9	41.8	60.9	26.5	80.2	97.3	86.5	91.6	34.5
46.6	74.1	75.8	77.3	58.5	82.1	60.8	68.0	99.4	92.6	65.6	27.4	60.4	12.8	76.3	22.1	29.6	18.6	81.2	55.0
30.9	52.2	42.2	92.1	14.4	48.2	50.8	22.1	44.3	47.7	61.7	73.2	64.2	17.0	23.4	80.3	49.4	71.1	87.6	0.0
68.4	85.1	32.3	37.5	64.6	59.7	77.7	12.2	54.7	68.2	58.7	54.0	60.0	73.6	83.1	89.3	25.7	19.6	94.8	58.5
39.1	48.9	80.1	39.6	9.2	85.7	50.6	64.7	8.8	89.6	79.5	5.5	94.4	35.1	41.5	29.5	38.5	75.6	1.9	73.9
64.6	6.0	45.6	19.5	73.5	4.1	32.8	23.4	4.5	87.6	77.4	79.4	39.9	19.7	84.7	28.9	31.6	60.9	66.5	77.7
50.4	62.6	58.4	49.6	79.3	29.4	17.4	56.5	38.8	87.2	65.8	85.2	25.0	49.9	39.2	69.3	72.2	0.6	41.1	14.1
67.8	84.1	14.6	86.6	66.4	18.3	50.2	53.8	38.9	5.1	37.1	85.0	49.0	47.3	14.6	57.7	81.1	32.0	74.3	61.6
47.8	56.3	6.7	29.0	22.9	99.9	77.0	52.6	51.6	92.3	77.8	13.0	73.2	40.3	28.8	23.8	37.6	59.8	64.8	9.4
48.4	8.2	37.5	96.7	7.0	15.9	72.3	17.6	64.0	17.8	0.8	51.6	62.6	66.1	46.3	50.1	71.7	59.3	21.9	21.0
31.7	33.4	22.1	16.7	12.0	77.8	98.3	99.1	19.5	81.0	35.5	24.1	38.1	90.2	11.2	81.9	78.0	48.3	36.8	57.8
73.9	54.8	17.6	53.1	50.3	80.2	1.5	63.0	71.7	96.9	83.1	94.5	50.7	30.9	97.0	91.3	69.3	67.0	99.6	19.2
37.2	7.3	83.3	50.5	21.5	73.3	6.8	64.5	92.2	42.7	47.3	61.8	6.1	53.3	89.3	17.2	5.5	77.8	48.3	42.4
13.8	94.2	6.4	87.6	24.3	85.7	46.0	80.0	67.9	60.9	58.7	25.8	55.9	78.8	55.0	26.9	69.2	34.3	37.0	70.7
33.3	73.3	15.6	50.1	45.0	8.0	21.5	80.8	1.6	45.4	54.0	85.0	67.3	86.8	3.5	53.5	74.5	6.9	79.9	17.8
60.2	29.4	19.2	65.1	14.9	91.9	0.1	74.5	67.4	75.0	14.1	93.1	26.5	69.6	99.5	34.9	11.2	98.7	67.7	98.6
64.3	0.3	0.6	48.3	39.1	22.1	69.1	65.4	91.8	87.3	99.1	59.3	96.7	96.9	91.4	91.6	88.5	74.9	95.4	25.3
11.2	57.1	96.0	66.8	4.4	47.4	7.9	78.7	98.7	34.5	80.0	93.9	38.2	93.0	46.2	7.2	45.6	69.3	25.3	18.6
77.6	59.0	80.1	59.9	29.2	9.2	92.6	35.9	43.2	56.1	94.5	41.3	6.7	93.7	6.9	74.1	78.1	55.7	40.6	84.8
55.0	25.0	66.8	1.0	44.1	78.9	98.3	58.3	27.8	30.0	76.4	98.9	46.5	54.2	62.7	45.0	61.1	33.2	23.1	18.6
48.2	74.8	21.8	96.0	51.3	37.8	56.0	78.5	40.4	70.6	57.0	33.6	7.6	2.7	64.8	82.7	43.1	98.1	93.0	29.8
28.0	36.4	51.4	73.5	66.2	25.2	27.5	82.4	4.0	37.6	45.3	86.4	29.6	24.0	35.6	73.6	22.0	59.1	42.2	20.4
11.0	96.9	9.1	54.5	69.9	99.7	62.1	11.1	96.0	61.4	77.9	49.1	92.6	42.5	75.5	68.2	41.2	79.0	15.2	5.5
36.2	87.5	39.7	73.4	23.4	22.6	65.4	33.8	24.1	56.2	77.0	16.3	29.2	95.6	45.1	33.4	17.8	77.1	27.7	73.0
59.3	48.4	19.2	12.6	74.9	59.4	23.9	16.9	6.0	63.9	53.9	98.1	64.1	15.0	87.1	87.5	83.5	80.3	77.0	51.5
14.3	13.3	8.4	96.7	90.1	96.7	78.5	43.3	19.4	92.4	48.6	93.2	88.2	52.0	99.2	57.1	31.1	39.2	39.4	22.3
27.8	19.5	2.1	82.5	82.3	86.2	69.6	62.7	73.4	56.1	56.0	54.9	36.1	31.5	2.2	53.0	20.7	35.4	25.3	90.5
20.8	98.2	7.0	96.0	77.4	79.9	28.9	30.4	29.1	0.9	33.0	68.9	36.2	37.4	93.1	94.2	76.0	42.3	31.4	56.9
29.5	44.8	83.9	1.8	83.9	51.0	82.6	1.7	8.8	42.3	28.5	84.5	7.6	61.8	71.3	54.2	23.2	63.0	14.1	12.6
45.8	79.1	58.1	53.5	29.0	70.8	96.2	56.2	51.2	29.0	68.2	44.4	86.7	82.9	77.4	78.8	17.8	98.8	47.0	0.6
87.1	16.5	49.1	54.9	61.1	3.8	73.3	27.8	84.5	26.0	96.3	83.1	30.9	60.7	14.5	21.0	95.7	86.1	37.6	69.7
25.9	39.9	8.8	96.4	86.3	10.6	56.0	4.6	5.4	4.1	7.0	39.0	66.8	95.1	23.6	17.5	18.0	60.3	28.5	40.3
66.1	20.7	93.6	34.8	52.3	8.9	18.4	74.6	57.8	48.4	38.8	18.2	17.8	16.1	16.6	65.2	51.7	40.1	0.5	55.4
88.9	22.4	74.8	34.7	36.0	17.5	20.5	20.2	23.4	18.3	59.3	3.0	81.2	48.3	63.2	17.2	22.9	60.7	31.3	63.3
83.8	84.7	55.1	33.5	54.6	80.7	79.3	1.6	59.1	7.1	14.5	74.0	54.6	54.6	65.7	57.6	1.3	2.1	44.3	13.2
50.5	99.4	27.9	98.7	83.3	11.4	6.0	15.8	58.2	57.8	43.2	36.8	69.9	90.3	19.2	93.1	28.1	60.1	29.9	13.4
50.3	34.3	53.1	27.4	87.1	86.7	37.5	59.5	10.6	70.3	33.5	85.5	5.7	13.1	33.8	55.0	82.0	20.1	57.7	46.5
18.2	57.6	49.4	86.1	3.2	82.9	80.2	19.1	64.2	91.9	94.2	90.0	86.1	81.4	81.6	16.2	47.0	53.9	12.8	44.4
58.1	33.3	3.3	50.6	69.2	25.7	98.7	72.9	19.0	1.0	99.5	24.5	30.7	55.7	12.1	35.9	52.7	79.0	82.3	41.0
62.3	82.3	64.9	84.1	73.3	95.9	68.5	87.1	94.8	52.9	86.6	57.6	41.1	5.9	57.9	52.4	51.8	39.7	31.2	80.0
44.4	92.4	41.5	17.5	78.1	65.7	65.5	56.4	69.7	22.2	87.9	88.4	92.4	96.8	71.0	5.3	47.6	24.2	96.8	42.6
91.1	53.6	94.8	12.5	24.2	22.0	47.6	81.5	64.1	55.0	20.6	21.9	20.9	30.0	56.3	95.1	15.9	16.5	24.1	49.4
2.6	41.1	61.2	78.3	21.8	50.8	16.1	40.5	22.5	79.7	29.4	84.4	34.3	32.4	5.4	55.2	96.1	86.1	80.3	43.4
1	2	3	4	5	6	7	8	9	10	11	12	13	14	15	16	17	18	19	20
1	2	3	4	5	6	7	8	9	10	11	12	13	14	15	16	17	18	19	20
1	2	3	4	5	6	7	8	9	10	11	12	13	14	15	16	17	18	19	20
1	2	3	4	5	6	7	8	9	10	11	12	13	14	15	16	17	18	19	20
1	2	3	4	5	6	7	8	9	10	11	12	13	14	15	16	17	18	19	20
1	2	3	4	5	6	7	8	9	10	11	12	13	14	15	16	17	18	19	20
1	2	3	4	5	6	7	8	9	10	11	12	13	14	15	16	17	18	19	20
1	2	3	4	5	6	7	8	9	10	11	12	13	14	15	16	17	18	19	20
1	2	3	4	5	6	7	8	9	10	11	12	13	14	15	16	17	18	19	20
1	2	3	4	5	6	7	8	9	10	11	12	13	14	15	16	17	18	19	20
1	2	3	4	5	6	7	8	9	10	11	12	13	14	15	16	17	18	19	20
1	2	3	4	5	6	7	8	9	10	11	12	13	14	15	16	17	18	19	20
1	2	3	4	5	6	7	8	9	10	11	12	13	14	15	16	17	18	19	20
1	2	3	4	5	6	7	8	9	10	11	12	13	14	15	16	17	18	19	20
1	2	3	4	5	6	7	8	9	10	11	12	13	14	15	16	17	18	19	20
1	2	3	4	5	6	7	8	9	10	11	12	13	14	15	16	17	18	19	20
1	2	3	4	5	6	7	8	9	10	11	12	13	14	15	16	17	18	19	20
1	2	3	4	5	6	7	8	9	10	11	12	13	14	15	16	17	18	19	20
1	2	3	4	5	6	7	8	9	10	11	12	13	14	15	16	17	18	19	20
1	2	3	4	5	6	7	8	9	10	11	12	13	14	15	16	17	18	19	20
1	2	3	4	5	6	7	8	9	10	11	12	13	14	15	16	17	18	19	20
1	2	3	4	5	6	7	8	9	10	11	12	13	14	15	16	17	18	19	20
1	2	3	4	5	6	7	8	9	10	11	12	13	14	15	16	17	18	19	20
1	2	3	4	5	6	7	8	9	10	11	12	13	14	15	16	17	18	19	20
1	2	3	4	5	6	7	8	9	10	11	12	13	14	15	16	17	18	19	20
1	2	3	4	5	6	7	8	9	10	11	12	13	14	15	16	17	18	19	20
1	2	3	4	5	6	7	8	9	10	11	12	13	14	15	16	17	18	19	20
1	2	3	4	5	6	7	8	9	10	11	12	13	14	15	16	17	18	19	20
1	2	3	4	5	6	7	8	9	10	11	12	13	14	15	16	17	18	19	20
1	2	3	4	5	6	7	8	9	10	11	12	13	14	15	16	17	18	19	20
1	2	3	4	5	6	7	8	9	10	11	12	13	14	15	16	17	18	19	20
1	2	3	4	5	6	7	8	9	10	11	12	13	14	15	16	17	18	19	20
1	2	3	4	5	6	7	8	9	10	11	12	13	14	15	16	17	18	19	20
1	2	3	4	5	6	7	8	9	10	11	12	13	14	15	16	17	18	19	20
1	2	3	4	5	6	7	8	9	10	11	12	13	14	15	16	17	18	19	20
1	2	3	4	5	6	7	8	9	10	11	12	13	14	15	16	17	18	19	20
1	2	3	4	5	6	7	8	9	10	11	12	13	14	15	16	17	18	19	20
1	2	3	4	5	6	7	8	9	10	11	12	13	14	15	16	17	18	19	20
1	2	3	4	5	6	7	8	9	10	11	12	13	14	15	16	17	18	19	20
1	2	3	4	5	6	7	8	9	10	11	12	13	14	15	16	17	18	19	20
1	2	3	4	5	6	7	8	9	10	11	12	13	14	15	16	17	18	19	20
1	2	3	4	5	6	7	8	9	10	11	12	13	14	15	16	17	18	19	20
1	2	3	4	5	6	7	8	9	10	11	12	13	14	15	16	17	18	19	20
1	2	3	4	5	6	7	8	9	10	11	12	13	14	15	16	17	18	19	20
1	2	3	4	5	6	7	8	9	10	11	12	13	14	15	16	17	18	19	20
1	2	3	4	5	6	7	8	9	10	11	12	13	14	15	16	17	18	19	20
1	2	3	4	5	6	7	8	9	10	11	12	13	14	15	16	17	18	19	20
1	2	3	4	5	6	7	8	9	10	11	12	13	14	15	16	17	18	19	20
1	2	3	4	5	6	7	8	9	10	11	12	13	14	15	16	17	18	19	20
1	2	3	4	5	6	7	8	9	10	11	12	13	14	15	16	17	18	19	20
1	2	3	4	5	6	7	8	9	10	11	12	13	14	15	16	17	18	19	20
1	2	3	4	5	6	7	8	9	10	11	12	13	14	15	16	17	18	19	20
1	2	3	4	5	6	7	8	9	10	11	12	13	14	15	16	17	18	19	20
1	2	3	4	5	6	7	8	9	10	11	12	13	14	15	16	17	18	19	20
1	2	3	4	5	6	7	8	9	10	11	12	13	14	15	16	17	18	19	20
1	2	3	4	5	6	7	8	9	10	11	12	13	14	15	16	17	18	19	20
1	2	3	4	5	6	7	8	9	10	11	12	13	14	15	16	17	18	19	20
1	2	3	4	5	6	7	8	9	10	11	12	13	14	15	16	17	18	19	20
1	2	3	4	5	6	7	8	9	10	11	12	13	14	15	16	17	18	19	20
1	2	3	4	5	6	7	8	9	10	11	12	13	14	15	16	17	18	19	20
1	2	3	4	5	6	7	8	9	10	11	12	13	14	15	16	17	18	19	20
1	2	3	4	5	6	7	8	9	10	11	12	13	14	15	16	17	18	19	20
1	2	3	4	5	6	7	8	9	10	11	12	13	14	15	16	17	18	19	20
1	2	3	4	5	6	7	8	9	10	11	12	13	14	15	16	17	18	19	20
1	2	3	4	5	6	7	8	9	10	11	12	13	14	15	16	17	18	19	20
1	2	3	4	5	6	7	8	9	10	11	12	13	14	15	16	17	18	19	20
1	2	3	4	5	6	7	8	9	10	11	12	13	14	15	16	17	18	19	20
1	2	3	4	5	6	7	8	9	10	11	12	13	14	15	16	17	18	19	20
1	2	3	4	5	6	7	8	9	10	11	12	13	14	15	16	17	18	19	20
1	2	3	4	5	6	7	8	9	10	11	12	13	14	15	16	17	18	19	20
1	2	3	4	5	6	7	8	9	10	11	12	13	14	15	16	17	18	19	20
1	2	3	4	5	6	7	8	9	10	11	12	13	14	15	16	17	18	19	20
1	2	3	4	5	6	7	8	9	10	11	12	13	14	15	16	17	18	19	20
1	2	3	4	5	6	7	8	9	10	11	12	13	14	15	16	17	18	19	20
1	2	3	4	5	6	7	8	9	10	11	12	13	14	15	16	17	18	19	20
1	2	3	4	5	6	7	8	9	10	11	12	13	14	15	16	17	18	19	20
1	2	3	4	5	6	7	8	9	10	11	12	13	14	15	16	17	18	19	20
1	2	3	4	5	6	7	8	9	10	11	12	13	14	15	16	17	18	19	20
1	2	3	4	5	6	7	8	9	10	11	12	13	14	15	16	17	18	19	20
1	2	3	4	5	6	7	8	9	10	11	12	13	14	15	16	17	18	19	20
1	2	3	4	5	6	7	8	9	10	11	12	13	14	15	16	17	18	19	20
1	2	3	4	5	6	7	8	9	10	11	12	13	14	15	16	17	18	19	20
1	2	3	4	5	6	7	8	9	10	11	12	13	14	15	16	17	18	19	20
1	2	3	4	5	6	7	8	9	10	11	12	13	14	15	16	17	18	19	20
1	2	3	4	5	6	7	8	9	10	11	12	13	14	15	16	17	18	19	20
1	2	3	4	5	6	7	8	9	10	11	12	13	14	15	16	17	18	19	20
1	2	3	4	5	6	7	8	9	10	11	12	13	14	15	16	17	18	19	20
1	2	3	4	5	6	7	8	9	10	11	12	13	14	15	16	17	18	19	20
1	2	3	4	5	6	7	8	9	10	11	12	13	14	15	16	17	18	19	20
1	2	3	4	5	6	7	8	9	10	11	12	13	14	15	16	17	18	19	20
1	2	3	4	5	6	7	8	9	10	11	12	13	14	15	16	17	18	19	20
1	2	3	4	5	6	7	8	9	10	11	12	13	14	15	16	17	18	19	20
1	2	3	4	5	6	7	8	9	10	11	12	13	14	15	16	17	18	19	20
1	2	3	4	5	6	7	8	9	10	11	12	13	14	15	16	17	18	19	20
1	2	3	4	5	6	7	8	9	10	11	12	13	14	15	16	17	18	19	20
1	2	3	4	5	6	7	8	9	10	11	12	13	14	15	16	17	18	19	20
1	2	3	4	5	6	7	8	9	10	11	12	13	14	15	16	17	18	19	20
1	2	3	4	5	6	7	8	9	10	11	12	13	14	15	16	17	18	19	20
1	2	3	4	5	6	7	8	9	10	11	12	13	14	15	16	17	18	19	20
1	2	3	4	5	6	7	8	9	10	11	12	13	14	15	16	17	18	19	20
