50	15
35.6	83.6	96.8	81.7	62.9	51.3	78.6	6.0	98.5	75.3	27.2	12.2	65.8	53.3	32.9
54.4	34.3	74.5	90.0	48.4	87.5	26.2	79.9	52.9	81.3	20.6	65.1	26.6	15.4	7.9
27.3	7.1	86.2	94.6	53.3	60.6	30.1	65.8	86.9	68.2	22.4	58.2	5.1	59.0	29.3
72.4	70.4	63.1	37.9	14.9	34.4	83.3	7.3	90.0	98.5	32.5	70.6	44.3	91.2	6.5
50.0	14.0	36.2	76.5	90.5	0.1	75.0	82.8	89.6	34.6	35.0	39.1	17.4	74.5	73.7
8.8	4.7	51.7	97.2	32.8	70.2	54.2	29.4	10.3	3.2	86.7	96.9	94.8	42.3	4.8
51.6	35.6	19.5	65.0	60.8	35.1	64.4	34.0	84.0	81.1	69.1	98.3	30.8	66.7	58.2
85.6	83.5	32.5	54.8	46.5	61.4	90.6	88.9	28.1	75.5	95.7	55.4	91.6	92.3	17.3
95.2	58.1	62.1	57.4	83.0	9.3	66.6	9.6	3.5	56.1	47.1	94.4	48.1	23.9	21.5
34.6	69.1	84.6	71.7	61.5	52.7	46.1	55.9	45.4	4.6	21.2	86.8	68.1	78.6	74.5
15.3	90.8	32.7	15.7	76.6	78.2	30.5	54.3	44.1	68.0	12.1	48.9	19.2	28.3	7.3
28.6	22.2	7.1	30.6	79.9	34.6	75.1	76.9	90.4	34.6	24.0	80.7	15.6	86.9	66.0
36.0	27.3	16.7	45.3	81.5	10.3	56.4	82.4	53.4	75.6	68.0	93.2	26.8	28.4	74.4
32.7	98.2	95.5	13.5	80.5	16.8	78.9	17.1	91.6	93.2	88.9	19.3	91.6	56.8	86.0
98.1	88.6	2.1	81.5	23.0	53.6	72.5	22.6	49.3	66.7	6.5	95.4	13.4	46.0	9.3
4.4	54.7	79.6	0.8	64.5	33.4	73.8	51.4	30.4	88.7	20.7	19.0	47.6	48.0	33.3
86.4	92.1	0.9	82.5	9.7	76.9	10.2	8.5	4.5	45.0	45.0	93.6	90.9	41.3	56.5
78.5	28.9	72.4	14.1	57.9	99.1	73.3	79.2	43.5	29.0	81.5	48.5	34.5	16.3	95.2
83.1	52.5	6.2	46.8	59.7	75.0	44.8	1.8	86.9	52.8	36.7	77.5	29.4	23.5	59.6
24.2	71.8	28.8	67.5	35.8	23.8	79.7	45.6	3.3	55.9	99.9	8.8	97.7	7.8	2.3
95.0	30.0	1.9	23.1	85.4	18.3	16.2	94.3	66.8	31.4	18.6	4.6	82.1	21.8	4.5
14.8	87.3	93.3	13.0	76.1	87.2	1.9	66.4	28.4	55.9	84.9	58.5	78.6	78.7	44.5
24.2	35.1	53.4	0.0	56.2	55.4	77.1	37.3	10.5	95.9	10.7	45.9	88.7	14.5	34.7
64.2	33.0	58.6	83.9	77.5	31.8	38.8	87.0	15.6	36.3	17.9	31.6	88.4	55.7	71.6
19.9	18.0	67.3	71.8	67.9	90.7	31.5	3.2	24.5	26.3	49.0	99.3	94.2	21.8	2.7
7.8	26.9	17.4	13.5	52.9	72.1	14.1	93.3	80.6	37.9	62.7	43.4	96.3	90.0	76.3
59.3	60.5	15.6	4.5	30.9	75.0	23.9	46.5	68.5	67.7	12.3	36.7	86.7	15.0	79.4
54.8	49.2	43.3	30.8	65.9	62.5	29.9	47.2	70.9	9.2	30.9	56.6	95.4	1.7	52.0
47.7	42.0	92.6	31.3	75.7	64.2	10.4	70.4	85.0	63.3	19.7	17.1	88.3	35.8	0.4
70.7	72.9	14.3	68.0	86.8	35.2	70.6	7.6	44.3	79.5	59.7	91.6	55.0	99.2	57.8
27.6	82.5	89.8	68.7	52.7	80.2	13.1	93.7	41.5	72.7	17.9	6.4	5.0	20.8	1.9
96.3	96.8	38.4	76.5	77.1	39.7	13.1	83.0	9.9	77.5	81.8	77.4	24.5	55.3	90.2
42.0	52.1	97.1	16.4	31.0	96.8	16.2	37.5	62.7	16.7	4.2	19.0	25.3	65.4	9.6
78.7	7.1	59.7	4.8	51.3	93.5	84.8	23.3	5.3	11.3	41.2	9.9	51.7	88.0	67.6
48.7	14.2	77.6	82.1	30.3	76.0	34.3	41.6	40.8	63.0	70.0	60.7	23.8	50.0	96.0
58.8	31.4	3.7	71.2	40.0	97.7	68.0	41.4	56.3	54.9	59.5	26.2	35.8	7.7	86.6
23.4	80.8	3.3	81.1	51.8	62.3	44.5	95.6	87.8	67.8	7.9	15.5	91.5	15.0	1.3
21.1	44.9	41.9	60.6	9.0	41.9	79.7	95.4	91.7	30.0	37.3	58.4	35.9	28.9	1.1
69.2	45.4	96.2	16.8	76.9	45.0	19.4	65.4	61.9	23.8	81.0	58.7	33.0	33.7	61.7
37.1	68.7	39.0	51.5	2.2	62.2	8.4	61.3	70.3	55.9	83.6	85.6	36.2	48.2	41.4
73.1	34.5	29.2	17.2	28.6	11.7	98.4	13.6	70.5	68.8	17.0	14.0	67.0	95.1	6.8
43.3	11.6	72.1	9.9	40.9	63.1	5.7	63.4	67.5	44.4	65.9	58.7	87.8	5.5	75.2
79.9	29.4	39.9	42.4	10.5	43.4	97.3	45.3	54.3	3.5	4.4	15.3	13.3	70.0	60.3
68.7	26.4	4.6	69.7	53.9	28.6	33.1	23.3	40.6	43.2	83.2	63.4	12.2	84.9	63.4
1.0	88.9	94.1	46.4	21.4	57.6	92.3	60.3	11.7	66.1	30.2	20.8	34.4	36.4	48.3
89.7	75.6	22.3	89.9	40.4	56.5	75.6	81.2	67.6	67.7	4.4	55.3	53.0	27.5	83.6
46.2	99.5	44.2	97.3	19.5	30.3	54.8	59.0	25.1	27.0	47.6	2.6	40.8	76.7	0.2
71.9	35.8	10.9	19.9	26.4	16.6	23.8	98.7	39.3	5.2	28.6	23.2	28.2	56.1	22.0
86.3	35.8	74.2	78.8	81.4	32.6	69.6	5.9	47.9	32.5	18.6	79.2	50.0	32.2	53.7
26.0	18.1	23.1	88.3	71.1	85.3	11.3	61.4	73.5	2.2	32.3	47.0	9.2	14.2	72.0
1	2	3	4	5	6	7	8	9	10	11	12	13	14	15
1	2	3	4	5	6	7	8	9	10	11	12	13	14	15
1	2	3	4	5	6	7	8	9	10	11	12	13	14	15
1	2	3	4	5	6	7	8	9	10	11	12	13	14	15
1	2	3	4	5	6	7	8	9	10	11	12	13	14	15
1	2	3	4	5	6	7	8	9	10	11	12	13	14	15
1	2	3	4	5	6	7	8	9	10	11	12	13	14	15
1	2	3	4	5	6	7	8	9	10	11	12	13	14	15
1	2	3	4	5	6	7	8	9	10	11	12	13	14	15
1	2	3	4	5	6	7	8	9	10	11	12	13	14	15
1	2	3	4	5	6	7	8	9	10	11	12	13	14	15
1	2	3	4	5	6	7	8	9	10	11	12	13	14	15
1	2	3	4	5	6	7	8	9	10	11	12	13	14	15
1	2	3	4	5	6	7	8	9	10	11	12	13	14	15
1	2	3	4	5	6	7	8	9	10	11	12	13	14	15
1	2	3	4	5	6	7	8	9	10	11	12	13	14	15
1	2	3	4	5	6	7	8	9	10	11	12	13	14	15
1	2	3	4	5	6	7	8	9	10	11	12	13	14	15
1	2	3	4	5	6	7	8	9	10	11	12	13	14	15
1	2	3	4	5	6	7	8	9	10	11	12	13	14	15
1	2	3	4	5	6	7	8	9	10	11	12	13	14	15
1	2	3	4	5	6	7	8	9	10	11	12	13	14	15
1	2	3	4	5	6	7	8	9	10	11	12	13	14	15
1	2	3	4	5	6	7	8	9	10	11	12	13	14	15
1	2	3	4	5	6	7	8	9	10	11	12	13	14	15
1	2	3	4	5	6	7	8	9	10	11	12	13	14	15
1	2	3	4	5	6	7	8	9	10	11	12	13	14	15
1	2	3	4	5	6	7	8	9	10	11	12	13	14	15
1	2	3	4	5	6	7	8	9	10	11	12	13	14	15
1	2	3	4	5	6	7	8	9	10	11	12	13	14	15
1	2	3	4	5	6	7	8	9	10	11	12	13	14	15
1	2	3	4	5	6	7	8	9	10	11	12	13	14	15
1	2	3	4	5	6	7	8	9	10	11	12	13	14	15
1	2	3	4	5	6	7	8	9	10	11	12	13	14	15
1	2	3	4	5	6	7	8	9	10	11	12	13	14	15
1	2	3	4	5	6	7	8	9	10	11	12	13	14	15
1	2	3	4	5	6	7	8	9	10	11	12	13	14	15
1	2	3	4	5	6	7	8	9	10	11	12	13	14	15
1	2	3	4	5	6	7	8	9	10	11	12	13	14	15
1	2	3	4	5	6	7	8	9	10	11	12	13	14	15
1	2	3	4	5	6	7	8	9	10	11	12	13	14	15
1	2	3	4	5	6	7	8	9	10	11	12	13	14	15
1	2	3	4	5	6	7	8	9	10	11	12	13	14	15
1	2	3	4	5	6	7	8	9	10	11	12	13	14	15
1	2	3	4	5	6	7	8	9	10	11	12	13	14	15
1	2	3	4	5	6	7	8	9	10	11	12	13	14	15
1	2	3	4	5	6	7	8	9	10	11	12	13	14	15
1	2	3	4	5	6	7	8	9	10	11	12	13	14	15
1	2	3	4	5	6	7	8	9	10	11	12	13	14	15
1	2	3	4	5	6	7	8	9	10	11	12	13	14	15
