50	15
44.5	73.1	24.7	33.8	87.8	54.1	34.5	61.2	96.4	37.0	99.6	54.4	55.3	33.4	79.0
41.3	41.5	4.6	51.8	74.0	43.0	3.9	28.7	13.2	97.0	91.5	36.5	86.8	50.4	48.8
35.8	15.0	78.4	2.2	61.0	13.7	52.6	16.4	58.9	72.3	40.2	8.8	16.6	23.5	21.5
57.7	47.0	54.5	2.9	66.1	14.0	35.0	29.5	51.2	41.4	53.9	40.9	91.2	81.4	84.1
1.3	85.7	56.0	39.6	87.6	76.5	71.8	60.2	37.9	40.8	19.2	92.0	26.5	53.2	93.4
96.1	48.7	90.0	3.6	51.0	16.2	2.0	84.3	91.1	78.7	5.0	27.2	94.5	57.5	71.2
10.8	69.3	93.4	39.9	48.9	24.4	74.0	32.2	13.5	68.5	60.7	42.9	94.1	58.3	33.7
3.7	59.3	7.0	81.3	62.5	69.1	67.2	55.8	14.2	8.4	39.3	64.1	72.1	7.4	73.8
42.0	22.1	4.3	34.9	80.8	53.1	34.4	25.7	46.5	90.6	23.3	75.1	48.4	1.9	18.8
31.9	13.7	33.5	9.3	98.4	60.7	58.3	44.8	99.7	97.7	29.1	56.2	82.7	69.4	16.3
92.8	37.6	70.7	58.1	60.3	37.8	62.3	33.2	68.9	14.7	88.1	43.8	2.0	64.4	27.4
71.5	84.3	25.9	16.5	97.6	55.9	56.7	3.7	82.9	27.3	17.8	1.4	23.3	49.4	53.7
32.8	81.2	5.3	5.7	88.5	44.8	20.1	75.3	48.6	66.6	57.5	69.7	28.4	51.2	15.6
2.4	39.4	1.7	79.8	99.5	16.0	41.7	47.2	49.7	86.9	49.6	94.9	85.3	36.4	63.5
67.0	96.4	88.8	28.8	33.9	59.1	14.0	73.0	61.9	91.4	58.2	44.9	78.5	86.6	96.3
91.1	64.0	61.2	49.4	80.0	8.9	99.1	63.9	50.9	18.9	16.7	18.1	87.1	36.7	17.6
95.9	16.0	56.5	17.4	56.3	34.8	48.7	10.9	74.5	28.4	6.3	3.2	73.4	56.6	7.5
37.9	54.5	46.3	20.9	29.4	83.8	12.1	10.2	76.5	86.9	34.6	30.8	51.9	6.4	72.0
98.0	66.3	71.6	24.7	25.7	12.5	75.8	29.9	28.9	81.8	55.1	15.2	41.5	3.9	71.4
22.6	11.6	70.4	19.8	90.5	83.0	77.5	18.2	12.9	24.7	96.7	59.2	97.4	9.0	48.7
78.4	67.3	46.4	25.0	49.0	37.3	27.3	60.7	42.8	58.4	18.6	57.6	3.3	2.2	14.3
88.9	15.7	60.7	79.9	80.2	55.9	88.2	71.9	94.2	30.3	32.0	73.2	21.5	66.4	11.3
86.5	51.3	37.0	60.7	16.5	7.9	36.4	95.6	55.1	70.5	13.6	77.6	78.9	14.9	2.6
44.9	28.6	72.2	22.5	65.8	24.8	15.1	46.2	45.1	0.7	9.5	59.1	87.9	45.3	25.5
95.9	85.0	32.2	50.5	2.1	51.4	34.0	12.8	28.4	98.3	8.9	87.9	62.4	62.7	91.4
70.8	72.9	50.1	17.7	87.5	77.3	31.5	6.5	7.1	14.5	95.9	34.8	29.4	15.6	89.9
13.7	61.4	98.1	51.5	59.7	2.7	42.3	59.5	2.4	4.9	77.7	72.1	16.7	47.6	94.4
85.9	57.6	42.6	34.3	49.9	51.1	80.0	46.4	41.7	76.2	63.5	65.5	78.9	38.9	82.1
91.2	30.8	94.2	40.2	59.1	55.3	9.4	6.3	11.8	4.7	85.8	72.1	90.4	30.7	11.8
4.6	24.0	56.5	21.7	10.6	82.4	5.4	97.2	90.3	9.4	46.5	40.0	69.7	61.0	5.3
52.0	30.9	34.0	77.6	26.9	18.9	70.9	53.8	73.6	82.8	75.8	89.2	91.1	65.0	74.1
65.5	70.1	77.3	95.3	85.3	86.7	58.7	71.8	85.5	70.5	92.3	12.9	76.4	63.4	37.8
60.8	84.0	11.8	67.5	82.3	30.8	27.5	69.4	86.4	58.4	58.4	13.1	5.0	67.2	80.1
50.1	78.5	33.8	68.8	5.7	28.6	30.4	62.0	11.3	82.2	16.6	20.1	42.8	31.6	97.0
93.8	21.9	47.6	4.7	65.8	18.7	0.5	64.0	49.6	7.3	18.3	43.7	37.1	51.8	6.4
0.9	97.5	51.6	17.0	15.1	26.7	84.4	67.6	66.2	35.3	49.2	85.4	75.6	4.6	76.0
74.4	96.7	73.6	93.6	36.3	90.2	56.2	52.4	79.3	45.2	61.7	59.9	96.0	25.9	94.6
27.1	29.5	10.7	13.7	47.9	69.4	97.2	57.7	80.1	5.8	57.0	54.5	24.7	18.7	81.7
96.4	55.7	92.1	58.0	30.9	8.6	87.0	50.1	46.2	28.0	44.8	94.3	28.2	19.5	38.9
64.4	75.4	61.3	24.2	20.6	54.2	80.9	32.1	32.2	71.4	94.2	26.2	9.3	69.1	55.1
29.8	30.2	14.4	37.4	10.4	73.0	47.2	82.8	29.7	80.0	46.3	64.0	25.4	56.4	2.7
26.1	72.3	55.6	75.1	16.9	28.8	36.6	91.6	84.1	12.8	55.3	93.5	98.5	55.4	44.2
68.7	91.5	14.7	46.9	65.9	1.8	40.4	44.9	23.3	22.4	76.5	16.5	44.3	11.0	35.7
36.4	32.7	7.2	35.9	18.0	77.2	77.3	50.6	19.4	58.5	48.5	2.2	41.9	35.9	38.6
22.7	78.1	26.1	65.3	37.0	64.0	35.5	34.5	17.4	11.3	58.3	28.7	38.6	35.2	60.0
17.5	16.8	39.4	86.5	0.3	16.7	87.4	14.8	70.6	34.4	5.6	29.3	77.7	63.5	24.8
0.6	6.4	84.8	3.5	16.4	94.8	7.4	84.2	35.0	59.6	65.2	73.7	42.1	23.8	6.4
39.1	93.0	19.4	10.7	22.3	98.9	83.7	23.1	69.9	53.2	64.5	55.8	22.3	74.6	50.1
20.1	95.0	86.0	5.8	30.0	89.8	18.0	95.5	25.8	54.9	22.2	63.9	36.2	35.8	43.6
70.1	0.8	94.3	88.7	4.3	15.0	94.5	36.8	86.5	15.4	76.5	6.5	77.9	18.2	61.0
1	2	3	4	5	6	7	8	9	10	11	12	13	14	15
1	2	3	4	5	6	7	8	9	10	11	12	13	14	15
1	2	3	4	5	6	7	8	9	10	11	12	13	14	15
1	2	3	4	5	6	7	8	9	10	11	12	13	14	15
1	2	3	4	5	6	7	8	9	10	11	12	13	14	15
1	2	3	4	5	6	7	8	9	10	11	12	13	14	15
1	2	3	4	5	6	7	8	9	10	11	12	13	14	15
1	2	3	4	5	6	7	8	9	10	11	12	13	14	15
1	2	3	4	5	6	7	8	9	10	11	12	13	14	15
1	2	3	4	5	6	7	8	9	10	11	12	13	14	15
1	2	3	4	5	6	7	8	9	10	11	12	13	14	15
1	2	3	4	5	6	7	8	9	10	11	12	13	14	15
1	2	3	4	5	6	7	8	9	10	11	12	13	14	15
1	2	3	4	5	6	7	8	9	10	11	12	13	14	15
1	2	3	4	5	6	7	8	9	10	11	12	13	14	15
1	2	3	4	5	6	7	8	9	10	11	12	13	14	15
1	2	3	4	5	6	7	8	9	10	11	12	13	14	15
1	2	3	4	5	6	7	8	9	10	11	12	13	14	15
1	2	3	4	5	6	7	8	9	10	11	12	13	14	15
1	2	3	4	5	6	7	8	9	10	11	12	13	14	15
1	2	3	4	5	6	7	8	9	10	11	12	13	14	15
1	2	3	4	5	6	7	8	9	10	11	12	13	14	15
1	2	3	4	5	6	7	8	9	10	11	12	13	14	15
1	2	3	4	5	6	7	8	9	10	11	12	13	14	15
1	2	3	4	5	6	7	8	9	10	11	12	13	14	15
1	2	3	4	5	6	7	8	9	10	11	12	13	14	15
1	2	3	4	5	6	7	8	9	10	11	12	13	14	15
1	2	3	4	5	6	7	8	9	10	11	12	13	14	15
1	2	3	4	5	6	7	8	9	10	11	12	13	14	15
1	2	3	4	5	6	7	8	9	10	11	12	13	14	15
1	2	3	4	5	6	7	8	9	10	11	12	13	14	15
1	2	3	4	5	6	7	8	9	10	11	12	13	14	15
1	2	3	4	5	6	7	8	9	10	11	12	13	14	15
1	2	3	4	5	6	7	8	9	10	11	12	13	14	15
1	2	3	4	5	6	7	8	9	10	11	12	13	14	15
1	2	3	4	5	6	7	8	9	10	11	12	13	14	15
1	2	3	4	5	6	7	8	9	10	11	12	13	14	15
1	2	3	4	5	6	7	8	9	10	11	12	13	14	15
1	2	3	4	5	6	7	8	9	10	11	12	13	14	15
1	2	3	4	5	6	7	8	9	10	11	12	13	14	15
1	2	3	4	5	6	7	8	9	10	11	12	13	14	15
1	2	3	4	5	6	7	8	9	10	11	12	13	14	15
1	2	3	4	5	6	7	8	9	10	11	12	13	14	15
1	2	3	4	5	6	7	8	9	10	11	12	13	14	15
1	2	3	4	5	6	7	8	9	10	11	12	13	14	15
1	2	3	4	5	6	7	8	9	10	11	12	13	14	15
1	2	3	4	5	6	7	8	9	10	11	12	13	14	15
1	2	3	4	5	6	7	8	9	10	11	12	13	14	15
1	2	3	4	5	6	7	8	9	10	11	12	13	14	15
1	2	3	4	5	6	7	8	9	10	11	12	13	14	15
