50	15
60.9	54.1	77.9	3.6	23.2	6.0	52.8	44.3	57.5	13.0	25.0	22.4	31.6	72.1	39.2
31.4	92.6	20.8	74.0	37.3	63.0	6.6	0.9	40.1	70.2	58.4	86.0	86.8	79.8	10.5
80.9	28.1	66.0	65.1	81.6	47.4	13.0	53.8	47.6	9.4	27.1	69.6	15.3	29.2	55.2
57.8	97.7	50.2	62.5	44.1	21.2	90.3	77.6	77.0	13.0	72.1	93.9	97.5	0.1	68.1
33.2	84.1	5.2	67.7	45.7	87.7	76.5	92.8	23.5	98.1	9.1	79.8	75.7	75.3	8.3
81.5	81.8	5.4	27.1	34.3	2.0	8.5	30.3	80.8	20.6	60.9	79.4	52.6	75.5	11.3
85.8	16.2	77.7	27.6	48.3	36.6	70.9	33.7	95.1	9.0	38.5	40.2	72.0	70.7	97.5
2.7	62.3	34.6	100.0	0.5	41.9	6.3	34.4	58.9	56.2	59.7	26.2	65.2	4.1	14.5
5.4	79.1	92.2	45.0	46.6	78.3	72.8	75.6	84.1	97.6	19.7	30.2	48.5	20.3	97.7
80.7	42.2	91.3	7.7	26.2	54.4	10.7	13.6	10.5	55.8	96.6	38.2	100.0	14.8	77.0
63.5	45.3	80.8	4.5	96.7	92.2	89.1	60.7	25.9	63.3	52.1	78.9	5.2	89.2	99.7
67.7	67.4	52.7	4.4	39.5	7.5	70.9	64.5	46.5	36.5	71.8	20.3	38.9	70.9	48.0
90.8	25.0	89.1	21.9	34.0	49.6	82.9	50.8	26.6	85.0	63.5	5.3	48.0	48.2	52.3
10.5	44.0	64.7	55.8	37.6	19.1	12.6	37.2	61.6	23.1	29.5	94.3	37.7	89.2	35.9
49.6	98.3	8.7	63.6	22.9	14.1	84.5	26.8	83.8	80.9	26.1	1.9	61.0	18.2	56.0
67.9	17.2	43.2	50.6	76.4	14.2	90.9	40.3	56.1	89.0	6.9	44.9	28.7	81.0	1.6
71.9	56.1	96.4	71.1	42.0	45.7	30.3	66.1	66.5	69.9	11.5	86.4	72.6	42.1	3.9
18.4	7.5	97.5	36.8	51.5	66.1	76.3	22.7	11.2	80.0	55.9	15.9	97.8	94.4	33.1
62.5	61.5	42.5	92.2	22.6	60.0	54.2	27.0	22.6	58.6	95.9	60.6	9.5	49.8	19.0
20.6	78.0	27.1	20.9	14.3	9.4	44.7	99.8	71.0	82.5	99.5	13.1	10.6	95.5	28.8
90.0	48.0	81.0	20.1	86.1	53.4	55.6	94.5	58.6	38.3	72.7	19.2	19.1	38.3	20.1
12.5	23.6	48.7	76.6	98.8	84.2	22.7	31.7	40.6	89.2	89.0	16.9	100.0	1.9	90.1
54.1	0.9	85.2	90.6	91.8	46.7	62.4	4.3	24.2	59.7	42.4	64.0	4.9	31.4	58.8
54.8	0.7	80.2	67.8	26.0	14.7	60.2	61.4	99.9	38.0	41.7	89.1	76.7	7.2	17.9
9.3	84.7	15.7	25.8	19.5	34.2	24.3	49.2	66.4	39.5	91.9	41.1	16.7	71.5	46.7
45.0	35.1	16.5	26.0	95.8	5.6	26.0	38.1	74.5	26.2	5.6	39.7	9.9	7.9	4.3
70.7	33.9	70.7	3.8	75.4	98.8	69.9	33.4	66.4	77.2	66.1	45.1	7.9	4.8	85.2
86.0	79.0	6.6	55.9	52.8	94.6	19.9	55.4	42.5	15.9	12.1	8.4	93.0	13.6	66.7
36.2	93.6	91.9	34.3	62.1	16.7	62.7	3.7	80.0	24.8	68.3	77.2	18.0	40.1	45.6
28.1	26.7	31.1	99.8	54.3	13.7	48.5	18.9	52.8	7.5	6.1	60.7	92.4	61.8	98.9
11.9	9.1	57.5	30.6	65.9	87.2	41.8	63.3	24.0	55.6	16.8	3.9	4.4	3.4	60.4
43.4	5.5	10.2	38.6	90.1	56.7	62.6	28.1	92.0	86.5	88.1	44.8	65.7	6.3	90.9
4.4	50.3	49.5	24.5	68.7	35.5	45.2	92.4	5.6	81.1	69.1	28.3	97.1	83.4	3.2
22.0	84.4	36.8	36.6	2.7	66.8	55.2	2.2	73.6	28.2	89.8	64.8	17.5	70.4	94.7
24.5	47.3	71.8	61.3	87.8	55.0	86.7	33.5	18.5	55.6	48.1	48.7	33.8	87.1	57.3
3.5	76.2	60.1	50.3	90.7	36.6	83.4	25.0	85.5	34.2	29.3	13.3	41.5	38.5	38.9
20.1	42.3	20.6	1.0	38.8	57.1	48.8	71.2	68.7	30.9	65.6	5.8	38.5	72.5	21.0
35.0	31.8	65.4	76.6	2.2	88.8	95.1	61.5	87.4	12.9	3.4	53.0	9.7	17.2	96.8
75.9	38.2	47.5	29.3	60.2	45.4	25.3	25.3	12.2	48.1	39.5	35.6	87.4	61.3	83.5
63.8	38.6	17.4	48.9	77.5	94.3	86.2	85.5	91.8	47.5	38.3	30.9	75.8	60.2	52.2
29.7	30.0	61.5	43.2	11.2	4.4	51.6	43.9	69.0	72.6	34.5	44.0	82.1	98.8	11.1
16.9	91.0	9.9	33.7	92.8	21.7	95.9	19.5	30.7	51.6	24.9	39.3	42.8	93.0	0.6
46.4	53.3	88.0	4.2	65.7	19.5	69.2	49.1	69.7	73.3	41.2	92.4	62.5	63.0	61.8
58.6	64.0	33.3	28.8	20.1	61.6	97.4	37.5	73.5	92.0	92.6	46.7	81.9	85.3	11.9
60.2	39.6	0.7	94.9	45.6	98.9	44.5	39.2	40.3	66.7	44.2	57.2	29.3	46.9	74.9
97.5	21.8	34.3	5.8	33.0	83.0	18.5	59.6	10.7	24.0	14.1	91.8	34.9	35.4	25.6
57.3	77.4	38.7	51.1	58.6	32.6	72.1	58.3	54.5	75.6	59.8	34.0	89.9	35.0	73.9
52.2	54.4	73.7	86.8	87.7	4.3	34.9	36.8	82.8	8.5	53.9	11.0	22.6	47.7	96.1
88.1	3.1	20.2	60.7	95.6	54.7	38.4	38.5	5.9	44.0	60.8	26.7	34.3	62.0	54.6
89.6	82.3	78.8	59.3	35.9	55.0	69.3	22.7	95.4	11.5	12.1	99.6	94.2	40.9	5.6
1	2	3	4	5	6	7	8	9	10	11	12	13	14	15
1	2	3	4	5	6	7	8	9	10	11	12	13	14	15
1	2	3	4	5	6	7	8	9	10	11	12	13	14	15
1	2	3	4	5	6	7	8	9	10	11	12	13	14	15
1	2	3	4	5	6	7	8	9	10	11	12	13	14	15
1	2	3	4	5	6	7	8	9	10	11	12	13	14	15
1	2	3	4	5	6	7	8	9	10	11	12	13	14	15
1	2	3	4	5	6	7	8	9	10	11	12	13	14	15
1	2	3	4	5	6	7	8	9	10	11	12	13	14	15
1	2	3	4	5	6	7	8	9	10	11	12	13	14	15
1	2	3	4	5	6	7	8	9	10	11	12	13	14	15
1	2	3	4	5	6	7	8	9	10	11	12	13	14	15
1	2	3	4	5	6	7	8	9	10	11	12	13	14	15
1	2	3	4	5	6	7	8	9	10	11	12	13	14	15
1	2	3	4	5	6	7	8	9	10	11	12	13	14	15
1	2	3	4	5	6	7	8	9	10	11	12	13	14	15
1	2	3	4	5	6	7	8	9	10	11	12	13	14	15
1	2	3	4	5	6	7	8	9	10	11	12	13	14	15
1	2	3	4	5	6	7	8	9	10	11	12	13	14	15
1	2	3	4	5	6	7	8	9	10	11	12	13	14	15
1	2	3	4	5	6	7	8	9	10	11	12	13	14	15
1	2	3	4	5	6	7	8	9	10	11	12	13	14	15
1	2	3	4	5	6	7	8	9	10	11	12	13	14	15
1	2	3	4	5	6	7	8	9	10	11	12	13	14	15
1	2	3	4	5	6	7	8	9	10	11	12	13	14	15
1	2	3	4	5	6	7	8	9	10	11	12	13	14	15
1	2	3	4	5	6	7	8	9	10	11	12	13	14	15
1	2	3	4	5	6	7	8	9	10	11	12	13	14	15
1	2	3	4	5	6	7	8	9	10	11	12	13	14	15
1	2	3	4	5	6	7	8	9	10	11	12	13	14	15
1	2	3	4	5	6	7	8	9	10	11	12	13	14	15
1	2	3	4	5	6	7	8	9	10	11	12	13	14	15
1	2	3	4	5	6	7	8	9	10	11	12	13	14	15
1	2	3	4	5	6	7	8	9	10	11	12	13	14	15
1	2	3	4	5	6	7	8	9	10	11	12	13	14	15
1	2	3	4	5	6	7	8	9	10	11	12	13	14	15
1	2	3	4	5	6	7	8	9	10	11	12	13	14	15
1	2	3	4	5	6	7	8	9	10	11	12	13	14	15
1	2	3	4	5	6	7	8	9	10	11	12	13	14	15
1	2	3	4	5	6	7	8	9	10	11	12	13	14	15
1	2	3	4	5	6	7	8	9	10	11	12	13	14	15
1	2	3	4	5	6	7	8	9	10	11	12	13	14	15
1	2	3	4	5	6	7	8	9	10	11	12	13	14	15
1	2	3	4	5	6	7	8	9	10	11	12	13	14	15
1	2	3	4	5	6	7	8	9	10	11	12	13	14	15
1	2	3	4	5	6	7	8	9	10	11	12	13	14	15
1	2	3	4	5	6	7	8	9	10	11	12	13	14	15
1	2	3	4	5	6	7	8	9	10	11	12	13	14	15
1	2	3	4	5	6	7	8	9	10	11	12	13	14	15
1	2	3	4	5	6	7	8	9	10	11	12	13	14	15
