100	5
66.3	84.0	3.9	54.9	59.7
8.3	30.7	12.1	0.4	31.4
26.6	31.2	29.2	37.4	50.5
49.7	30.6	56.7	0.1	4.7
64.2	21.6	46.3	29.9	0.4
71.3	15.2	34.7	39.4	2.3
22.2	37.4	76.1	95.8	3.0
28.3	0.8	8.4	89.4	0.3
90.8	44.8	59.5	50.7	20.2
61.4	72.4	29.3	57.2	2.3
33.8	50.3	1.7	74.7	63.3
97.9	88.3	34.7	6.0	83.0
32.1	40.1	86.1	11.3	14.1
95.7	92.4	16.6	67.8	80.0
81.6	41.2	15.8	35.3	2.5
69.6	71.7	94.5	92.8	78.5
37.3	16.9	9.3	77.5	61.7
48.7	64.2	40.8	48.1	88.1
35.5	13.3	63.8	18.9	91.4
24.7	19.5	42.7	63.0	0.2
45.5	25.0	2.3	66.0	63.0
81.2	44.1	88.1	15.5	41.1
95.4	69.5	34.8	53.7	52.3
33.6	93.1	27.8	59.1	53.3
59.1	87.6	16.1	36.9	87.4
8.0	70.9	50.7	57.3	82.9
20.3	31.9	51.2	98.4	45.1
65.0	33.5	53.7	0.3	40.8
82.7	0.9	77.6	30.1	91.7
0.2	22.1	80.1	96.0	12.3
69.6	67.2	86.7	93.2	95.4
13.2	15.3	31.6	58.0	16.4
64.7	52.3	93.4	34.6	51.7
88.9	21.7	18.8	8.1	24.9
24.1	8.5	43.6	91.9	6.0
75.3	59.0	44.7	99.1	66.7
89.3	98.6	51.4	93.2	19.6
94.0	38.5	71.3	73.7	28.0
40.1	79.6	78.0	97.2	89.5
4.7	62.5	90.8	41.9	34.0
63.9	47.6	46.1	26.1	22.6
45.5	1.6	86.9	26.0	87.4
90.8	41.6	14.5	58.9	2.8
78.0	35.9	76.7	33.3	54.4
26.5	6.7	7.3	97.1	12.6
72.4	94.2	77.0	14.5	80.8
62.3	74.7	48.8	4.2	80.5
2.1	61.1	9.9	6.1	63.4
27.8	46.6	23.1	63.5	66.0
58.9	56.6	22.8	80.7	22.9
70.4	30.6	98.6	54.7	77.4
96.6	58.4	70.6	96.7	47.1
11.7	25.9	9.7	88.4	69.1
84.1	11.4	5.7	11.6	39.2
93.5	35.6	51.9	80.6	95.7
26.4	73.5	56.3	86.6	65.0
34.8	38.5	63.8	5.2	77.8
25.1	21.4	14.8	94.3	53.9
36.6	69.4	84.0	56.9	62.9
76.6	2.2	6.5	19.8	72.1
63.3	48.4	1.0	36.8	11.0
90.0	12.9	60.9	25.0	48.9
57.1	44.6	0.7	18.4	20.7
52.5	83.2	11.1	92.5	27.8
26.0	61.6	48.1	11.2	64.3
28.7	68.7	17.9	61.6	47.7
22.0	69.1	57.9	46.6	88.5
45.5	86.0	50.2	4.2	35.5
30.3	22.8	95.6	68.7	34.5
52.6	64.6	76.0	29.3	32.2
73.8	23.3	44.7	16.3	21.3
77.4	29.2	48.4	91.9	69.0
73.8	32.5	75.8	79.3	1.5
21.0	94.8	94.0	94.5	83.1
49.7	87.7	87.5	66.1	38.1
63.4	79.4	90.3	44.9	76.0
4.4	63.8	10.6	61.5	94.8
74.2	10.4	64.3	87.7	52.5
28.7	88.7	64.0	100.0	57.1
78.2	40.4	66.9	60.1	87.9
17.7	79.8	14.0	18.3	82.3
11.0	8.0	91.5	79.6	98.0
2.3	30.6	33.7	8.3	51.3
93.0	50.8	75.3	55.3	88.6
6.0	17.6	75.8	0.1	61.2
18.4	47.7	60.8	68.1	60.7
86.6	20.3	63.0	67.5	18.6
17.5	49.9	39.1	67.7	10.7
49.9	34.3	73.7	20.8	2.0
47.7	23.5	62.1	87.6	22.6
75.8	30.0	31.1	23.9	17.3
75.8	41.6	62.2	29.7	82.2
58.2	21.8	55.9	38.5	23.1
22.8	7.6	12.6	57.0	34.1
95.1	87.3	64.8	64.9	80.6
93.3	41.7	58.3	86.7	94.8
47.5	55.7	54.0	41.6	71.0
42.3	50.8	30.1	34.3	97.8
6.0	12.6	9.3	69.4	83.3
69.1	19.6	29.4	94.7	97.0
1	2	3	4	5
1	2	3	4	5
1	2	3	4	5
1	2	3	4	5
1	2	3	4	5
1	2	3	4	5
1	2	3	4	5
1	2	3	4	5
1	2	3	4	5
1	2	3	4	5
1	2	3	4	5
1	2	3	4	5
1	2	3	4	5
1	2	3	4	5
1	2	3	4	5
1	2	3	4	5
1	2	3	4	5
1	2	3	4	5
1	2	3	4	5
1	2	3	4	5
1	2	3	4	5
1	2	3	4	5
1	2	3	4	5
1	2	3	4	5
1	2	3	4	5
1	2	3	4	5
1	2	3	4	5
1	2	3	4	5
1	2	3	4	5
1	2	3	4	5
1	2	3	4	5
1	2	3	4	5
1	2	3	4	5
1	2	3	4	5
1	2	3	4	5
1	2	3	4	5
1	2	3	4	5
1	2	3	4	5
1	2	3	4	5
1	2	3	4	5
1	2	3	4	5
1	2	3	4	5
1	2	3	4	5
1	2	3	4	5
1	2	3	4	5
1	2	3	4	5
1	2	3	4	5
1	2	3	4	5
1	2	3	4	5
1	2	3	4	5
1	2	3	4	5
1	2	3	4	5
1	2	3	4	5
1	2	3	4	5
1	2	3	4	5
1	2	3	4	5
1	2	3	4	5
1	2	3	4	5
1	2	3	4	5
1	2	3	4	5
1	2	3	4	5
1	2	3	4	5
1	2	3	4	5
1	2	3	4	5
1	2	3	4	5
1	2	3	4	5
1	2	3	4	5
1	2	3	4	5
1	2	3	4	5
1	2	3	4	5
1	2	3	4	5
1	2	3	4	5
1	2	3	4	5
1	2	3	4	5
1	2	3	4	5
1	2	3	4	5
1	2	3	4	5
1	2	3	4	5
1	2	3	4	5
1	2	3	4	5
1	2	3	4	5
1	2	3	4	5
1	2	3	4	5
1	2	3	4	5
1	2	3	4	5
1	2	3	4	5
1	2	3	4	5
1	2	3	4	5
1	2	3	4	5
1	2	3	4	5
1	2	3	4	5
1	2	3	4	5
1	2	3	4	5
1	2	3	4	5
1	2	3	4	5
1	2	3	4	5
1	2	3	4	5
1	2	3	4	5
1	2	3	4	5
1	2	3	4	5
